,Reaction,SYNGAS Selec,SYNGAS Yield,CO Selectivity,CO % Yield,H2 Selectivity,H2 % Yield,CH4 Conversion,H2O+CO2 Selectivity,H2O+CO2 yield,Exit Temp,Peak Temp,Dist to peak temp,O2 Conversion,Max CH4 Conv,Dist to 50 CH4 Conv
0,[H][H] + 2 [Pt] <=> 2 [Pt],0.0003618948103980766,0.0017299958860567202,-0.004371453295944645,-0.003003416977035662,0.004755550250474885,0.006123711435552482,0.001368096124583443,0.0038981935252970124,0.005266342980913701,-0.0008815269457495246,-0.0014585447944464155,0.0,0.0,0.01931152485067241,0.0
1,O=C=O + [Pt] <=> O=C=O.[Pt],5.569009936215575e-09,1.766120098912615e-08,9.356010696212897e-09,2.1448196214250778e-08,2.053798865713008e-09,1.4145998810890092e-08,1.209218325260364e-08,-4.35444099130777e-08,-3.145223165344913e-08,-6.039111885532899e-09,4.69228665704627e-10,0.0,0.0,1.0212477640238471e-08,0.0
2,[C-]#[O+] + [Pt] <=> O=C=[Pt],4.320415097151741e-05,-5.76295837620684e-05,0.0004155543632624644,0.00031472025307156045,-0.0003024240384123865,-0.0004032574246261519,-0.00010083369118219205,-0.00045100701942004913,-0.0005518402558357049,4.118225436072083e-05,-0.00014202827997057105,0.0,0.0,0.004091933092520737,0.0
3,[O][O] + 2 [Pt] <=> 2 O=[Pt],-0.0007920356612551325,-0.003747454683421317,0.009253483828139935,0.006297767916430429,-0.010116630083864028,-0.013071773522992125,-0.00295544243032723,-0.00813863747476391,-0.0110938393723487,0.0018872827686565433,0.013645609147672471,0.0,0.0,0.6819200473993837,0.0
4,O=C=[Pt] + O=[Pt] <=> O=C=O.[Pt] + [Pt],3.2540730866253724e-07,4.5524452598559874e-07,4.903112987465216e-07,6.201485111987462e-07,1.7233779067211238e-07,3.021750125164511e-07,1.2983720578718862e-07,-1.2144010569912265e-06,-1.0845638554000965e-06,-1.879462646714653e-07,4.6814455189930706e-07,0.0,0.0,-1.001803216012509e-06,0.0
5,C=[Pt] + [Pt] <=> C[Pt] + [Pt],0.0005821652979328616,0.005347888066212317,-0.016064253148446266,-0.011299323697716015,0.016033939670150984,0.020800398822889227,0.004765695024051828,0.015046346342315308,0.019812758429347894,-0.00284065693508911,-0.002728657675004743,0.0,0.0,0.0026576271519534486,0.0
6,C[Pt] + [Pt] <=> C + 2 [Pt],1.521314106922432e-06,2.983075121786792e-06,-2.4923828573324287e-06,-1.0306219005793726e-06,5.246964780472999e-06,6.708725853032866e-06,1.461760993346813e-06,3.536159647402742e-07,1.8153769562772412e-06,-1.3325914641753965e-06,-1.2691617517487122e-05,0.0,0.0,8.568954024832893e-06,0.0
7,C=[Pt] + [Pt] <=> C#[Pt] + [Pt],6.731170092488562e-05,0.0002090044444424859,-0.00041588996019013114,-0.00027419790133470707,0.0005158359926990152,0.0006575293717509501,0.00014169264813654081,0.00033911426154331446,0.0004808073901700299,-0.00010141071942432962,-0.00020642305612849512,0.0,0.0,0.004987893099522591,0.0
8,O=C=[Pt] + [Pt] <=> C~[Pt] + O=[Pt],0.023914530368613542,0.040572374107661,0.02774455211420652,0.0444030336997315,0.02035937332123018,0.037016624989354825,0.016653861046381092,-0.09457146621546475,-0.07793335496966564,-0.018114425146632567,-0.01799634847475291,0.0,0.0,0.08444945308164059,0.0
9,C#[Pt] + [Pt] <=> C~[Pt] + [Pt],1.3444280256670678e-08,7.642691410556783e-08,-1.5409871774558788e-07,-9.111608706552504e-08,1.689634279938732e-07,2.319460685387992e-07,6.298262565710526e-08,1.056629865890781e-07,1.6864561225938948e-07,-3.5960270313106793e-08,-2.857612008790709e-08,0.0,0.0,9.387829192225392e-07,0.0
10,C~[Pt] + [H][H] <=> C=[Pt],-0.0020922402792309335,-0.0030778064439976878,-0.0038153672711552593,-0.004800916453002495,-0.0004927749299945853,-0.001478356858871323,-0.0009855867856085592,0.009322344974354545,0.008336666308942916,0.001281829115969465,-4.667595290189797e-06,0.0,0.0,2.7742588025703315e-05,0.0
11,C + O=[Pt] + [Pt] <=> C[Pt] + O[Pt],4.887827226098313e-09,1.0641170733097002e-07,-3.2653488601505256e-07,-2.2501099233100046e-07,3.125257260453683e-07,4.140496296656747e-07,1.0152388113657089e-07,2.9763613389817363e-07,3.99160010743978e-07,-5.590487224096831e-08,-1.0811582199187838e-08,0.0,0.0,-1.3028626903269691e-06,0.0
12,O=C=[Pt] + O[Pt] <=> O=C=O.[Pt] + [Pt],7.323785994600162e-08,1.1473002005032268e-07,1.3861149232018712e-07,1.8010365172030852e-07,1.2555845564144136e-08,5.404801383134452e-08,4.149215724788297e-08,-3.4978093893254496e-07,-3.082887813159194e-07,-4.615118422947662e-08,5.1248090930089185e-08,0.0,0.0,-2.2407631841593078e-07,0.0
13,O[Pt] + [Pt] <=> [Pt] + O=[Pt],-0.002092089415391397,-0.003078425280211155,-0.0038101323414656734,-0.00479645126025149,-0.000497343269788038,-0.001483694864479325,-0.00098635650028823,0.009315243291849967,0.008328794910052957,0.0012821546406054948,6.8568492692144475e-09,0.0,0.0,-2.9338952344872022e-08,0.0
14,C + O[Pt] + [Pt] <=> C[Pt] + O.[Pt],-0.0020911157870077022,-0.0030786863955083225,-0.003802252703159969,-0.004789806412626091,-0.0005027800357641836,-0.0014903663305222722,-0.0009875912601785431,0.009304792060516522,0.00831710890702923,0.001282463406738972,1.0503925353974518e-06,0.0,0.0,-3.189780649012837e-05,0.0
15,O + [Pt] <=> O.[Pt],-0.0020920870357056453,-0.0030784266643054505,-0.0038101022429102922,-0.004796424925716363,-0.0004973666196917383,-0.0014837219779848987,-0.0009863602641242157,0.00931519734657252,0.00832874520103795,0.0012821541549475398,6.279309012540177e-08,0.0,0.0,-3.8543658407439154e-08,0.0
16,O.[Pt] + [Pt] <=> [Pt] + O[Pt],2.4071526302549878e-05,-0.0012515485342089515,0.0047421703255424,0.0034664900800275497,-0.004355428985849931,-0.005630993180597368,-0.001275619753459158,-0.004802716539368057,-0.006078275028426596,0.000696501988878566,0.0005507282399835538,0.0,0.0,-0.00489648707460012,0.0
17,O.[Pt] + O=[Pt] <=> 2 O[Pt],-1.1018921502220443e-07,-2.1740354986452334e-06,7.228661570242311e-06,5.164815129632018e-06,-6.922361253324772e-06,-8.986207387472252e-06,-2.063846292597803e-06,-6.9852335035023995e-06,-9.049079651138345e-06,1.1845139565234463e-06,2.5080041758741076e-07,0.0,0.0,1.3842164265059112e-05,0.0
18,[H] + [Pt] <=> [Pt],1.4570862073575437e-09,1.3309058646406236e-08,1.2737498215805448e-09,1.312570514361214e-08,1.6272777329573428e-09,1.3479253632472099e-08,1.1851963316457384e-08,-2.8785923973307463e-08,-1.6933967593510604e-08,-4.390821290571705e-09,-5.354798633235445e-09,0.0,0.0,1.992003965207285e-10,0.0
19,C + [Pt] <=> C.[Pt],0.0005638946258911338,0.0022014791147016263,-0.00494282721285454,-0.0033053329007629866,0.005675421988794287,0.007313090182736371,0.0016375752546098708,0.004158087316154803,0.005795730662565073,-0.0011011256863246075,-0.0035253314449956285,0.0,0.0,-0.0043742025277710124,0.0
20,[CH3] + [Pt] <=> C[Pt],-7.989082218864075e-09,-4.216401734337791e-09,-1.4252089500906824e-08,-1.0479413306159243e-08,-2.1755324388165874e-09,1.5971557822374166e-09,3.77268322657284e-09,1.5115828185210764e-08,1.888851595608036e-08,5.123057147397186e-10,6.07691219347998e-08,0.0,0.0,5.819205580534962e-07,0.0
21,[H][H] + [Pt] <=> [H][H].[Pt],1.1676541836459822e-06,1.8884972315527017e-06,-8.318421005636761e-07,-1.1099906764523783e-07,3.023654965320168e-06,3.7444980308941307e-06,7.208430417354332e-07,-5.207978569603959e-07,2.0004517278098106e-07,-7.968984595893914e-07,-5.512579684119491e-06,0.0,0.0,3.734912277587537e-05,0.0
22,[OH] + [Pt] <=> O[Pt],-3.207511400190992e-07,-1.400548937484448e-06,3.493820675042431e-06,2.41402281574649e-06,-3.8615670340065985e-06,-4.9413647902614225e-06,-1.0797978071688774e-06,-3.1435909480479167e-06,-4.2233887315710425e-06,7.115541961002418e-07,1.2517476602881046e-06,0.0,0.0,-1.4423088526890129e-06,0.0
23,[CH]=O + [Pt] <=> O=C[Pt],-4.773241886313812e-09,8.106703735814456e-09,-1.0617188239927861e-08,2.262763448678101e-09,6.513336497409281e-10,1.353129733271705e-08,1.2879949093634991e-08,-9.007191505096985e-09,3.872749670131614e-09,-1.6044788408665282e-09,1.884389808216014e-10,0.0,0.0,-1.7124760823495418e-10,0.0
24,O=C=O + 2 [Pt] <=> O=C=[Pt] + O=[Pt],0.008501113741504755,0.013362316699041267,0.01069161723165422,0.015552926664953011,0.006467813557448215,0.011328917680535474,0.00486078973625965,-0.032130282537835966,-0.027271054587050682,-0.005802417522062367,0.009771426704536254,0.0,0.0,-0.06467069388508652,0.0
25,O + 2 [Pt] <=> [Pt] + O[Pt],0.00010398357855460061,-0.004212466185612324,0.01608461045000576,0.011767470890827737,-0.014729780305205931,-0.019045589778071075,-0.004316445275770836,-0.016317823040980048,-0.020633563966854417,0.0023490483320942114,0.001794278566870894,0.0,0.0,-0.016924518784562092,0.0
26,CC + 2 [Pt] <=> 2 C[Pt],4.419461963607949e-06,-2.7193136112264023e-05,7.191100383855566e-05,4.029838440757368e-05,-5.822849323727821e-05,-8.984107150679016e-05,-3.16125966895953e-05,-3.9044362885260585e-05,-7.065694722747759e-05,1.4116110348784906e-05,-4.8840043309857125e-05,0.0,0.0,0.0011646662874192663,0.0
27,C=O + 2 [Pt] <=> O=C[Pt] + [Pt],-9.297735744961254e-07,3.6470015555429018e-06,-1.7361349220095816e-05,-1.2784574834072684e-05,1.4322576394192254e-05,1.889935223854422e-05,4.576775176021303e-06,1.7942284722214815e-05,2.251906071257903e-05,-2.20711300392512e-06,3.694735452731313e-06,0.0,0.0,-2.090111102061349e-05,0.0
28,C=O + 2 [Pt] <=> C=[Pt] + O=[Pt],0.00037714054923689044,0.0006307939689354493,0.0006512476498410746,0.0009049017648267019,0.0001227049728644336,0.0003763577471974712,0.00025365246307082554,-0.0018409986032828277,-0.001587350809956312,-0.00028254646757125976,-0.00016846623802693384,0.0,0.0,0.0005562184717864361,0.0
29,CO + 2 [Pt] <=> C[Pt] + O[Pt],2.9792753806959726e-05,0.00011157498316327556,-0.00018925323287976578,-0.00010747118265893877,0.0002331187229529938,0.00031490111860517383,8.178220498633997e-05,0.00010653851513029962,0.00018832080724428976,-5.626072670871183e-05,-3.8249052723923927e-05,0.0,0.0,-0.001843082050658502,0.0
30,CC=O + 2 [Pt] <=> C[Pt] + O=C[Pt],-6.563304918387912e-08,8.334330195066944e-06,-2.8050149235080068e-05,-1.965018833176865e-05,2.591055105429494e-05,3.4310516491423064e-05,8.399963252752342e-06,2.685796443735601e-05,3.525792994865011e-05,-4.652688420595766e-06,1.5108493973888798e-05,0.0,0.0,-0.0004460512009371541,0.0
31,C=C + 2 [Pt] <=> 2 C=[Pt],-0.0017429604067100647,-0.006071309425581465,-0.002198425277377731,-0.006526754581804614,-0.001320182351544671,-0.005648549670033315,-0.004328424461600921,0.015773258273144204,0.011444151077965372,0.0031881134059617367,-0.0016956785811112639,0.0,0.0,0.00016086703047044174,0.0
32,C.[Pt] + [Pt] <=> C[Pt] + [Pt],2.222986271660535e-07,1.3925156515081318e-06,-3.803293065365845e-06,-2.6330761036443617e-06,3.958990381491058e-06,5.129207463959713e-06,1.1702170132575838e-06,3.450910714034452e-06,4.621127768108577e-06,-7.227999965435088e-07,-1.0465231497586189e-06,0.0,0.0,1.3643957222362097e-05,0.0
33,O=C[Pt] + [Pt] <=> O=C=[Pt] + [Pt],2.376580642847383e-07,5.622693739971167e-07,-7.505020334627745e-07,-4.258907459469245e-07,1.1549020301981696e-06,1.4795133443313816e-06,3.2461130888508614e-07,4.3363942805745636e-07,7.582507406945776e-07,-2.568840800038796e-07,-6.684017557379227e-07,0.0,0.0,3.5535655917608215e-06,0.0
34,C[Pt] + [H][H].[Pt] <=> C.[Pt] + [Pt],2.3235751584996853e-08,9.005094400414305e-08,-1.3696448375277415e-07,-7.014931059433654e-08,1.7193909613151382e-07,2.387542940009738e-07,6.681518677833525e-08,6.571675554574088e-08,1.3253193958239918e-07,-4.1354465883162e-08,-4.6393129142863206e-08,0.0,0.0,4.4311113078461464e-07,0.0
35,C#[Pt] + [H][H].[Pt] <=> C=[Pt] + [Pt],6.594201709923033e-06,1.4236525177598062e-05,-1.819957462361834e-05,-1.055725305917625e-05,2.9608632074546893e-05,3.7250957300194245e-05,7.642322960658505e-06,1.0877906919208861e-05,1.852023070512892e-05,-6.478132025618851e-06,-2.7298621767342882e-05,0.0,0.0,0.0001619827701342267,0.0
36,C=[Pt] + [H][H].[Pt] <=> C[Pt] + [Pt],6.34734977378877e-09,3.362890906351288e-08,-1.4902862201286524e-08,1.2378697352247875e-08,2.6072547456757596e-08,5.33541140108211e-08,2.728155132916195e-08,-3.717998041808991e-08,-9.898428033761332e-09,-1.197376049985488e-08,-3.3071131851975e-08,0.0,0.0,1.6242717945134727e-07,0.0
37,C~[Pt] + [H][H].[Pt] <=> C#[Pt] + [Pt],-0.0020920741562438436,-0.0030774542273991463,-0.00381686874842987,-0.004802231823436229,-0.000491060883466475,-0.0014764567310117643,-0.0009854006864708548,0.009324482874443492,0.008338990304454704,0.001281690790346288,-9.201823753522052e-06,0.0,0.0,1.7044348890313793e-05,0.0
38,[H][H].[Pt] + O=[Pt] <=> [Pt] + O[Pt],4.1384282757284234e-08,6.842036669598265e-08,8.189165403511722e-08,1.0892774586377806e-07,3.7839691205411555e-09,3.0820065672858044e-08,2.7036083764874568e-08,-2.1081459884071545e-07,-1.8377852060992214e-07,-2.7462289588493055e-08,1.564488057960648e-08,0.0,0.0,7.478753793865082e-08,0.0
39,[H][H].[Pt] + O[Pt] <=> O.[Pt] + [Pt],3.111690005990597e-08,-7.281712367170364e-07,2.9199777027551957e-06,2.1606895446282326e-06,-2.650422390380209e-06,-3.4097105035847244e-06,-7.592881340678058e-07,-3.022427041305166e-06,-3.7817151540809106e-06,4.1158141805990613e-07,4.0558424360752183e-07,0.0,0.0,-1.4197568373399268e-06,0.0
40,O=C=[Pt] + [H][H].[Pt] <=> O=C[Pt] + [Pt],1.1106115415690612e-07,3.4175278859907904e-07,-6.303603152257245e-07,-3.996686769151349e-07,7.992738947240251e-07,1.0299655417581442e-06,2.3069163124445537e-07,4.7565707497358177e-07,7.063487051843365e-07,-1.6289637752420891e-07,-4.853066148412554e-07,0.0,0.0,3.1731566844594726e-06,0.0
41,C.[Pt] + O=C=[Pt] <=> C[Pt] + O=C[Pt],2.1232254827207833e-08,6.073543741391198e-08,-6.504966190489351e-08,-2.554647049904714e-08,1.0132207799489736e-07,1.40825268578115e-07,3.9503176075913365e-08,1.3597505142087758e-08,5.3100678235546075e-08,-2.5435458953527987e-08,-6.333503816672098e-08,0.0,0.0,3.604482625462928e-07,0.0
42,O=C[Pt] + C#[Pt] <=> C=[Pt] + O=C=[Pt],-0.0020921483975537398,-0.0030783875740986837,-0.0038107640372674334,-0.0047969862638041596,-0.0004968706395695213,-0.0014831255497036646,-0.0009862598105712884,0.00931607683511895,0.008329725143823682,0.0012821197514940668,-1.0235800053166525e-07,0.0,0.0,1.3347772714324676e-05,0.0
43,C=[Pt] + O=C[Pt] <=> C[Pt] + O=C=[Pt],-0.0020921003575759133,-0.003078418160618763,-0.0038102455043646844,-0.004796546360682297,-0.0004972593272127105,-0.0014835928607849567,-0.0009863384382412937,0.009315390993413148,0.008328960673884833,0.0012821483109418377,-6.651827077486727e-09,0.0,0.0,9.243663422241202e-08,0.0
44,O=C[Pt] + C~[Pt] <=> C#[Pt] + O=C=[Pt],4.1218108877752e-09,2.079971788996884e-08,6.212164667393711e-09,2.2890066998996428e-08,2.181485515030637e-09,1.88593844244923e-08,1.6677901890430115e-08,-4.765369313564408e-08,-3.097579176629546e-08,-6.667735578303787e-09,-8.144642643059588e-11,0.0,0.0,1.179901905536368e-10,0.0
45,O=C[Pt] + O=[Pt] <=> O=C=[Pt] + O[Pt],-0.0020920692414750763,-0.0030784134035877157,-0.003810041862544186,-0.0047963690791781735,-0.0004973883553672466,-0.0014837482468484046,-0.0009863647975545038,0.009315106322456948,0.008328649643973092,0.0012821510048783675,3.0516918214183414e-09,0.0,0.0,-2.561858334397381e-08,0.0
46,O=C[Pt] + O[Pt] <=> O=C=[Pt] + O.[Pt],5.824078011175178e-09,1.5590044702481474e-08,4.538917662352218e-08,5.515514454165808e-08,-3.090158594214887e-08,-2.1135600452276567e-08,9.76596607711837e-09,-9.615969248497142e-08,-8.639372467868278e-08,-2.74646200009449e-09,3.4723683291527577e-09,0.0,0.0,-1.1676321026782968e-08,0.0
47,C.[Pt] + O=[Pt] <=> C[Pt] + O[Pt],0.00011905925037093716,-0.00015820251223610507,0.0014723720617186417,0.001195106546900657,-0.0011371319407194706,-0.0014143902203886025,-0.0002772614325136367,-0.0018182872433208405,-0.0020955436344302254,0.00010890985013219387,0.00011879089949049251,0.0,0.0,-0.0006168372477298557,0.0
48,C=[Pt] + C.[Pt] <=> 2 C[Pt],4.841003085223836e-08,2.68828089614018e-07,-6.794304780733922e-07,-4.5901240334892846e-07,7.240164723207581e-07,9.44434552385523e-07,2.2041806195268312e-07,5.892098454392182e-07,8.096278990521816e-07,-1.3674268545302262e-07,-2.563170748907704e-07,0.0,0.0,1.368432869888355e-06,0.0
49,C.[Pt] + C#[Pt] <=> C=[Pt] + C[Pt],9.37952242664959e-06,3.71401707660004e-05,-8.668719455629531e-05,-5.8926572896555e-05,9.855193151155322e-05,0.00012631260459964737,2.776064572694661e-05,7.556869009159776e-05,0.00010332935679306699,-1.8569622064723667e-05,-2.8482374960788567e-05,0.0,0.0,0.0007617496328640396,0.0
50,C.[Pt] + C~[Pt] <=> C[Pt] + C#[Pt],2.7221269211714395e-09,1.3542790311018711e-08,3.799104046648269e-09,1.461977302804376e-08,1.7224399554437243e-09,1.2543130520510116e-08,1.0820667052105347e-08,-3.097106206125324e-08,-2.0150391552103338e-08,-4.427256782644883e-09,1.9286600867837694e-11,0.0,0.0,5.637636037425639e-10,0.0
51,C.[Pt] + O[Pt] <=> C[Pt] + O.[Pt],-0.002086025109350716,-0.003079933580855969,-0.003762544458051094,-0.004756436266136709,-0.0005298225670320539,-0.0015237465060765829,-0.0009939292051203254,0.009252420342757188,0.008258399175124305,0.0012840157935663356,4.079612872276141e-06,0.0,0.0,-4.237236358853673e-05,0.0
52,C#[Pt] + O[Pt] <=> C=[Pt] + O=[Pt],1.1536897073452347e-05,8.718016787488911e-05,-0.00022744451988854987,-0.00015180142985166155,0.00023336761376176036,0.0003090110523749647,7.564326207346576e-05,0.00019053864629543598,0.00026618205249083536,-4.6182160092050984e-05,9.188869671275753e-06,0.0,0.0,-0.001059599952304806,0.0
53,C=[Pt] + O[Pt] <=> C[Pt] + O=[Pt],2.1948384196809378e-08,9.203825230820926e-07,-3.149216493541938e-06,-2.2507823837405616e-06,2.965531975208888e-06,3.863966141090848e-06,8.984341406639723e-07,3.05149101421638e-06,3.949925182499419e-06,-5.03829802007801e-07,-4.350374958048878e-08,0.0,0.0,-1.2273505572679757e-05,0.0
54,C~[Pt] + O[Pt] <=> C#[Pt] + O=[Pt],8.3021455062987e-09,2.980604934773912e-08,1.3834151637675627e-08,3.533804667394038e-08,3.1671483990808444e-09,2.467104423104356e-08,2.1503898289506328e-08,-7.236154645555363e-08,-5.0857646140335774e-08,-1.0035039720025615e-08,3.4875544861860413e-10,0.0,0.0,-1.1769595067694446e-12,0.0
55,2 C=[Pt] <=> C[Pt] + C#[Pt],5.842895839841778e-08,1.4070634460143873e-07,-1.2343017893384151e-07,-4.115281055251828e-08,2.2723683581166352e-07,3.095142261292592e-07,8.22773881494045e-08,7.279959062390998e-10,8.300537823281969e-08,-6.058472546893698e-08,-3.955841501293264e-07,0.0,0.0,2.8082350930678255e-06,0.0
56,C[Pt] + C~[Pt] <=> C=[Pt] + C#[Pt],1.5924723789481202e-05,3.0689858295269394e-05,-2.7039341803442422e-05,-1.2274213629794135e-05,5.580543746971364e-05,7.057057787314781e-05,1.4765132152060569e-05,6.764345637820253e-06,2.152947878873817e-05,-1.3655735605915447e-05,-0.00010284532808472312,0.0,0.0,0.0006489507567657493,0.0
57,C=[Pt] + C~[Pt] <=> 2 C#[Pt],2.496720322963343e-09,1.6425872492143434e-08,3.0243759165778937e-09,1.695352732171895e-08,2.0069323721781843e-09,1.593610143330803e-08,1.3929142227515166e-08,-3.647641225026359e-08,-2.2547279600093107e-08,-5.254897698803246e-09,1.0643010413051356e-10,0.0,0.0,3.998719924249188e-10,0.0
58,C#[Pt] + O.[Pt] <=> C=[Pt] + O[Pt],-1.1314821829046236e-05,-6.726661830463758e-05,0.0001855424587787645,0.00012959055215883337,-0.0001940444758425576,-0.00024999617007465477,-5.5951802818833954e-05,-0.00017127736486099258,-0.0002272290718509602,3.483925267910516e-05,4.81226756323364e-05,0.0,0.0,-0.0001551873043013749,0.0
59,C=[Pt] + O.[Pt] <=> C[Pt] + O[Pt],-3.7011051859704004e-08,-9.279200797239265e-08,2.1218845231374282e-07,1.564074934393547e-07,-2.683265462140584e-07,-3.2410748358050067e-07,-5.5780957162789526e-08,-2.1255175028340164e-07,-2.6833271441507406e-07,4.579313155459287e-08,2.2675900736582826e-07,0.0,0.0,-5.544152791961833e-06,0.0
60,C~[Pt] + O.[Pt] <=> C#[Pt] + O[Pt],-0.0004090690636264907,-0.0019593299951116854,0.004983975712515914,0.0034336311744222244,-0.005415077492909622,-0.006965260817864228,-0.0015502672731501385,-0.004470480728868058,-0.006020678697623063,0.0009982020999975865,0.001553499743076054,0.0,0.0,-0.003492852976541687,0.0
61,CO + [Pt] <=> CO.[Pt],-1.0952510989765883e-06,-7.03645038803804e-07,-2.474595895844168e-06,-2.082989855572106e-06,1.851038705519911e-07,5.767099330145634e-07,3.9160605706601345e-07,3.2823067893710155e-06,3.6739128611554103e-06,1.565685174036645e-07,4.395697454049116e-06,0.0,0.0,-2.591111780634086e-05,0.0
62,CO.[Pt] + [Pt] <=> C.[Pt] + O[Pt],1.5749586729880388e-09,9.255320722607727e-09,-3.649040052699999e-10,7.3154566454011956e-09,3.3756303479131614e-09,1.1056001205301752e-08,7.68035915722787e-09,-1.6154494213906636e-08,-8.474137043914133e-09,-3.0305291457462196e-09,-2.3528564445354583e-10,0.0,0.0,-1.998477242494517e-08,0.0
63,CO.[Pt] + [Pt] <=> C[Pt] + O[Pt],6.244997698427207e-09,3.0070296212801536e-08,1.9891780382679e-09,2.5814464425691358e-08,1.0195419774938374e-08,3.402072087243736e-08,2.3825287068850728e-08,-5.856823203693366e-08,-3.474295461725357e-08,-1.0637603322248057e-08,-1.8337692847717364e-09,0.0,0.0,-2.413620284519769e-08,0.0
64,CO.[Pt] + [Pt] <=> C[Pt] + O[Pt],2.0178879236496816e-08,5.071356075656909e-08,-9.372706788330448e-10,2.959739430864407e-08,3.977963593501411e-08,7.031432412768061e-08,3.0534676000935704e-08,-7.595348046376811e-08,-4.541880916862091e-08,-2.1750651313584493e-08,-7.819346813370536e-09,0.0,0.0,-1.6194315485418835e-07,0.0
65,CO.[Pt] + [Pt] <=> C[Pt] + O.[Pt],-0.00209210028180444,-0.0030784255314664,-0.0038102402428864812,-0.004796548545742849,-0.0004972640649914075,-0.0014836050452573528,-0.0009863458850159455,0.009315396974358845,0.008328959207301033,0.0012821502372405058,6.269506048806506e-10,0.0,0.0,-4.51981874587136e-09,0.0
66,CO.[Pt] + [Pt] <=> C[Pt] + O[Pt],1.5963585067799445e-08,5.75845331544708e-08,-1.0213054443234912e-08,3.1407904930684275e-08,4.026164868634124e-08,8.188260623315468e-08,4.1620948209616556e-08,-8.382065606344846e-08,-4.2199710384701686e-08,-2.3174128032539102e-08,-7.619912837134156e-09,0.0,0.0,-1.6195757260814627e-07,0.0
67,CO.[Pt] + [Pt] <=> C[Pt] + O[Pt],7.845235013705425e-09,2.808105091526342e-08,5.419642546606236e-09,2.56554672482912e-08,1.0096765246781538e-08,3.033259291711218e-08,2.023580822638943e-08,-5.706326736301476e-08,-3.682746892125824e-08,-1.0350597830461395e-08,-2.0870714811178154e-09,0.0,0.0,-2.4047930882189985e-08,0.0
68,CO + 2 [Pt] <=> OC[Pt] + [Pt],-5.774470357915692e-06,-3.6831776613770863e-06,-1.3107304271377403e-05,-1.1016011729529578e-05,1.0321166268248123e-06,3.1234094669526883e-06,2.0912928189472037e-06,1.730190466924697e-05,1.9393197841238924e-05,7.860193444793079e-07,2.3314174608251256e-05,0.0,0.0,-0.00019027002677263473,0.0
69,C=O + [Pt] <=> OC[Pt],8.2829641601856e-09,3.115793315381117e-08,1.3746627696879781e-08,3.6621600203426067e-08,3.211429840731488e-09,2.6086403082761143e-08,2.2874960405651436e-08,-7.496341166574446e-08,-5.208844790842306e-08,-1.0365796172538637e-08,2.6362588015962532e-11,0.0,0.0,-5.4434377188086815e-11,0.0
70,OC[Pt] + [Pt] <=> C=[Pt] + O[Pt],3.5250879758656148e-09,1.508273369126083e-08,4.9293103208412865e-09,1.6486943828433807e-08,2.2216656724419565e-09,1.3779314046011246e-08,1.1557633539726458e-08,-3.496204506867115e-08,-2.3404415912428393e-08,-5.115660620919594e-09,-1.4799699273654946e-10,0.0,0.0,5.852431147411063e-10,0.0
71,C=[Pt] + O.[Pt] <=> OC[Pt] + [Pt],1.3079870774452656e-07,3.601266655485485e-07,-1.4526305742953252e-07,8.406491092584851e-08,3.870486954383107e-07,6.163766671401604e-07,2.2932795628528027e-07,-3.7335468079317994e-07,-1.440267339404396e-07,-1.7649709014674854e-07,-1.8298266898812556e-08,0.0,0.0,1.9743495726057432e-10,0.0
72,OC[Pt] + [Pt] <=> CO.[Pt] + [Pt],-3.7254692080526383e-06,-2.2407723930946114e-06,-8.927026888560634e-06,-7.442330151629955e-06,1.1027943688244387e-06,2.587491259964726e-06,1.4846968724989842e-06,1.1616238446904252e-05,1.3100935487569008e-05,4.327808356385771e-07,1.4982789751657518e-05,0.0,0.0,-0.00010556746976044895,0.0
73,CO.[Pt] + [Pt] <=> OC[Pt] + [H][H].[Pt],1.4225752531814763e-08,4.514418418864041e-08,2.4036950101309865e-08,5.49553869036481e-08,5.118688577760034e-09,3.6037139150304814e-08,3.0918432300203834e-08,-1.116276979925561e-07,-8.070926231841576e-08,-1.5509097511582712e-08,4.2497653069366163e-10,0.0,0.0,-3.302254136118369e-09,0.0
74,CO.[Pt] + O=C=[Pt] <=> OC[Pt] + O=C[Pt],1.909833007212558e-09,1.309031602139871e-08,2.457137232815187e-09,1.3637616779577154e-08,1.4018065248669764e-09,1.2582292757634738e-08,1.1180483758531315e-08,-2.921700723398541e-08,-1.8036530593088083e-08,-4.1816921035888365e-09,2.1500114796225463e-10,0.0,0.0,-6.905809905969716e-10,0.0
75,CO.[Pt] + O=[Pt] <=> OC[Pt] + O[Pt],5.254502891546632e-10,1.6027227821798997e-08,-9.277216388184207e-09,6.22454772230496e-09,9.624645290165022e-09,2.512642660818689e-08,1.5501768198127823e-08,-2.0224617928858875e-08,-4.72285501303728e-09,-6.211238175671706e-09,1.824536028721273e-08,0.0,0.0,4.922591943480465e-07,0.0
76,C=[Pt] + CO.[Pt] <=> OC[Pt] + C[Pt],-6.698517939657749e-10,1.2335912454719523e-08,-2.3801638297808717e-09,1.0625596566301826e-08,9.177431314201857e-10,1.3923518465439967e-08,1.3005762062539178e-08,-2.3906961567662116e-08,-1.090119712158666e-08,-3.4316843187610316e-09,1.6962411243030538e-10,0.0,0.0,1.3240794451156252e-11,0.0
77,C=[Pt] + CO.[Pt] <=> OC[Pt] + C[Pt],9.522236385504816e-09,3.2932481020680837e-08,1.6395200956236044e-08,3.9805448945260164e-08,3.14252826551084e-09,2.6552789724881636e-08,2.3410247388598032e-08,-8.028631094742671e-08,-5.68760642637936e-08,-1.0946129666416097e-08,1.7797014855373467e-10,0.0,0.0,-3.736846433992987e-11,0.0
78,C[Pt] + CO.[Pt] <=> OC[Pt] + C.[Pt],4.669175349236495e-09,1.650632318287863e-08,7.990104337306699e-09,1.9827244398117583e-08,1.5865880220496225e-09,1.3423746825307862e-08,1.1837145633689742e-08,-4.024434101197291e-08,-2.8407195217061457e-08,-5.508851862685931e-09,-6.350244876522289e-12,0.0,0.0,2.227395866561174e-10,0.0
79,CO.[Pt] + C#[Pt] <=> C=[Pt] + OC[Pt],2.8477080191780324e-09,1.3367336300950905e-08,5.0273446323767284e-09,1.554697762046154e-08,8.245072697128807e-10,1.1344151120277377e-08,1.0519629563370337e-08,-3.150374170634376e-08,-2.098411167929476e-08,-4.2455454047693616e-09,1.668408908187096e-09,0.0,0.0,-1.6927031626358153e-08,0.0
80,CO.[Pt] + C~[Pt] <=> OC[Pt] + C#[Pt],7.3365297303309474e-09,2.2975596033383157e-08,1.2255159227405515e-08,2.7894224215249998e-08,2.7708897727577686e-09,1.840995729663073e-08,1.5639059450073482e-08,-5.7245999993419224e-08,-4.1606938522920115e-08,-8.045272775272917e-09,9.927065662115444e-10,0.0,0.0,-5.628514601248176e-09,0.0
81,CO.[Pt] + O[Pt] <=> OC[Pt] + O.[Pt],3.740800775500425e-09,1.8862623707831153e-08,5.834648217236196e-09,2.0956455601778308e-08,1.7972448943421872e-09,1.691907358513604e-08,1.512181389941373e-08,-4.3302609344329605e-08,-2.8180798001427692e-08,-5.982979342127614e-09,4.222005665047819e-11,0.0,0.0,6.090765447531875e-11,0.0
82,C=[Pt] + CO.[Pt] <=> OC[Pt] + C[Pt],3.5742272845908386e-09,2.5675368806304445e-08,4.652572928718089e-09,2.6753698409820337e-08,2.5732824412266904e-09,2.467442642424978e-08,2.2101130414559602e-08,-5.682532874810511e-08,-3.472420027053586e-08,-8.026102599799488e-09,1.471261020106264e-10,0.0,0.0,-1.0592635560925001e-11,0.0
83,C=[Pt] + CO.[Pt] <=> OC[Pt] + C[Pt],4.7780630042212715e-09,2.303093630614634e-08,8.274754632751044e-09,2.6527633015154998e-08,1.5323392168840151e-09,1.978523149489472e-08,1.8252869777733853e-08,-5.343783178563638e-08,-3.5184958038918246e-08,-7.165633264754279e-09,8.933887363427358e-11,0.0,0.0,-1.8066328428910974e-10,0.0
84,C=O + [Pt] <=> C=O.[Pt],-5.1819672003534035e-06,2.196438855780498e-05,-0.00010261530123446739,-7.546897192440111e-05,8.525898253807147e-05,0.00011240536285000723,2.7146357162419225e-05,0.00010573822108877407,0.0001328846069562413,-1.321642377924835e-05,2.073208920138991e-05,0.0,0.0,-8.573630997096907e-05,0.0
85,O=C[Pt] + [Pt] <=> C=O.[Pt] + [Pt],-0.0020932114677551373,-0.0030783815455338107,-0.0038171395528449063,-0.004802292646655806,-0.0004930025164462362,-0.001478188359332774,-0.0009851906999130077,0.009324367348167661,0.008339084785444976,0.0012819203238546499,1.459978104588784e-06,0.0,0.0,-1.4172615949136126e-05,0.0
86,C=O.[Pt] + C[Pt] <=> C.[Pt] + O=C[Pt],1.6508590533065378e-09,1.0965598676098494e-08,2.432836184544656e-09,1.1747555267133771e-08,9.250011617103838e-10,1.0239727485135202e-08,9.314727882085015e-09,-2.4599859473971278e-08,-1.528512883868395e-08,-3.40613083961516e-09,3.44455425659359e-10,0.0,0.0,-3.2072146559467365e-11,0.0
87,C=O.[Pt] + [Pt] <=> C=[Pt] + O=[Pt],5.761906215272304e-09,1.7948040516347882e-08,6.315581359868411e-09,1.8501727468850956e-08,5.247978456371217e-09,1.743412173429527e-08,1.218613458948843e-08,-3.963369450549956e-08,-2.7447559598215233e-08,-6.504910673516253e-09,-4.551764809707226e-09,0.0,0.0,3.787749932660765e-09,0.0
88,C=O.[Pt] + C#[Pt] <=> C=[Pt] + O=C[Pt],4.4836783260056525e-09,1.5169562696721537e-08,8.34397580055195e-09,1.902983519887351e-08,9.004307406766138e-10,1.1586309680745493e-08,1.0685876735885349e-08,-3.854467047690421e-08,-2.7858794886267247e-08,-5.13290567306324e-09,1.6062127955107577e-09,0.0,0.0,-1.3294346108714261e-08,0.0
89,C=O.[Pt] + C=[Pt] <=> C[Pt] + O=C[Pt],-0.002092099922051075,-0.0030784176042282984,-0.00381023840535234,-0.004796539140868032,-0.0004972650769646513,-0.0014835984895959545,-0.000986338317357915,0.009315379988112464,0.008328949789592607,0.0012821486070460702,3.383773341346877e-10,0.0,0.0,-2.1479510998542364e-11,0.0
90,C=O.[Pt] + C~[Pt] <=> O=C[Pt] + C#[Pt],3.2893559352942167e-09,1.1997727493957431e-08,5.819773030113022e-09,1.45281404442263e-08,9.405487574176404e-10,9.648927917802271e-09,8.708359390681349e-09,-2.9023745203601962e-08,-2.031539006295714e-08,-3.909682309318386e-09,8.153714421454619e-10,0.0,0.0,-1.622144440204987e-09,0.0
91,C=O.[Pt] + [Pt] <=> O=C[Pt] + [H][H].[Pt],1.29147565096049e-08,2.592833612532596e-08,2.2107420090615084e-08,3.5120994606107924e-08,4.381824509428107e-09,1.7395412613963825e-08,1.3013568451509448e-08,-6.835540909431981e-08,-5.534184559538591e-08,-9.624279194817987e-09,-6.595182893188149e-11,0.0,0.0,-1.693938970117923e-09,0.0
92,C=O.[Pt] + O=[Pt] <=> O=C[Pt] + O[Pt],6.4836688162256124e-09,2.6526554906423887e-08,1.1690250230915025e-08,3.173313435441235e-08,1.6507544781939595e-09,2.169366233130243e-08,2.004288922489266e-08,-6.489638968584e-08,-4.485350394176331e-08,-8.746970096751191e-09,2.670150965680092e-09,0.0,0.0,7.018533202730559e-08,0.0
93,C=O.[Pt] + O[Pt] <=> O=C[Pt] + O.[Pt],4.787615005209044e-09,1.7663869810287616e-08,7.823919978555277e-09,2.0700159822725703e-08,1.9692254134445185e-09,1.4845481677615154e-08,1.2876248287012049e-08,-4.266587997636986e-08,-2.9789636654086267e-08,-5.957932474384317e-09,3.791459062419608e-10,0.0,0.0,-1.2622890710102293e-10,0.0
94,C=O.[Pt] + O=C=[Pt] <=> 2 O=C[Pt],-0.002092105039448592,-0.0030784401130995445,-0.003810248242523792,-0.0047965663691869635,-0.000497265813306738,-0.0014836166177469713,-0.0009863557092552706,0.009315433342284234,0.008328985749715027,0.0012821554979338392,-1.9449892878948269e-10,0.0,0.0,-5.416956129906369e-10,0.0
95,C=O.[Pt] + OC[Pt] <=> CO.[Pt] + O=C[Pt],-0.002092099641446544,-0.0030784208776801257,-0.003810238273296561,-0.00479654256281156,-0.000497264658459665,-0.0014836016252127117,-0.0009863418714911628,0.00931538587917676,0.008328952126136597,0.0012821491751600972,1.3856234320571635e-10,0.0,0.0,-5.943645509185695e-11,0.0
96,C=O.[Pt] + [Pt] <=> OC[Pt] + [Pt],-5.798391636373199e-07,-8.574436968462529e-07,4.7762619171632635e-08,-2.298419263066128e-07,-1.162400569738669e-06,-1.4400051039869412e-06,-2.776045449932939e-07,6.84235039095685e-07,4.0663049218653007e-07,3.5510770227167077e-07,8.954452359306623e-07,0.0,0.0,-9.520101786393676e-08,0.0
97,C=O.[Pt] + [H][H].[Pt] <=> OC[Pt] + [Pt],2.5032945746553326e-09,1.739846477755135e-08,2.966722851094199e-09,1.7861885867122525e-08,2.073137042308125e-09,1.6968301488166244e-08,1.4895168406310223e-08,-3.886083419935002e-08,-2.3965670689505887e-08,-5.61765172750289e-09,-7.422529082815053e-11,0.0,0.0,1.5624137452364377e-10,0.0
98,C=O.[Pt] + O=C[Pt] <=> OC[Pt] + O=C=[Pt],4.350453049070923e-09,2.0343080910738505e-08,7.285360548453989e-09,2.3277988730830963e-08,1.6261964852942482e-09,1.761883155848553e-08,1.5992616589047364e-08,-4.716023169047527e-08,-3.116761495399488e-08,-6.397529320626504e-09,2.787213194089583e-10,0.0,0.0,-2.5275205407873823e-10,0.0
99,C=O.[Pt] + O[Pt] <=> OC[Pt] + O=[Pt],8.336473412682558e-09,3.4820378254238334e-08,1.5582983605693225e-08,4.206688741745993e-08,1.6100274828840637e-09,2.8093953217676415e-08,2.6483897395434924e-08,-8.598759953604594e-08,-5.9503705671520266e-08,-1.1431483654538837e-08,1.2797376346303519e-09,0.0,0.0,7.100008224586675e-10,0.0
100,C=O.[Pt] + C[Pt] <=> C=[Pt] + OC[Pt],1.2804270409110698e-08,2.3164696279955806e-08,7.29566874518318e-08,8.331710117503684e-08,-4.303125836129098e-08,-3.2670821214591305e-08,1.036042259720444e-08,-1.4313203836043713e-07,-1.3277161921636847e-07,-5.053408211771205e-09,3.889833427335333e-09,0.0,0.0,6.676332226137343e-08,0.0
101,C=O.[Pt] + C.[Pt] <=> OC[Pt] + C[Pt],7.47719293516034e-09,2.4477437375659723e-08,1.307508864615981e-08,3.007534470540124e-08,2.2810472969737482e-09,1.9281317072653567e-08,1.7000247929798786e-08,-6.027647164890833e-08,-4.327622822795727e-08,-8.178146813940231e-09,-9.964441389102974e-11,0.0,0.0,5.5611336694856257e-11,0.0
102,C=O.[Pt] + C=[Pt] <=> OC[Pt] + C#[Pt],6.666832624640278e-09,1.7451958696051888e-08,1.2161824457436441e-08,2.2946953818059664e-08,1.5662058821935868e-09,1.235133265505515e-08,1.0785119069738876e-08,-4.540141104783234e-08,-3.4616290174507346e-08,-6.083349193205729e-09,4.418318949516308e-10,0.0,0.0,-1.0627944346128086e-09,0.0
103,C=O.[Pt] + C#[Pt] <=> OC[Pt] + C~[Pt],-2.9526789670371335e-07,-4.2108829814467364e-07,2.9330213807902027e-08,-9.649017422774945e-08,-5.965709536601333e-07,-7.223913351788742e-07,-1.2582039942998438e-07,3.06746330403065e-07,1.809259340345961e-07,1.7632506517889027e-07,4.664757256893138e-07,0.0,0.0,-5.864344920018337e-07,0.0
104,C=O.[Pt] + O.[Pt] <=> OC[Pt] + O[Pt],-1.3085339004977642e-10,1.3406126525505262e-08,-1.7206614966340168e-09,1.1816314572798929e-08,1.3448732427447204e-09,1.4881844300267645e-08,1.353697237569019e-08,-2.6685114992885665e-08,-1.3148142104131705e-08,-3.883439838665013e-09,1.2636987304279354e-10,0.0,0.0,4.325326187377709e-11,0.0
105,2 C=O.[Pt] <=> OC[Pt] + O=C[Pt],-0.0020921040818508247,-0.003078441207970837,-0.003810246447004355,-0.004796566626110364,-0.0004972656334964945,-0.0014836184904301294,-0.0009863577617573189,0.009315433719558387,0.00832898407429615,0.0012821555018854081,-1.620219621352687e-11,0.0,0.0,-4.148782261362292e-11,0.0
106,C=O.[Pt] + CO.[Pt] <=> 2 OC[Pt],1.1847574990340706e-09,1.7852063664767693e-08,1.214570409263329e-09,1.788188255160476e-08,1.1571089933880203e-09,1.7824433303389795e-08,1.6667305440216765e-08,-3.7973594324198025e-08,-2.1306298211049023e-08,-5.221056057111251e-09,1.7731698050929237e-10,0.0,0.0,-3.619150483316042e-11,0.0
107,C.[Pt] + C~[Pt] <=> CC#[Pt] + [Pt],4.15258096383163e-09,-9.441343264474929e-07,3.4439465290837172e-06,2.4956595852384833e-06,-3.188781679192555e-06,-4.13706853284733e-06,-9.482869115864629e-07,-3.415179893644239e-06,-4.36346678137151e-06,5.300405993162855e-07,-6.980379675619595e-08,0.0,0.0,-2.81421851980834e-05,0.0
108,CC#[Pt] + [Pt] <=> C[Pt] + C~[Pt],1.1650914629923072e-08,2.8297645055310774e-08,2.0981324241666724e-08,3.762804187602847e-08,2.9901220575507386e-09,1.963685192787172e-08,1.6646719703376646e-08,-7.424593342102283e-08,-5.7599214754346176e-08,-1.0037289074653049e-08,1.6639455932167403e-10,0.0,0.0,-5.569960865786396e-10,0.0
109,CO.[Pt] + C~[Pt] <=> CC#[Pt] + O[Pt],1.6766533231804026e-09,5.426250542495966e-09,2.3280136463022392e-09,6.077614804418057e-09,1.0720508438912467e-09,4.821664344429004e-09,3.74959655400706e-09,-1.321798894284534e-08,-9.46839254484316e-09,-1.9812153442772362e-09,-1.0976851857988528e-10,0.0,0.0,3.266062631285209e-11,0.0
110,OC=[Pt] + [Pt] <=> O=C[Pt] + [Pt],5.835759554083572e-08,1.564115514547932e-07,-3.328487134149632e-08,6.476908669894932e-08,1.4342327694391612e-07,2.4147723463860317e-07,9.805395569556169e-08,-2.0952072692022133e-07,-1.1146677305335382e-07,-7.633758412298256e-08,-2.784636809025394e-09,0.0,0.0,6.480339044272562e-09,0.0
111,OC=[Pt] + [Pt] <=> C#[Pt] + O[Pt],1.1435607513180417e-05,2.0543465033892057e-05,1.35744610493275e-05,2.268231875908973e-05,9.450250593593683e-06,1.855810794257672e-05,9.107856478212856e-06,-4.887602973303485e-05,-3.9768177708673666e-05,-9.333399544313553e-06,-5.409345839670898e-06,0.0,0.0,1.7634519346029992e-05,0.0
112,C#[Pt] + O.[Pt] <=> OC=[Pt] + [Pt],0.0011785312952520808,0.003238738836129302,-0.0013459544743324688,0.0007142010575097333,0.003521845242532809,0.005582101059977121,0.002060183260975437,-0.0033123669796863947,-0.0012522519595508503,-0.001599522406709868,-0.00017254411659290352,0.0,0.0,9.157088634842256e-06,0.0
113,CO.[Pt] + C#[Pt] <=> OC=[Pt] + C[Pt],-6.856892951986737e-09,2.259081580504733e-09,5.320804894632099e-09,1.443678680282533e-08,-1.8160623321202506e-08,-9.044631943129698e-09,9.115968545136416e-09,-2.7187157253421962e-08,-1.807119632931934e-08,2.8886982174813846e-10,4.5344377129727156e-08,0.0,0.0,-5.282123648810861e-07,0.0
114,OC[Pt] + [Pt] <=> OC=[Pt] + [Pt],3.584342608713788e-08,7.223537101362079e-08,2.4956225954316136e-08,6.134817177089951e-08,4.594930966943614e-08,8.234125752430593e-08,3.639193975181221e-08,-1.349935516997599e-07,-9.860161218404817e-08,-2.9194090007054678e-08,-2.815437311032206e-08,0.0,0.0,1.632884195704258e-08,0.0
115,OC=[Pt] + [H][H].[Pt] <=> OC[Pt] + [Pt],1.841615477890972e-09,1.228119322839014e-08,2.7160003001774156e-09,1.3155569416077761e-08,1.0300064663711436e-09,1.1469583558274461e-08,1.0439570707597455e-08,-2.729447026859236e-08,-1.685489975685968e-08,-3.769654917646718e-09,1.1860443073664628e-10,0.0,0.0,2.353919013538889e-11,0.0
116,OC=[Pt] + O=C[Pt] <=> OC[Pt] + O=C=[Pt],1.5585874972060256e-09,1.721604497640174e-08,1.1982090423285693e-09,1.6855653401332493e-08,1.893103092335848e-09,1.7550556567399257e-08,1.565744783298123e-08,-3.6551244942421906e-08,-2.0893794291556445e-08,-5.268616735584971e-09,2.0172006439192804e-10,0.0,0.0,-9.974731819871043e-11,0.0
117,OC[Pt] + O=[Pt] <=> OC=[Pt] + O[Pt],2.4965630565503188e-08,4.940355562218164e-08,2.2100484584827683e-08,4.653840408942296e-08,2.762518181655924e-08,5.2063119536088114e-08,2.443791512770648e-08,-9.58046979318339e-08,-7.13667852652274e-08,-1.7477627306339474e-08,-3.079856064623557e-08,0.0,0.0,3.4095928431357424e-08,0.0
118,OC=[Pt] + C[Pt] <=> C=[Pt] + OC[Pt],1.738232147362038e-08,1.785666276538556e-08,9.539049137368145e-08,9.586483763167858e-08,-5.5027502333180405e-08,-5.4553158142024294e-08,4.743393238750059e-10,-1.6344269921220117e-07,-1.629683642851459e-07,-4.4093632679059415e-09,-1.1321652011226898e-08,0.0,0.0,2.6214301398325164e-07,0.0
119,OC=[Pt] + C.[Pt] <=> OC[Pt] + C[Pt],1.3921532257440344e-08,3.571711894952892e-08,2.3303419946737243e-08,4.5098991484722644e-08,5.2129435464601404e-09,2.7008528122362465e-08,2.179558256775288e-08,-8.971217815938026e-08,-6.791659685781594e-08,-1.2545704508905702e-08,-1.1358773728419369e-09,0.0,0.0,6.98231227390973e-10,0.0
120,OC=[Pt] + C=[Pt] <=> OC[Pt] + C#[Pt],-0.0020920959077872104,-0.003078425101316212,-0.0038102312616207106,-0.004796543508339183,-0.0004972639675672647,-0.0014836088917172619,-0.0009863498289193035,0.009315389610598905,0.008328947899347046,0.0012821495949788342,2.8538000475091164e-10,0.0,0.0,-4.734319615980091e-10,0.0
121,OC=[Pt] + C=[Pt] <=> OC[Pt] + C#[Pt],8.593681342114455e-09,2.3729932459907338e-08,1.4418608584841036e-08,2.955483815622808e-08,3.1868097071614836e-09,1.832305596879634e-08,1.513624126273286e-08,-5.915252569730577e-08,-4.401628361457323e-08,-8.290047140540948e-09,-4.622978270108226e-11,0.0,0.0,-1.0195411727390314e-09,0.0
122,OC[Pt] + C~[Pt] <=> OC=[Pt] + C#[Pt],4.1430508770161634e-08,9.852495474295319e-08,8.984238130192054e-09,6.60786864765749e-08,7.154825822162425e-08,1.2864272192851843e-07,5.709443993214096e-08,-1.6106078929387895e-07,-1.0396634885186131e-07,-4.192205303415068e-08,-1.784380708833504e-08,0.0,0.0,-4.968122621999841e-08,0.0
123,OC=[Pt] + O.[Pt] <=> OC[Pt] + O[Pt],9.41510186430457e-09,2.5168091365161303e-08,1.7137608022656247e-08,3.289060591164387e-08,2.2468077876424198e-09,1.799982186783469e-08,1.5752989360211814e-08,-6.403767427216954e-08,-4.828469344699863e-08,-8.374509393578214e-09,-2.1139239451671097e-09,0.0,0.0,5.308087375530195e-09,0.0
124,OC=[Pt] + C=O.[Pt] <=> OC[Pt] + O=C[Pt],2.608650180691863e-09,1.6146300886701036e-08,3.714525687460972e-09,1.7252170046375175e-08,1.5821511781907172e-09,1.5119811530398868e-08,1.353765182065612e-08,-3.636690414278988e-08,-2.2829252043653173e-08,-5.1059539464462614e-09,1.4202776255261852e-10,0.0,0.0,-4.825533977754723e-11,0.0
125,OC=[Pt] + CO.[Pt] <=> 2 OC[Pt],7.413770742367029e-09,2.3269384566647944e-08,1.3388552085338691e-08,2.9244166039860663e-08,1.8677869832585647e-09,1.772340444125384e-08,1.5855614462619124e-08,-5.7799996684621044e-08,-4.194437920139342e-08,-7.710422902627093e-09,1.360403888118975e-10,0.0,0.0,-5.296317780462501e-11,0.0
126,C=O.[Pt] + OC[Pt] <=> OC=[Pt] + OC[Pt],5.002103189332602e-10,1.5771927382391046e-08,-4.76528159226703e-10,1.479519294021486e-08,1.4068772035628683e-09,1.6678598029899725e-08,1.527171102391879e-08,-3.212598581279396e-08,-1.6854273083497475e-08,-4.5583880780873385e-09,-8.647219166144352e-11,0.0,0.0,-4.737262014747015e-11,0.0
127,OC=[Pt] + C=[Pt] <=> OC[Pt] + C#[Pt],7.988824405072232e-09,3.3691852958830425e-08,1.2292527946812156e-08,3.799554850975603e-08,3.994004586130792e-09,2.9697048066452977e-08,2.570302719799398e-08,-7.879848442731975e-08,-5.3095466147338466e-08,-1.1140303684794958e-08,-7.565863181456555e-12,0.0,0.0,-4.881439554326271e-10,0.0
128,OC=[Pt] + C=[Pt] <=> OC[Pt] + C#[Pt],-0.002092094139287724,-0.0030784225382407947,-0.0038102281611684546,-0.00479653961332675,-0.0004972634354194205,-0.0014836075649589258,-0.000986349034315644,0.009315382804509796,0.008328941888005746,0.0012821486748306758,1.7557519905744625e-10,0.0,0.0,-1.1442988804565926e-09,0.0
129,OC#[Pt] + [Pt] <=> O=C=[Pt] + [Pt],-5.263896594866213e-07,5.220391273982036e-07,-2.9078199083889602e-06,-1.8593911486958018e-06,1.6841352780306458e-06,2.732564093910314e-06,1.0484287872060544e-06,2.221555796149999e-06,3.2699845997914254e-06,-4.1691798151680443e-07,1.0773221277066607e-06,0.0,0.0,1.23025961865687e-05,0.0
130,OC#[Pt] + [Pt] <=> C~[Pt] + O[Pt],0.0018872585940233992,0.003603200926054834,0.0012783533673519068,0.0029942852511066352,0.0024524652303521276,0.004168417260822322,0.0017159099483651827,-0.0070561008146017516,-0.00534031194257702,-0.0016958205954193165,-0.0015714378527704334,0.0,0.0,0.0069531107448280675,0.0
131,C~[Pt] + O.[Pt] <=> OC#[Pt] + [Pt],0.00043715901600385753,0.00116215307268983,-0.0006837287214607579,4.1257208901158675e-05,0.0014776053121044277,0.00220260691193823,0.000724990887323307,-0.0007972992869564504,-7.231417998158137e-05,-0.0005674445931541087,-0.00012923990019761967,0.0,0.0,3.345829002177371e-06,0.0
132,CO.[Pt] + C~[Pt] <=> C[Pt] + OC#[Pt],-3.999666447613871e-07,-4.375873366207342e-07,-3.32199467061417e-07,-3.6982016469604437e-07,-4.6287045455290866e-07,-5.004911410514432e-07,-3.762069428828447e-08,6.942269583988163e-07,6.566062625038354e-07,1.5999977616884737e-07,1.6339246472709702e-06,0.0,0.0,-1.2613909626346012e-05,0.0
133,OC[Pt] + C~[Pt] <=> C=[Pt] + OC#[Pt],5.845798823137928e-09,1.8245068562091677e-08,1.001505780311116e-08,2.2414330707670157e-08,1.9757750400933786e-09,1.4375065532583902e-08,1.2399263464652674e-08,-4.5335886955655446e-08,-3.293662214720343e-08,-6.229293806059471e-09,1.2842009496007074e-10,0.0,0.0,-8.003324646032223e-11,0.0
134,OC=[Pt] + [Pt] <=> OC#[Pt] + [Pt],-0.0020921008077703566,-0.003078423170348569,-0.003810241603236402,-0.004796547019073569,-0.0004972638164411544,-0.0014836019095920475,-0.00098634299788081,0.009315393462082036,0.008328958582461837,0.0012821498174825621,1.6603168818587277e-10,0.0,0.0,-9.121436177463196e-12,0.0
135,OC#[Pt] + [H][H].[Pt] <=> OC=[Pt] + [Pt],8.522959796339597e-07,2.404965136028714e-06,-7.146120094126333e-07,8.38057124022743e-07,2.30675352517913e-06,3.859422706640172e-06,1.552669139598024e-06,-3.015646706380239e-06,-1.462977615217527e-06,-1.1946894289242656e-06,-5.653920567899151e-08,0.0,0.0,1.0112112418298706e-07,0.0
136,OC#[Pt] + O=C[Pt] <=> OC=[Pt] + O=C=[Pt],2.595143109886189e-06,7.402571108419965e-06,-1.0675964643125e-06,3.739831361875657e-06,5.995023142570419e-06,1.0802451304835897e-05,4.8074278620585626e-06,-1.135788177595844e-05,-6.550454469008527e-06,-3.7063678661630787e-06,-2.304059348548582e-08,0.0,0.0,2.0906625958622338e-08,0.0
137,OC#[Pt] + O[Pt] <=> OC=[Pt] + O=[Pt],-2.0603318082007498e-08,-2.556822990395461e-08,4.9714964050786356e-08,4.4750034521691766e-08,-8.587515017351513e-08,-9.084006174182556e-08,-4.96492121019528e-09,-6.531188426962599e-08,-7.027680158704248e-08,1.3160487578158246e-08,4.524010610885466e-08,0.0,0.0,-2.315903221470236e-08,0.0
138,OC=[Pt] + C=[Pt] <=> C[Pt] + OC#[Pt],2.0777986925980946e-09,1.2419837648476247e-08,1.9595079980654224e-09,1.2301534906285911e-08,2.1876250132555646e-09,1.2529666478655701e-08,1.0342034214296692e-08,-2.7307065637797987e-08,-1.6965041421446292e-08,-4.164447051445191e-09,2.461354914140039e-10,0.0,0.0,-8.062172621370695e-11,0.0
139,C.[Pt] + OC#[Pt] <=> OC=[Pt] + C[Pt],5.202828087304151e-06,1.4617532263502896e-05,-4.7517165195092956e-06,4.662986721572241e-06,1.4442976527936422e-05,2.3857681592080267e-05,9.414703684007402e-06,-1.7577773939188596e-05,-8.16307191618705e-06,-7.263418830274492e-06,-3.0468329769099624e-07,0.0,0.0,6.127142323487353e-07,0.0
140,OC=[Pt] + C#[Pt] <=> C=[Pt] + OC#[Pt],-0.0020938494949630754,-0.0030749715184452265,-0.003826362897691887,-0.004807467922753677,-0.0004856713584932559,-0.0014668091605024125,-0.0009811425671384856,0.009329556633753795,0.008348322530354465,0.0012799031407624752,-5.367912433212167e-07,0.0,0.0,-1.0212212824349448e-07,0.0
141,OC=[Pt] + C~[Pt] <=> OC#[Pt] + C#[Pt],-0.0020921001914922686,-0.003078433722632451,-0.003810238043808975,-0.004796554628012505,-0.0004972659320948434,-0.001483615193940728,-0.000986354166654985,0.009315412620612891,0.008328966570988165,0.0012821530764123925,7.382613257876912e-11,0.0,0.0,9.121436177463196e-12,0.0
142,OC=[Pt] + C~[Pt] <=> OC#[Pt] + C#[Pt],8.511026240449677e-09,2.618607039535286e-08,1.4967410605535687e-08,3.264245176437261e-08,2.5180021009342224e-09,2.0193052791497034e-08,1.7675037974899284e-08,-6.53467944541717e-08,-4.767176104461343e-08,-8.88008730889174e-09,1.8811239679938026e-10,0.0,0.0,9.121436177463196e-12,0.0
143,OC#[Pt] + O.[Pt] <=> OC=[Pt] + O[Pt],1.074062569368477e-08,2.5223918404048277e-08,2.7169803755126237e-08,4.165307634259477e-08,-4.509486302477619e-09,9.973796475767883e-09,1.4483280194197377e-08,-7.902991993455007e-08,-6.454663792548292e-08,-8.51477995872312e-09,1.928478651215869e-09,0.0,0.0,-1.6269699741827418e-08,0.0
144,C=O.[Pt] + OC#[Pt] <=> OC=[Pt] + O=C[Pt],-0.0020921015188723573,-0.0030784264193110247,-0.003810241414424621,-0.004796549368065092,-0.0004972653628614473,-0.0014836059938897247,-0.0009863455357956893,0.009315399958404885,0.008328962540576646,0.0012821511783218473,1.6849921190932143e-10,0.0,0.0,4.119358273693056e-12,0.0
145,CO.[Pt] + OC#[Pt] <=> OC=[Pt] + OC[Pt],2.946334685247468e-09,2.302979492351125e-08,3.678495868785491e-09,2.3761953823443734e-08,2.266730086538289e-09,2.2350196199131316e-08,2.0083453534986325e-08,-5.054228200680103e-08,-3.0458832096624576e-08,-7.11347255474518e-09,1.5164384765135227e-10,0.0,0.0,-3.060094717600556e-11,0.0
146,OC=[Pt] + C=O.[Pt] <=> OC[Pt] + OC#[Pt],2.1670151552652705e-09,1.2541529179423496e-08,3.049051857053149e-09,1.3423580776623011e-08,1.348290979610824e-09,1.1722811114690198e-08,1.0374517466178539e-08,-2.833042471267826e-08,-1.795590371538972e-08,-3.9890379194177e-09,1.2263230034404042e-10,0.0,0.0,3.118942692939028e-11,0.0
147,2 OC=[Pt] <=> OC[Pt] + OC#[Pt],-2.6072579862159125e-09,1.2489226998674306e-08,-6.715336951170472e-09,8.38113871370598e-09,1.2060137009084476e-09,1.6302494908819833e-08,1.5096472047812095e-08,-2.1520144972426623e-08,-6.423677087494665e-09,-3.3342325493617474e-09,1.337905877699296e-10,0.0,0.0,9.062588202124723e-11,0.0
148,OC=[Pt] + C~[Pt] <=> OC#[Pt] + C#[Pt],9.743427728216284e-09,2.74847288435444e-08,1.7648304928542122e-08,3.5389598719288215e-08,2.4058754754579088e-09,2.0147174716187818e-08,1.7741291087215482e-08,-6.968664453781628e-08,-5.194535239581414e-08,-9.315428619352298e-09,1.7905876196113848e-10,0.0,0.0,-3.118942692939028e-11,0.0
149,OC=[Pt] + C~[Pt] <=> OC#[Pt] + C#[Pt],-2.0877889770320006e-09,-1.8304252608728919e-09,-4.242039186530199e-09,-3.984674985680194e-09,-8.812789860923754e-11,1.6925530499438816e-10,2.5736507932910913e-10,6.698083525090986e-09,6.955447647116208e-09,8.094434345778774e-10,3.630525713691743e-11,0.0,0.0,-3.118942692939028e-11,0.0
150,[CH]C + 2 [Pt] <=> C[Pt] + C#[Pt],-3.4520629669861586e-06,-2.9741496942158033e-06,-4.8309103689051726e-06,-4.35299709012847e-06,-2.172169671587425e-06,-1.694256380700406e-06,4.779132911334577e-07,7.162901175578513e-06,7.64081450275924e-06,8.957073801428052e-07,-1.2340160892420729e-06,0.0,0.0,4.416540549152341e-09,0.0
151,[CH]C + 2 [Pt] <=> CC#[Pt] + [Pt],-3.4469478897932404e-06,-2.9699300865390643e-06,-4.820721843123332e-06,-4.343704053787452e-06,-2.1717639551510835e-06,-1.6947461352228605e-06,4.770178115809125e-07,7.146948207271896e-06,7.623966053152597e-06,8.937617491834449e-07,-1.234025142876911e-06,0.0,0.0,4.611327347522684e-09,0.0
152,CC=O + 2 [Pt] <=> CC=[Pt] + O=[Pt],3.295757209400707e-05,1.3108027342513548e-05,0.00019421641373390639,0.00017436683695760879,-0.00011672839455175403,-0.00013657790958915836,-1.9849538212047767e-05,-0.0002866766567972661,-0.00030652613811298177,-1.2406899469226164e-06,-3.329116012593486e-05,0.0,0.0,0.0019161027193311977,0.0
153,C.[Pt] + C#[Pt] <=> CC=[Pt] + [Pt],4.556325096271096e-08,-5.060301885546281e-06,1.8227923557080378e-05,1.3122057483367285e-05,-1.6831924835094038e-05,-2.1937789101658165e-05,-5.105865143821506e-06,-1.789523018363182e-05,-2.3001094423726185e-05,2.8177565919361384e-06,-4.3909414109335095e-07,0.0,0.0,-1.288863610289589e-05,0.0
154,CC=[Pt] + [Pt] <=> C[Pt] + C#[Pt],1.3282050928153642e-09,1.4761904460567628e-08,1.7985989081947663e-09,1.5232295706857056e-08,8.915943373609789e-10,1.432530359904745e-08,1.343369674086869e-08,-3.1868350059462094e-08,-1.843465159468224e-08,-4.3287715259843456e-09,4.674868842527809e-10,0.0,0.0,-3.945756746444563e-10,0.0
155,CO.[Pt] + C#[Pt] <=> CC=[Pt] + O[Pt],1.2854466754382479e-08,2.8417557372150382e-08,1.6047675882456485e-08,3.1610765803077726e-08,9.890420937007293e-09,2.5453528384633164e-08,1.556309172037206e-08,-6.520009890061837e-08,-4.9637008708489134e-08,-1.1025667656620336e-08,-4.002178330979408e-09,0.0,0.0,2.9733822259393172e-08,0.0
156,CC=[Pt] + [Pt] <=> CC#[Pt] + [Pt],-0.0020921042974089365,-0.0030784359029754145,-0.0038102476686039935,-0.004796562327241613,-0.0004972649151876303,-0.0014836122514973696,-0.0009863522410934952,0.00931542489587425,0.008328980771880379,0.001282154143538651,4.1147772444185426e-10,0.0,0.0,-3.5996953426691434e-07,0.0
157,CC#[Pt] + C.[Pt] <=> CC=[Pt] + C[Pt],5.158364128568478e-09,3.06708816843634e-08,-4.5484881247785405e-08,-1.997236419029729e-08,5.216715485146913e-08,7.767967286980947e-08,2.5512507938291774e-08,1.596984821427522e-08,4.148235280157047e-08,-1.3437685073191061e-08,-1.7734601020015647e-09,0.0,0.0,-1.3507950429918711e-05,0.0
158,CC=[Pt] + C#[Pt] <=> CC#[Pt] + C=[Pt],2.7182484993938534e-07,5.718348486657717e-07,-6.713646187327166e-07,-3.7135462692916417e-07,1.147325553828989e-06,1.4473355627359953e-06,3.000099944712112e-07,3.5657579433436586e-07,6.565857809841925e-07,-2.5681967956238434e-07,-8.392226353176574e-07,0.0,0.0,6.925047191411913e-05,0.0
159,CC=[Pt] + C=[Pt] <=> CC#[Pt] + C[Pt],7.768290487529963e-09,2.011483795379772e-08,1.1508628346733343e-08,2.385517289225499e-08,4.2963935159095764e-09,1.6642947447922228e-08,1.2346541426551608e-08,-4.8059526965603196e-08,-3.571298384308271e-08,-7.139796083222966e-09,-2.4812039652683687e-09,0.0,0.0,3.6385114672024e-08,0.0
160,CC=[Pt] + C~[Pt] <=> CC#[Pt] + C#[Pt],2.6771126331156994e-09,1.9356053492004433e-08,3.519755798099312e-09,2.0198691093478088e-08,1.8949673124446317e-09,1.8573904662047897e-08,1.6678942742292815e-08,-4.273101669931676e-08,-2.6052080298313324e-08,-6.0014402616374394e-09,3.957109735912889e-10,0.0,0.0,-2.7952788285774308e-11,0.0
161,CC=[Pt] + C~[Pt] <=> CC#[Pt] + C#[Pt],-3.871357679689582e-09,1.0714225935758355e-08,-8.997225467284294e-09,5.588349805891948e-09,8.866727962737897e-10,1.547225548177785e-08,1.4585572802259659e-08,-1.5868780060630818e-08,-1.2832130597702588e-09,-2.5306252781415316e-09,3.7700496654073327e-10,0.0,0.0,-3.148366680608264e-11,0.0
162,CC#[Pt] + [H][H].[Pt] <=> CC=[Pt] + [Pt],4.563263123223376e-07,1.1097385568602738e-06,-1.6512283272913388e-06,-9.978161105962432e-07,2.412630551590891e-06,3.0660428095453695e-06,6.534122344491369e-07,1.1058875728386078e-06,1.7592998088419624e-06,-5.133707537591234e-07,-2.004736401419199e-06,0.0,0.0,-1.2123588295825861e-05,0.0
163,CC#[Pt] + O[Pt] <=> CC=[Pt] + O=[Pt],2.6070723602857856e-08,-9.310159794113795e-07,3.815173626946687e-06,2.858086869334649e-06,-3.4911040563134558e-06,-4.448190724830892e-06,-9.570867069220275e-07,-4.052791982171453e-06,-5.009878657882746e-06,5.175420501967315e-07,5.233092924336673e-07,0.0,0.0,-1.421500208609329e-05,0.0
164,CC#[Pt] + O.[Pt] <=> CC=[Pt] + O[Pt],-1.9779015201624582e-07,-1.0232908067697657e-06,2.7394603715096984e-06,1.9139596947694794e-06,-2.9242464222699985e-06,-3.7497470491054964e-06,-8.255006531613603e-07,-2.5214338118590825e-06,-3.346934448609972e-06,5.287726725623775e-07,7.410412815590648e-07,0.0,0.0,-3.1815025043219747e-06,0.0
165,CC#[Pt] + O=C[Pt] <=> CC=[Pt] + O=C=[Pt],2.4776292116773888e-08,6.123818289459225e-08,-3.6341233596541594e-08,1.2066002903360893e-10,8.150769258705872e-08,1.1796960441345163e-07,3.646189367075135e-08,-2.79811820056831e-08,8.480709471859211e-09,-2.450746845074761e-08,-7.374617392399531e-08,0.0,0.0,1.8699258411987858e-05,0.0
166,CC#[Pt] + CO.[Pt] <=> CC=[Pt] + OC[Pt],-0.002092099651449719,-0.003078423576311516,-0.0038102378062344297,-0.0047965447843264,-0.0004972651113035858,-0.0014836047667199869,-0.0009863445601705433,0.00931539123847701,0.008328954796452931,0.0012821500180804132,2.5910813451889946e-10,0.0,0.0,-3.2698877496822095e-09,0.0
167,CC=[Pt] + OC=[Pt] <=> CC#[Pt] + OC[Pt],-3.697578293297992e-09,8.461942295947917e-09,-8.63641849825164e-09,3.523095021990867e-09,8.86834362016551e-10,1.3046365267561506e-08,1.2159520585610156e-08,-1.1581271776881745e-08,5.782513814377924e-10,-1.9669896960929364e-09,1.3072432667240883e-10,0.0,0.0,1.0239547708894167e-10,0.0
168,CC=[Pt] + C=O.[Pt] <=> CC#[Pt] + OC[Pt],-3.213262194631836e-10,7.161403923416225e-09,-1.5366429801435611e-09,5.946076021141279e-09,8.067847505453765e-10,8.289528990042104e-09,7.482727409797197e-09,-1.4143895310227836e-08,-6.661171007054308e-09,-2.123552883944646e-09,1.6262069950934078e-10,0.0,0.0,4.7961099900854865e-11,0.0
169,CC#[Pt] + C=O.[Pt] <=> CC=[Pt] + O=C[Pt],6.027170825699286e-09,3.304505827558611e-08,8.973540313350095e-09,3.5991434416769685e-08,3.2922499965142932e-09,3.031014745310728e-08,2.701788331355314e-08,-7.537144058800689e-08,-4.8353566377976606e-08,-1.056126711610809e-08,2.6779889822133995e-10,0.0,0.0,5.995725967360243e-09,0.0
170,CC=[Pt] + OC#[Pt] <=> CC#[Pt] + OC=[Pt],5.5016999114412756e-08,1.5100161596996352e-07,-5.750675041179382e-08,3.8477857381770885e-08,1.594654129616308e-07,2.554500295553012e-07,9.598461208602593e-08,-1.5571254667378576e-07,-5.972793245746055e-08,-7.076179876178846e-08,-1.0836057857297633e-08,0.0,0.0,6.476896437715261e-08,0.0
171,CC=[Pt] + C~[Pt] <=> CC#[Pt] + C#[Pt],-0.0020920980198235743,-0.0030784321498575347,-0.0038102339131931076,-0.004796551096322569,-0.0004972655788002765,-0.0014836154395462126,-0.000986354765549582,0.009315406347062564,0.00832895969855181,0.0012821522463802707,1.8477398235000854e-10,0.0,0.0,-2.559886927223542e-11,0.0
172,CC=[Pt] + C~[Pt] <=> CC#[Pt] + C#[Pt],2.998348617751738e-09,1.6589476264852793e-08,4.5960177618339446e-09,1.8187150158652657e-08,1.5153375294919072e-09,1.5106476950485362e-08,1.359112558510247e-08,-3.7661797309435815e-08,-2.4070676689465645e-08,-5.209383730395928e-09,1.0989552347741573e-10,0.0,0.0,-5.649405632493334e-11,0.0
173,O=CO + 2 [Pt] <=> O=C[Pt] + O[Pt],6.61882047781299e-07,5.532558249726833e-07,7.21030257680567e-07,6.124040411167811e-07,6.069786832491941e-07,4.983524783358736e-07,-1.0862622055937787e-07,-9.427935411487876e-07,-1.0514197585158546e-06,-1.520800214346764e-07,-1.9857866719702823e-06,0.0,0.0,1.935833572746713e-07,0.0
174,O=CO + 2 [Pt] <=> OC=[Pt] + O=[Pt],-0.002091525054375239,-0.003077885857272318,-0.0038104766784427552,-0.004796820525913529,-0.0004959354242215536,-0.0014823119657171478,-0.00098638143331635,0.009315935407540415,0.008329462083556819,0.0012820051069345562,-2.058360917274094e-06,0.0,0.0,-4.5479039421016456e-07,0.0
175,O=CO.[Pt] + [Pt] <=> O=C[Pt] + O[Pt],-0.002092101423068752,-0.0030784191388843916,-0.0038102413094815817,-0.004796542078619827,-0.0004972652755662336,-0.001483598721834494,-0.0009863383510121252,0.00931538525473756,0.0083289550224986,0.0012821492810216157,1.8742294164135784e-10,0.0,0.0,-8.532956424078474e-12,0.0
176,O=CO.[Pt] + [Pt] <=> O=C[Pt] + O[Pt],6.218236626833932e-09,2.9634774812320397e-08,9.285410460658898e-09,3.2701953668590454e-08,3.3711810759201973e-09,2.678773078214414e-08,2.341653586860186e-08,-6.876776950888128e-08,-4.53512354385158e-08,-9.737091421943337e-09,1.8742294164135784e-10,0.0,0.0,-8.532956424078474e-12,0.0
177,[Pt] + O=CO.[Pt] <=> O=C[Pt] + O.[Pt],1.5775883736648346e-09,7.52644494618047e-09,2.7140856721318587e-09,8.662922856065498e-09,5.226651778326731e-10,6.471511136615911e-09,5.948844258518474e-09,-1.7526579503475405e-08,-1.1577744512593771e-08,-2.3319120215956003e-09,1.2519054185143942e-10,0.0,0.0,2.324495025869653e-11,0.0
178,C[Pt] + O=CO.[Pt] <=> CO.[Pt] + O=C[Pt],-0.002092103255016213,-0.003078427561918968,-0.0038102446032041585,-0.0047965519633104674,-0.0004972657506440862,-0.0014836057881423353,-0.0009863449422643708,0.00931540474077149,0.008328967916486442,0.001282151837463811,5.335475745254027e-10,0.0,0.0,-1.1857867030702154e-10,0.0
179,C=[Pt] + O=CO.[Pt] <=> OC[Pt] + O=C[Pt],-1.9641543731538204e-09,1.038164717793921e-08,-4.8253848460887456e-09,7.520427019819363e-09,6.9174994169936e-10,1.3037561855579772e-08,1.2345804156482194e-08,-1.815490413299039e-08,-5.80910922048127e-09,-2.639425142958491e-09,-1.2482767071563813e-11,0.0,0.0,3.0542099200667087e-10,0.0
180,C=O.[Pt] + O[Pt] <=> [Pt] + O=CO.[Pt],6.118411126632427e-09,2.3148011951436968e-08,1.0076433012627476e-08,2.7106020115750144e-08,2.444452403575674e-09,1.9474053537180113e-08,1.7029594169816653e-08,-5.511791082843649e-08,-3.8088320441299076e-08,-7.596131370206223e-09,2.4412155661030686e-10,0.0,0.0,6.179037410539584e-12,0.0
181,O=CO.[Pt] + [Pt] <=> OC=[Pt] + O=[Pt],-0.002092097369887896,-0.0030784186655295137,-0.003810234198954691,-0.00479653854790619,-0.0004972640603060009,-0.0014836010864568445,-0.0009863419308775443,0.009315378376820805,0.008328944564451253,0.0012821481525548488,1.3555051277856578e-10,0.0,0.0,-1.4476601933264168e-10,0.0
182,C#[Pt] + O=CO.[Pt] <=> OC=[Pt] + O=C[Pt],4.608859812634889e-09,2.0687560261032352e-08,6.8900367185720635e-09,2.2968728760447034e-08,2.491418322182966e-09,1.8570134083018956e-08,1.607868925558253e-08,-4.767665356636748e-08,-3.159797142195223e-08,-6.696997452916506e-09,-5.730279541005813e-10,0.0,0.0,-1.0071830979179523e-09,0.0
183,C~[Pt] + O=CO.[Pt] <=> OC#[Pt] + O=C[Pt],2.3433430309892265e-08,4.5327342531495085e-08,2.529673518826442e-08,4.7190641194784236e-08,2.1703859485029384e-08,4.359776504755055e-08,2.1893899699950674e-08,-9.407744201220489e-08,-7.218353935749083e-08,-1.551641298023589e-08,-3.8887883584642254e-08,0.0,0.0,4.331210984911556e-10,0.0
184,O=CO + [Pt] <=> O=CO.[Pt],1.1047192073564957e-09,6.3436871905669654e-09,1.7619398061756405e-09,7.000896769103925e-09,4.946770199327996e-10,5.733658987154287e-09,5.2389688318793735e-09,-1.4462089786515741e-08,-9.22311870476248e-09,-1.972076074574787e-09,3.8181300909010015e-10,0.0,0.0,-8.238716547386112e-12,0.0
185,O=CO.[Pt] + [Pt] <=> O=C[Pt] + O[Pt],8.750148532383807e-09,4.1574543567469435e-08,1.376466268972849e-08,4.65890495719172e-08,4.095517585121098e-09,3.691992394261277e-08,3.282439107984702e-08,-9.655486779187489e-08,-6.37304799371494e-08,-1.3440420774764966e-08,1.8887442618456292e-11,0.0,0.0,-8.532956424078474e-12,0.0
186,O=CO.[Pt] + [Pt] <=> O=C[Pt] + O[Pt],4.320598211975535e-09,1.6204578541245705e-08,7.877556341845496e-09,1.976151859123177e-08,1.0189329989249682e-09,1.2902921437035619e-08,1.1883969511235491e-08,-3.9184487060242414e-08,-2.7300520628839265e-08,-5.197042676629207e-09,5.6136164708457035e-11,0.0,0.0,-8.532956424078474e-12,0.0
187,OCO + 2 [Pt] <=> OC[Pt] + O[Pt],2.6830681317072663e-10,1.454784486137173e-08,-3.6201331859142816e-08,-2.1921788135750273e-08,3.4120696369728545e-08,4.8400252841982584e-08,1.4279533442073327e-08,2.6989540253816438e-08,4.1269069872394566e-08,-6.722854898903923e-09,1.0630854230002014e-09,0.0,0.0,-3.752617691383697e-08,0.0
188,CO.[Pt] + O[Pt] <=> [Pt] + OCO.[Pt],-0.002092107310749426,-0.003078435648447087,-0.0038102519739330173,-0.004796563364733063,-0.0004972667292726463,-0.0014836107976559558,-0.0009863489731800532,0.009315427631487492,0.008328986775686312,0.0012821550296019941,1.1521158561690439e-10,0.0,0.0,1.506508168664889e-10,0.0
189,OCO.[Pt] + [Pt] <=> OC[Pt] + O[Pt],-0.002092105170882063,-0.0030784279061801126,-0.003810272943876603,-0.004796578732141504,-0.0004972431380891513,-0.001483581604198657,-0.0009863433706358833,0.00931544963043257,0.008329014377468698,0.0012821520021327813,-1.7170100537606395e-08,0.0,0.0,-2.101314079398497e-08,0.0
190,OCO.[Pt] + [Pt] <=> OC[Pt] + O[Pt],-0.002092097381141468,-0.003078411096836625,-0.0038103044578776703,-0.004796601226302044,-0.0004971988652850538,-0.0014835283119998192,-0.0009863343507726602,0.009315483394731981,0.008329057162140453,0.0012821457625041026,-5.051505494865703e-08,0.0,0.0,-6.036478190282135e-08,0.0
191,[Pt] + OCO.[Pt] <=> OC[Pt] + O.[Pt],2.044953215517331e-09,1.7499745701376966e-08,3.5989651653546623e-09,1.9053737077186624e-08,6.024910828907936e-10,1.605727780999777e-08,1.5454785301547494e-08,-4.023693404275693e-08,-2.4782149656878588e-08,-5.3567873840890854e-09,5.09126347085977e-10,0.0,0.0,4.3753469664154103e-10,0.0
192,C[Pt] + OCO.[Pt] <=> OC[Pt] + CO.[Pt],8.749581342041754e-09,3.0219313786835975e-08,1.4160548857917503e-08,3.56302737230173e-08,3.7269612696145485e-09,2.5196708259357234e-08,2.146972365334759e-08,-7.255552453208949e-08,-5.1085801098326944e-08,-1.0161044108074016e-08,1.0933307321692376e-10,0.0,0.0,-4.7360850552402454e-09,0.0
193,C=[Pt] + OCO.[Pt] <=> 2 OC[Pt],-0.0020921035044897287,-0.0030784344385814937,-0.0038102452588236794,-0.004796559246008813,-0.0004972656231065745,-0.0014836122879085404,-0.0009863515695994812,0.009315418902826202,0.008328975450445312,0.0012821535899137104,1.8747737231172804e-10,0.0,0.0,-1.029839568423264e-11,0.0
194,C#[Pt] + OCO.[Pt] <=> OC=[Pt] + OC[Pt],-0.0020920985350644378,-0.003078415139043227,-0.0038102429446140998,-0.004796542601898366,-0.0004972581890317653,-0.0014835905235114411,-0.0009863372391365791,0.009315385458669853,0.008328956338420951,0.0012821479154809768,-7.86038753882966e-09,0.0,0.0,3.4967761185996893e-08,0.0
195,C~[Pt] + OCO.[Pt] <=> OC[Pt] + OC#[Pt],-1.5355776162840622e-08,3.3118895661053274e-09,-4.9815394994630575e-08,-3.114772139170182e-08,1.6630844299934554e-08,3.529852641194036e-08,1.866766370129674e-08,4.170560339367136e-08,6.03732684580866e-08,-2.892447141860438e-09,3.385293771405884e-08,0.0,0.0,9.717983988266822e-07,0.0
196,O=C[Pt] + OCO.[Pt] <=> OC[Pt] + O=CO.[Pt],1.0651963530670057e-09,6.959295271811284e-09,1.5366563691508727e-09,7.430747032917342e-09,6.27583485555023e-10,6.521693821460313e-09,5.894098341795487e-09,-1.563345912263902e-08,-9.739359992774254e-09,-2.1519231224888334e-09,1.9166853393023273e-10,0.0,0.0,-1.1622475129348266e-10,0.0
197,OCO + [Pt] <=> OCO.[Pt],-0.0020921717980870095,-0.0030784183555769883,-0.0038107092932449576,-0.0047969389013693044,-0.000496966576561885,-0.0014832288670483472,-0.0009862671919023793,0.009316006182269906,0.00832964710964653,0.001282133569542981,6.294348206763461e-08,0.0,0.0,5.980796236016872e-07,0.0
198,OCO.[Pt] + [Pt] <=> OC[Pt] + O[Pt],1.8535574127291272e-08,3.9677918113761236e-08,9.051651782005896e-09,3.0193999835816314e-08,2.7338887320386286e-08,4.8481247468763046e-08,2.1142346829975854e-08,-6.634223946756922e-08,-4.51999014639013e-08,-1.48877690230089e-08,-1.7166598831145913e-08,0.0,0.0,-2.0958412176920192e-08,0.0
199,OCO.[Pt] + [Pt] <=> OC[Pt] + O[Pt],-0.002092089889665649,-0.003078404067715592,-0.0038102907244247568,-0.004796587955267901,-0.0004971971678007916,-0.0014835270768358065,-0.0009863348130699063,0.009315457932600338,0.008329031237916807,0.0012821421720477703,-5.067081738369973e-08,0.0,0.0,-6.03630164635612e-08,0.0
200,OC(O)[Pt] + [Pt] <=> OC=[Pt] + O[Pt],-1.226148987686837e-07,-1.403170491976788e-07,-9.902260772113961e-08,-1.1672476172344978e-07,-1.4451406941396766e-07,-1.622162327088323e-07,-1.7702157948433037e-08,2.2984433529503645e-07,2.1214216967066843e-07,5.507498197018251e-08,1.812877160563546e-07,0.0,0.0,-1.4951799334122333e-08,0.0
201,OC=[Pt] + O.[Pt] <=> [Pt] + OC(O)[Pt],8.248107735528463e-09,2.489417631777811e-08,1.5541745463173536e-08,3.218782792719454e-08,1.4779039897075294e-09,1.8123992051907924e-08,1.6646069170962458e-08,-6.405639711828602e-08,-4.7410331259560775e-08,-8.463470355870345e-09,9.085023191488588e-10,0.0,0.0,-8.294622123957661e-10,0.0
202,OC=[Pt] + CO.[Pt] <=> C[Pt] + OC(O)[Pt],6.541006603531434e-09,3.159281672281976e-08,1.0204284643445822e-08,3.525608990519497e-08,3.1406391891339393e-09,2.8192457571964667e-08,2.5051800882563e-08,-7.339970773040435e-08,-4.834791103300061e-08,-1.0241899287924949e-08,1.4429570715137647e-10,0.0,0.0,8.827196300770834e-11,0.0
203,C=[Pt] + OC(O)[Pt] <=> OC=[Pt] + OC[Pt],7.978331383744233e-09,1.7786685938831203e-08,1.4633274539067715e-08,2.444163188902736e-08,1.8009857626938133e-09,1.1609337723484475e-08,9.808351877971762e-09,-4.7576054951183674e-08,-3.7767708235308404e-08,-6.357405697542581e-09,1.4781555716864882e-10,0.0,0.0,2.0008311615080558e-11,0.0
204,2 OC=[Pt] <=> C#[Pt] + OC(O)[Pt],-3.51160431455224e-09,3.0530474835208404e-09,-5.6757207004476546e-09,8.889371796553511e-10,-1.5027851140927634e-09,5.061880975783502e-09,6.564652698065819e-09,-3.992790730491226e-09,2.571852193774246e-09,-4.92932894705259e-10,4.112073854456823e-09,0.0,0.0,1.4926200464850095e-08,0.0
205,C~[Pt] + OC(O)[Pt] <=> OC=[Pt] + OC#[Pt],5.4257685934677555e-09,1.544858039588514e-08,9.838296128583584e-09,1.986111846782027e-08,1.3299221974722748e-09,1.1352744156605134e-08,1.0022810730516128e-08,-3.904907216820503e-08,-2.90262720753395e-08,-5.1956444291581e-09,4.0859289891223415e-11,0.0,0.0,2.4980965531181463e-10,0.0
206,O=CO + [Pt] <=> OC(O)[Pt],-0.002092095075912339,-0.0030784198599528713,-0.0038102411492687204,-0.004796548986454432,-0.0004972531854649933,-0.0014835937001514508,-0.0009863454193214747,0.009315400125607531,0.00832896282426098,0.0012821492919846864,-1.8856653002583556e-08,0.0,0.0,1.1737228681258287e-09,0.0
207,[Pt] + O=CO.[Pt] <=> OC(O)[Pt] + [Pt],2.013928935062145e-07,2.613112624950421e-07,1.9968720313195034e-07,2.596055528615848e-07,2.0297618601930316e-07,2.628945604570378e-07,5.991835777330856e-08,-5.036913735176203e-07,-4.4377302496181604e-07,-9.830151883705104e-08,-2.6912742388017877e-07,0.0,0.0,1.1555094197585715e-08,0.0
208,C.[Pt] + O=CO.[Pt] <=> C[Pt] + OC(O)[Pt],5.3747214626828955e-09,1.5816558800430872e-08,9.722976608608882e-09,2.016479958987437e-08,1.3385473225089142e-09,1.178038931290896e-08,1.0441825886633311e-08,-3.998249115095715e-08,-2.954066391269696e-08,-5.351883385712162e-09,2.7814072559167626e-11,0.0,0.0,1.9125591985003475e-11,0.0
209,C=[Pt] + O=CO.[Pt] <=> C#[Pt] + OC(O)[Pt],9.40762526434113e-11,1.3586448196810958e-08,-1.0547190509702884e-09,1.2437658805533768e-08,1.1604521614497725e-09,1.4652842309544288e-08,1.3492374764628554e-08,-2.7392580329934978e-08,-1.3900211277642625e-08,-3.895821421343941e-09,1.4605563216001266e-10,0.0,0.0,5.384589743470209e-11,0.0
210,C[Pt] + O=CO.[Pt] <=> C=[Pt] + OC(O)[Pt],3.232649791778409e-09,2.285257848437455e-08,4.088480661673605e-09,2.3708414313378393e-08,2.4382507646804534e-09,2.205819479141368e-08,1.961992750546273e-08,-5.073363066795752e-08,-3.111370576012908e-08,-7.227662764885535e-09,1.684084941253711e-10,0.0,0.0,1.9978887627411322e-10,0.0
211,C#[Pt] + O=CO.[Pt] <=> C~[Pt] + OC(O)[Pt],2.013371026016597e-09,1.1059578108067271e-08,3.934855191780452e-09,1.298105606676026e-08,2.2980862687680318e-10,9.276028979759849e-09,9.046202557783594e-09,-2.5087545596074694e-08,-1.6041340170271887e-08,-3.152642758222844e-09,-8.514771201576886e-11,0.0,0.0,-1.583010536604903e-10,0.0
212,[H][H].[Pt] + O=CO.[Pt] <=> [Pt] + OC(O)[Pt],-0.0020921000252668263,-0.0030784241411616403,-0.003810238312084515,-0.004796545481211725,-0.0004972653625507439,-0.0014836052090105253,-0.0009863447512246852,0.009315393170029114,0.008328956536908275,0.0012821503835904078,2.3514049599922532e-11,0.0,0.0,-8.532956424078474e-12,0.0
213,O[Pt] + O=CO.[Pt] <=> O=[Pt] + OC(O)[Pt],3.252140514441719e-09,3.1093277184540995e-08,3.102232994094774e-09,3.09433437699187e-08,3.3913022249610033e-09,3.123243432013474e-08,2.784112485557161e-08,-6.675383688213222e-08,-3.8912716891638173e-08,-9.596152129747034e-09,-2.463532140954847e-10,0.0,0.0,-7.26772495430132e-11,0.0
214,O.[Pt] + O=CO.[Pt] <=> O[Pt] + OC(O)[Pt],8.885294522067765e-10,1.710084925545126e-08,-4.624563125422248e-10,1.5749873360657055e-08,2.1425730272932905e-09,1.8354903606259673e-08,1.6212323069732855e-08,-3.5708892944103384e-08,-1.9496572534013283e-08,-5.316157149602588e-09,2.0324412316229338e-10,0.0,0.0,-3.825118397000695e-11,0.0
215,O=C[Pt] + O=CO.[Pt] <=> O=C=[Pt] + OC(O)[Pt],4.080934511078536e-09,1.8958264858636314e-08,6.477467847272813e-09,2.1354802806429217e-08,1.8563903843268667e-09,1.6733732633983852e-08,1.487732936188557e-08,-4.39319552199964e-08,-2.905462522380025e-08,-6.081890152366314e-09,5.651717940104837e-11,0.0,0.0,-6.649821213247361e-11,0.0
216,CO.[Pt] + O=CO.[Pt] <=> OC[Pt] + OC(O)[Pt],5.03600570295992e-09,1.4563555657642987e-08,8.87193113686246e-09,1.8399477639305788e-08,1.4753935066277006e-09,1.1002937992272149e-08,9.527538719180101e-09,-3.675302909586526e-08,-2.72254879572523e-08,-4.9799698228539656e-09,1.1014953327247661e-10,0.0,0.0,-3.2366386436159726e-12,0.0
217,OC[Pt] + O=CO.[Pt] <=> OC=[Pt] + OC(O)[Pt],5.281934278998698e-09,1.8454143004778427e-08,8.809591918819709e-09,2.198181305699904e-08,2.0074419256745853e-09,1.5179671495326132e-08,1.3172211622916382e-08,-4.495802587948665e-08,-3.1785820583452295e-08,-6.213933348333404e-09,2.1799483483261514e-10,0.0,0.0,4.266478212039236e-11,0.0
218,C=O.[Pt] + O=CO.[Pt] <=> O=C[Pt] + OC(O)[Pt],6.538106198373204e-09,1.5974640295391034e-08,1.2819572830625478e-08,2.2256100621915346e-08,7.074342468812607e-10,1.0143990379833854e-08,9.43653646257297e-09,-4.179042551657896e-08,-3.235389234393329e-08,-5.271818519649244e-09,1.8756809009567835e-10,0.0,0.0,1.029839568423264e-11,0.0
219,OC=[Pt] + O=CO.[Pt] <=> O=C[Pt] + OC(O)[Pt],4.31760757199016e-09,1.2480817694259882e-08,7.389553803352762e-09,1.555276567560374e-08,1.4661345467540746e-09,9.629362981982573e-09,8.163213227590818e-09,-3.1471308337177734e-08,-2.3308091631242597e-08,-4.336066730181422e-09,-7.059657947013778e-11,0.0,0.0,-6.944061089939723e-11,0.0
220,OC=[Pt] + O=CO.[Pt] <=> OC#[Pt] + OC(O)[Pt],6.773670659979904e-09,2.5235214735127933e-08,1.1630508480290723e-08,3.009204638258867e-08,2.265387848059965e-09,2.0726937653058356e-08,1.8461531663654e-08,-6.085277141698871e-08,-4.239124316279423e-08,-8.269721891069647e-09,1.422817723476794e-10,0.0,0.0,-1.794863247823403e-11,0.0
221,CC=[Pt] + O=CO.[Pt] <=> CC#[Pt] + OC(O)[Pt],1.0481058768057511e-08,3.133615669527295e-08,1.8672430097805433e-08,3.9527517695028435e-08,2.8775480192483167e-09,2.3732655535115692e-08,2.0855100628421654e-08,-7.879748665809098e-08,-5.794238720137624e-08,-1.0654483614181849e-08,1.8228831506976983e-10,0.0,0.0,-2.089103124515764e-11,0.0
222,OCO + 2 [Pt] <=> [Pt] + OC(O)[Pt],8.839720778083726e-08,9.491518109412774e-08,1.796319831370188e-07,1.861499552384754e-07,3.709972010356499e-09,1.0227962631255202e-08,6.517973383278778e-09,-3.2452404255219295e-07,-3.1800607017857113e-07,-3.050998272855851e-08,-1.0039595630038776e-07,0.0,0.0,-3.085528812541844e-07,0.0
223,OCO.[Pt] + [Pt] <=> [Pt] + OC(O)[Pt],7.19559582102012e-09,2.685178181726994e-08,1.0216294583004315e-08,2.987248383300779e-08,4.391692447870602e-09,2.4047895361226284e-08,1.965618384534687e-08,-6.048897301771491e-08,-4.0832798219286647e-08,-8.591440396160734e-09,-3.0261275499011414e-09,0.0,0.0,1.8342913913001793e-09,0.0
224,[H][H].[Pt] + OC(O)[Pt] <=> [Pt] + OCO.[Pt],9.939933400358811e-09,1.900402087427248e-08,1.856917407341847e-08,2.763325615072116e-08,1.930002222355708e-09,1.0994086032062576e-08,9.06408497103586e-09,-5.23586211108676e-08,-4.329453931790658e-08,-6.854654921397777e-09,-1.6300171420193213e-10,0.0,0.0,-3.1336546867736463e-10,0.0
225,O=C=[Pt] + OCO.[Pt] <=> O=C[Pt] + OC(O)[Pt],-0.0020921010132221676,-0.003078440007790211,-0.0038102398626788407,-0.0047965619102227006,-0.0004972658282453552,-0.0014836205536165334,-0.0009863596302165187,0.009315426507588494,0.008328974993768562,0.0012821547638539167,3.6519351107040183e-10,0.0,0.0,-1.5006233711310417e-11,0.0
226,O=[Pt] + OCO.[Pt] <=> O[Pt] + OC(O)[Pt],5.36112848832178e-07,6.65745613041019e-07,4.955408977233472e-07,6.251736762657418e-07,5.737731201027335e-07,7.034059033721655e-07,1.2963276513382276e-07,-1.218572131475208e-06,-1.0889393652385944e-06,-2.5383693400412897e-07,-7.476009756551716e-07,0.0,0.0,2.620853429674199e-07,0.0
227,C=[Pt] + OCO.[Pt] <=> C[Pt] + OC(O)[Pt],9.995724304913577e-09,2.6190803776280738e-08,1.7951324942017965e-08,3.414638723678762e-08,2.6110763968987664e-09,1.8806159384036563e-08,1.6195076732618908e-08,-6.726685460418507e-08,-5.107178501361616e-08,-9.103421879602806e-09,2.7990065060031246e-10,0.0,0.0,-7.532540843324445e-11,0.0
228,C[Pt] + OCO.[Pt] <=> C.[Pt] + OC(O)[Pt],5.249011457780381e-09,2.217253263936382e-08,8.389525203425969e-09,2.531304799814684e-08,2.333904151124797e-09,1.925743134455607e-08,1.6923514017476206e-08,-5.2083260280648036e-08,-3.5159753541984675e-08,-7.214794835260136e-09,-1.996879860314409e-10,0.0,0.0,1.3387914389502432e-10,0.0
229,C#[Pt] + OCO.[Pt] <=> C=[Pt] + OC(O)[Pt],6.9579301770099015e-09,1.4844604346495504e-08,1.210951360587007e-08,1.9996178899105254e-08,2.1760668485811054e-09,1.0062736829171571e-08,7.886664670181064e-09,-3.9655997582378115e-08,-3.176932837472499e-08,-5.47653005520166e-09,-1.453298898884101e-10,0.0,0.0,-1.2004986969048334e-10,0.0
230,C~[Pt] + OCO.[Pt] <=> C#[Pt] + OC(O)[Pt],4.7702383556388445e-09,2.7892823490705844e-08,7.003066718296483e-09,3.0125658943775894e-08,2.6976632068847427e-09,2.582026169773985e-08,2.3122581955043578e-08,-6.298691762811319e-08,-3.9864343319221094e-08,-8.78522938987364e-09,1.4200961899582845e-10,0.0,0.0,-1.082802746227889e-10,0.0
231,O[Pt] + OCO.[Pt] <=> O.[Pt] + OC(O)[Pt],-0.002092104371801106,-0.0030784194450938535,-0.0038102478171550295,-0.0047965459438028555,-0.0004972649207554343,-0.001483595724531638,-0.0009863357084771774,0.009315390430694782,0.008328962841196445,0.001282149695247363,2.004863025302037e-11,0.0,0.0,8.944892251447779e-11,0.0
232,C=O.[Pt] + OC(O)[Pt] <=> O=C[Pt] + OCO.[Pt],-0.002092101688900553,-0.003078424218507099,-0.0038102413385357275,-0.004796546921373988,-0.0004972657611831438,-0.0014836040213266795,-0.0009863431649086212,0.009315395556927878,0.008328960510246662,0.0012821507310853012,9.783005821202338e-11,0.0,0.0,-2.059679136846528e-11,0.0
233,CO.[Pt] + OC(O)[Pt] <=> OC[Pt] + OCO.[Pt],2.9072630050937024e-09,2.0589569204802005e-08,4.588238748585912e-09,2.2270553325869812e-08,1.3469487411324998e-09,1.9029270856448613e-08,1.7682309481662332e-08,-4.573868052408217e-08,-2.805638041195572e-08,-6.199991402534546e-09,3.237354838051063e-10,0.0,0.0,8.827196300770834e-12,0.0
234,C=O.[Pt] + OCO.[Pt] <=> OC[Pt] + OC(O)[Pt],2.201059466478103e-09,1.2132578495285734e-08,2.7216102942409706e-09,1.2653141822273459e-08,1.7178788302442334e-09,1.1649406194195451e-08,9.93151934839158e-09,-2.7624943175624985e-08,-1.7693419284922623e-08,-4.0354637883496524e-09,1.7308953177720752e-11,0.0,0.0,2.5010389518850698e-11,0.0
235,CC#[Pt] + OCO.[Pt] <=> CC=[Pt] + OC(O)[Pt],5.787326655147997e-09,2.1813215314813785e-08,9.790550928510463e-09,2.581643445650783e-08,2.0714095316739854e-09,1.8097306709338297e-08,1.6025880479826237e-08,-5.214569715744648e-08,-3.611981713288314e-08,-7.1343854734434665e-09,7.257422716025473e-11,0.0,0.0,-2.2833014431327225e-10,0.0
236,OC=[Pt] + OCO.[Pt] <=> OC[Pt] + OC(O)[Pt],1.6704013387282165e-09,1.769339469345123e-08,1.7525139450282828e-09,1.7775500887515308e-08,1.5941940400934603e-09,1.761719710148157e-08,1.6022989224652064e-08,-3.803920058560553e-08,-2.2016212137414524e-08,-5.354456971637241e-09,2.1414840079312164e-10,0.0,0.0,3.4131825696313896e-11,0.0
237,OC=[Pt] + OCO.[Pt] <=> OC[Pt] + OC(O)[Pt],5.374012474755328e-09,1.6912269345079902e-08,9.417894688007054e-09,2.0956141791559755e-08,1.6203552622867257e-09,1.3158608770328605e-08,1.153824767378362e-08,-4.1974331993134926e-08,-3.043608843899137e-08,-5.698770345283164e-09,3.0526534299282145e-10,0.0,0.0,-1.9978887627411322e-10,0.0
238,OC#[Pt] + OCO.[Pt] <=> OC=[Pt] + OC(O)[Pt],3.89022964925247e-09,1.4558906201908866e-08,7.012077520217181e-09,1.768074763541335e-08,9.924486452461802e-10,1.1661138682590224e-08,1.0668673767599012e-08,-3.525759605269656e-08,-2.4588920275293245e-08,-4.695801354921721e-09,3.9079406970118166e-10,0.0,0.0,2.059679136846528e-12,0.0
239,O=CO.[Pt] + OCO.[Pt] <=> 2 OC(O)[Pt],-0.0020921059883064713,-0.003078433846103196,-0.0038102499299403833,-0.004796560840862079,-0.0004972660765967581,-0.0014836096650743486,-0.000986348493260607,0.009315421697002627,0.008328981321213076,0.001282154031840969,1.634734466784738e-11,0.0,0.0,-1.7065912848156948e-11,0.0
240,OC=[Pt] + OCO.[Pt] <=> OC[Pt] + OC(O)[Pt],4.724927581722485e-09,2.0088216882338088e-08,7.78059315089498e-09,2.314386973020164e-08,1.8885668234044745e-09,1.7251871686982257e-08,1.5363291531560754e-08,-4.7384307182335665e-08,-3.202102179558924e-08,-6.516218240021722e-09,1.883482630376511e-10,0.0,0.0,-2.6187349025620142e-11,0.0
241,OC=[Pt] + OCO.[Pt] <=> OC[Pt] + OC(O)[Pt],-3.5686585066870356e-10,1.1642774279482744e-08,-1.994948700419194e-09,1.0004688181092753e-08,1.1636834763049977e-09,1.3163317948429128e-08,1.1999634174478327e-08,-2.2908276738886435e-08,-1.0908640778352366e-08,-3.3461277850942033e-09,-6.75484619294071e-11,0.0,0.0,1.9419831861695837e-11,0.0
