,Reaction,SYNGAS Selec,SYNGAS Yield,CO Selectivity,CO % Yield,H2 Selectivity,H2 % Yield,CH4 Conversion,H2O+CO2 Selectivity,H2O+CO2 yield,Exit Temp,Peak Temp,Dist to peak temp,O2 Conversion,Max CH4 Conv,Dist to 50 CH4 Conv
0,[H][H] + 2 [Pt] <=> 2 [Pt],4.782278878704302e-05,0.001540388127564131,-0.003710952367923906,-0.002218443131302723,0.0037081401520546718,0.005200760123429117,0.0014925646249868685,0.00404125678878324,0.005533881732146264,-0.0011352122095186637,-0.001746758019815889,0.0,0.0,0.018182645149834063,0.0
1,O=C=O + [Pt] <=> O=C=O.[Pt],6.166648595133404e-11,-1.5957026047942558e-10,-8.182614926522917e-11,-3.0307395349970784e-10,2.0142476304549982e-10,-1.9825519878061583e-11,-2.2124222152441306e-10,8.659843048049172e-10,6.447361498201912e-10,5.0724435327195965e-11,-5.5819710091701994e-11,0.0,0.0,1.4648760265223184e-08,0.0
2,[C-]#[O+] + [Pt] <=> O=C=[Pt],3.60555072397025e-05,-9.050101171872002e-05,0.0003837130981281433,0.0002571561391751762,-0.0003024955002816844,-0.0004290515907829829,-0.00012655647334356977,-0.0005149165920884227,-0.0006414724137667529,7.776025370033121e-05,-0.0001530919426914511,0.0,0.0,0.0030868584772509827,0.0
3,[O][O] + 2 [Pt] <=> 2 O=[Pt],-0.0006616055430886577,-0.0035167835994122814,0.006397501837112222,0.0035421222293768578,-0.007535805843858464,-0.010390787628222405,-0.0028551969464687505,-0.005980768818731547,-0.008835795002467516,0.0024301175555295484,0.02364556771249722,0.0,0.0,0.6299373252503575,0.0
4,O=C=[Pt] + O=[Pt] <=> O=C=O.[Pt] + [Pt],3.848091788157056e-07,6.038261336787503e-07,6.133252125487793e-07,8.323421517676404e-07,1.6227893279016131e-07,3.812958695315157e-07,2.1901693661456318e-07,-2.2955876101608696e-06,-2.0765706750686086e-06,-3.4887056659453186e-07,5.788473517517236e-07,0.0,0.0,-1.4169729990826072e-06,0.0
5,C=[Pt] + [Pt] <=> C[Pt] + [Pt],-0.0001262865908441844,0.005349924759223499,-0.014089797078330498,-0.008614350400569735,0.013471462079527324,0.018948418071995668,0.005476218265790328,0.01601129938294764,0.02148839446243888,-0.0040266317958668665,-0.004396427731708743,0.0,0.0,0.02622025903001339,0.0
6,C[Pt] + [Pt] <=> C + 2 [Pt],3.0527711642600482e-06,9.486071784164911e-06,-9.781255824019956e-06,-3.3479560396632135e-06,1.5550622181811323e-05,2.1983923591073212e-05,6.433300417813511e-06,1.9181705818578085e-06,8.351471126035067e-06,-6.226165536549756e-06,-6.010368499966644e-05,0.0,0.0,0.00018000243947346634,0.0
7,C=[Pt] + [Pt] <=> C#[Pt] + [Pt],2.619670796525034e-05,0.0002052440466829825,-0.0004112840591479057,-0.00023223750373500308,0.00045221805301465576,0.0006312661545070873,0.00017904729180720546,0.0004002666086368047,0.0005793146171117692,-0.00014559319065210585,-0.0002958184191229362,0.0,0.0,0.0061803642718097525,0.0
8,O=C=[Pt] + [Pt] <=> C~[Pt] + O=[Pt],0.014424396478744776,0.03143733125380367,0.014489314369880399,0.031502260187769256,0.014361179054409165,0.0313741030758831,0.01701048111581735,-0.09557541632266185,-0.07858119304498967,-0.0198538250053816,-0.01893509354607168,0.0,0.0,0.06418694536941136,0.0
9,C#[Pt] + [Pt] <=> C~[Pt] + [Pt],1.1959333296827905e-09,5.656001936666965e-08,-1.3735788913309746e-07,-8.199381768560546e-08,1.3612047301073056e-07,1.914845398989652e-07,5.5364078913024454e-08,1.4949564970332957e-07,2.0485972788924365e-07,-4.172349667356929e-08,-4.430254685984104e-08,0.0,0.0,9.772963561888812e-07,0.0
10,C~[Pt] + [H][H] <=> C=[Pt],5.757027238298305e-07,2.2681053846224794e-06,-3.298594410550278e-06,-1.6061918143780985e-06,4.348516092945297e-06,6.0409188135648545e-06,1.6924026501466125e-06,2.3144438355029933e-06,4.006846520528469e-06,-1.5277037070201668e-06,-6.664840766165426e-06,0.0,0.0,3.556769413767324e-05,0.0
11,C + O=[Pt] + [Pt] <=> C[Pt] + O[Pt],-1.8155337503484468e-08,2.1673878246051535e-07,-6.267683616015584e-07,-3.9187425171511004e-07,5.745156305877892e-07,8.094097572644854e-07,2.3489411218172107e-07,7.429708747646662e-07,9.77864994773874e-07,-1.6656069099224864e-07,-4.7420287336092866e-08,0.0,0.0,-2.40098575782271e-06,0.0
12,O=C=[Pt] + O[Pt] <=> O=C=O.[Pt] + [Pt],6.003790213235689e-08,9.127506988566534e-08,1.274121372041211e-07,1.5864929654618254e-07,-5.571512240588805e-09,2.5665651551317868e-08,3.1237150707691116e-08,-4.269930966381131e-07,-3.957559435326501e-07,-5.248690909818323e-08,4.235000846001082e-08,0.0,0.0,-1.9501481393014526e-07,0.0
13,O[Pt] + [Pt] <=> [Pt] + O=[Pt],2.1557904076365525e-08,-1.529135143094592e-08,1.705673756144972e-07,1.3371810521307401e-07,-1.235483717355945e-07,-1.603976370435794e-07,-3.684925671904005e-08,-2.961825704137429e-07,-3.3303182425507763e-07,1.7252093919861983e-08,1.7956881079293724e-08,0.0,0.0,-3.5100217943051844e-08,0.0
14,C + O[Pt] + [Pt] <=> C[Pt] + O.[Pt],2.8420320068103194e-08,-5.580272129796781e-07,1.6126464468958508e-06,1.0261989130344044e-06,-1.5143083912567949e-06,-2.100755914460783e-06,-5.864475372673409e-07,-1.973505512747677e-06,-2.55995303855296e-06,4.2309302328584426e-07,7.340312671963126e-07,0.0,0.0,-2.986914097053312e-05,0.0
15,O + [Pt] <=> O.[Pt],-6.573834569062859e-09,-4.9821393263663386e-08,1.0445597762515205e-07,6.120841848888204e-08,-1.1469529464953029e-07,-1.57942856014913e-07,-4.324757556663711e-08,-1.0897325598583842e-07,-1.5222083215342482e-07,3.554201565061497e-08,1.1670985373232802e-07,0.0,0.0,-3.3989065146486505e-08,0.0
16,O.[Pt] + [Pt] <=> [Pt] + O[Pt],0.0001676000580327188,-0.0012029973659639756,0.003900700584507125,0.002530051994804363,-0.0034677151992112947,-0.004838262797766679,-0.0013705951268911604,-0.004940647020527379,-0.006311174431149877,0.000942895778621568,0.0007017890224947162,0.0,0.0,-0.0036853658333873005,0.0
17,O.[Pt] + O=[Pt] <=> 2 O[Pt],2.2900095829936644e-07,-2.2578613477414305e-06,6.722790275529965e-06,4.235927797731502e-06,-6.094689286578441e-06,-8.581551446564378e-06,-2.486862313932181e-06,-8.0793807788431e-06,-1.0566242891100428e-05,1.7491213599271642e-06,1.770596563923527e-07,0.0,0.0,5.949796584702015e-06,0.0
18,[H] + [Pt] <=> [Pt],-3.3339798462938095e-09,-1.0484756579232487e-11,-1.0359549898091149e-08,-7.036045059701745e-09,3.5075859114110312e-09,6.83108961069073e-09,3.3234955763993913e-09,1.453010158527901e-08,1.785360094811367e-08,-7.434306161076085e-10,-4.995779842437793e-08,0.0,0.0,-3.540166765823823e-09,0.0
19,C + [Pt] <=> C.[Pt],0.00042772024857082433,0.003900538222847987,-0.00795072046241318,-0.004478193454899435,0.00858669510948179,0.012059796428883935,0.0034728031203815654,0.007697743533124277,0.011170813980984443,-0.0027894076826518667,-0.0096217496464547,0.0,0.0,0.0466979287671566,0.0
20,[CH3] + [Pt] <=> C[Pt],-6.502267952379721e-09,4.9290172758701245e-09,-3.384847171046438e-08,-2.2417216949229233e-08,2.0127626165156823e-08,3.155889865483569e-08,1.143127428571113e-08,4.4943025844492185e-08,5.637429447329353e-08,-5.453903014573249e-09,8.64101486046907e-08,0.0,0.0,7.30846922792255e-07,0.0
21,[H][H] + [Pt] <=> [H][H].[Pt],8.80560244640424e-07,2.274426876403793e-06,-1.8923387824921024e-06,-4.984721917018879e-07,3.58082564442735e-06,4.9746923039382945e-06,1.3938666176980615e-06,-1.5034494873593294e-07,1.243521667322143e-06,-1.447633631870597e-06,-1.0275464264252553e-05,0.0,0.0,5.7253613647032916e-05,0.0
22,[OH] + [Pt] <=> O[Pt],-1.682671040664737e-07,-2.779216169435963e-06,6.393719221997981e-06,3.7827699850450387e-06,-6.558367985247738e-06,-9.169316895680573e-06,-2.6109490774813048e-06,-6.825061160819796e-06,-9.436010059822801e-06,2.024213421034681e-06,3.6137125037865077e-06,0.0,0.0,-2.316643919453719e-06,0.0
23,[CH]=O + [Pt] <=> O=C[Pt],-1.9763320677294553e-10,2.3897940047295685e-10,-4.41327096044659e-10,-4.724983684850679e-12,3.968948875454615e-11,4.763001636587137e-10,4.365954985305333e-10,-2.087215487155171e-10,2.2787982701043468e-10,-8.029902902663624e-11,1.3740104131254847e-10,0.0,0.0,5.884176488593909e-11,0.0
24,O=C=O + 2 [Pt] <=> O=C=[Pt] + O=[Pt],0.006192656303778653,0.011552790472880308,0.007897480513801488,0.013257706058095139,0.004532488457318465,0.009892533644699317,0.005359802254958518,-0.03842877334851716,-0.03307103079981439,-0.007023166718204368,0.007792361188697259,0.0,0.0,-0.04894220975391693,0.0
25,O + 2 [Pt] <=> [Pt] + O[Pt],0.0005691445346934859,-0.0039399109222608905,0.012869863700066535,0.008360253599992902,-0.011409368162762543,-0.015917883505026417,-0.004509029794077181,-0.016346226312424984,-0.020854519050291613,0.003093697129505624,0.002204321964827797,0.0,0.0,-0.012336127236650514,0.0
26,CC + 2 [Pt] <=> 2 C[Pt],3.7895166303403233e-06,-1.1553126590091377e-05,3.472784048969062e-05,1.938519254528165e-05,-2.6338405176904277e-05,-4.168104375469159e-05,-1.5342642640180457e-05,-3.301324469234929e-05,-4.835588226126773e-05,8.912804859284221e-06,-1.1870871888250137e-05,0.0,0.0,0.000399838247340378,0.0
27,C=O + 2 [Pt] <=> O=C[Pt] + [Pt],-1.0440244677472612e-06,4.485706190961405e-06,-1.5785983241232772e-05,-1.0256253413858884e-05,1.3311781723704316e-05,1.884151317076791e-05,5.5297306999374624e-06,2.016104634511643e-05,2.5690778155674676e-05,-3.6303980916750166e-06,3.898649558755585e-06,0.0,0.0,-1.7129774062636635e-05,0.0
28,C=O + 2 [Pt] <=> C=[Pt] + O=[Pt],0.00021304352985671273,0.00041910942241135186,0.00039245979551022123,0.0005985260577656943,3.832691472492449e-05,0.0002443924472415124,0.00020606545353996894,-0.0016997643663250424,-0.0014937024154062584,-0.0002606026895276401,-0.000151328422169447,0.0,0.0,0.0003545818009526016,0.0
29,CO + 2 [Pt] <=> C[Pt] + O[Pt],8.013151271965644e-06,5.4994803254204575e-05,-8.247637780903325e-05,-3.549476835514809e-05,9.613238711992685e-05,0.00014311408048317079,4.6981648199879646e-05,4.1465089759718494e-05,8.844675744194657e-05,-3.909752721575614e-05,-3.1053861084537084e-05,0.0,0.0,-0.0009698402585369128,0.0
30,CC=O + 2 [Pt] <=> C[Pt] + O=C[Pt],-1.7222305593191444e-07,5.320430813831238e-06,-1.3589845855045001e-05,-8.097192739156455e-06,1.2893936983781472e-05,1.838659155431606e-05,5.492653866507236e-06,1.508825892968632e-05,2.0580913619033193e-05,-4.0279266055126e-06,3.328825098799713e-06,0.0,0.0,-0.0002021906045438478,0.0
31,C=C + 2 [Pt] <=> 2 C=[Pt],0.0009863531853155092,-0.0029475479919569532,0.0018968650492498737,-0.0020370719463302955,9.969137501460805e-05,-0.0038341749222124194,-0.003933862375507951,0.009015573441124688,0.005081356405365154,0.0026323957796454108,-0.001415562234085741,0.0,0.0,7.248494336042097e-05,0.0
32,C.[Pt] + [Pt] <=> C[Pt] + [Pt],4.5987831152589105e-09,1.8340133012430896e-06,-4.628549020059822e-06,-2.7991345960085035e-06,4.516385374077568e-06,6.3457999838176595e-06,1.8294145039932355e-06,5.152585663611288e-06,6.9820002565981386e-06,-1.3669144598717363e-06,-1.956316593341819e-06,0.0,0.0,2.3614326397789775e-05,0.0
33,O=C[Pt] + [Pt] <=> O=C=[Pt] + [Pt],7.309763988546295e-08,2.505019116168072e-07,-3.220269539441705e-07,-1.446226925600401e-07,4.578723184712186e-07,6.35276597177858e-07,1.7740425989828906e-07,1.833531487949912e-07,3.6075740689037623e-07,-1.6596241631322764e-07,-5.840878910551081e-07,0.0,0.0,8.988588601892415e-06,0.0
34,C[Pt] + [H][H].[Pt] <=> C.[Pt] + [Pt],1.0267075875843114e-10,4.034536480204353e-08,-1.0199124722055732e-07,-6.17485690431221e-08,9.952232878093876e-08,1.397650382744818e-07,4.024268351159417e-08,1.1379066139545361e-07,1.5403334718078627e-07,-3.0030214455911024e-08,-3.674707068781357e-08,0.0,0.0,2.275726217436937e-07,0.0
35,C#[Pt] + [H][H].[Pt] <=> C=[Pt] + [Pt],3.2203253604050685e-06,1.3319986121187485e-05,-2.009788954783699e-05,-9.998231156410663e-06,2.5927740248483876e-05,3.60274032832031e-05,1.0099660417262477e-05,1.4841298005654922e-05,2.4940959925975427e-05,-9.01748979253658e-06,-3.6827822766370827e-05,0.0,0.0,0.00019912856118801874,0.0
36,C=[Pt] + [H][H].[Pt] <=> C[Pt] + [Pt],4.498599702778868e-09,2.1013815552043615e-08,-2.9507842204169518e-08,-1.2992638201539562e-08,3.761427291677898e-08,5.412950030236638e-08,1.6515215585575683e-08,1.663982351236279e-08,3.315503473818508e-08,-1.4051685029038683e-08,-8.107051556719633e-08,0.0,0.0,4.609358219354633e-07,0.0
37,C~[Pt] + [H][H].[Pt] <=> C#[Pt] + [Pt],1.2905431902055456e-06,4.289010030504468e-06,-5.313832899520604e-06,-2.3153662704703325e-06,7.721923509107827e-06,1.0720390552021044e-05,2.998466790399867e-06,2.7771045497973442e-06,5.775571428704547e-06,-2.832648564059911e-06,-1.6436608933313488e-05,0.0,0.0,2.629640759349699e-05,0.0
38,[H][H].[Pt] + O=[Pt] <=> [Pt] + O[Pt],5.498740708206629e-08,6.385571261841841e-08,1.8975783515534257e-07,1.9862612060483905e-07,-7.62528165773319e-08,-6.738452483636973e-08,8.868285527876394e-09,-5.043800739522501e-07,-4.955117839512406e-07,-3.377262224567555e-08,7.596998955756706e-08,0.0,0.0,2.1967099970545642e-07,0.0
39,[H][H].[Pt] + O[Pt] <=> O.[Pt] + [Pt],1.2333454804288407e-07,-8.303440142244648e-07,2.749714372496884e-06,1.7960357798234405e-06,-2.4342495779426855e-06,-3.3879281106004e-06,-9.536785724384493e-07,-3.5261966625901454e-06,-4.479875207117474e-06,6.528321224299579e-07,6.215776835443481e-07,0.0,0.0,-1.3083915548165227e-06,0.0
40,O=C=[Pt] + [H][H].[Pt] <=> O=C[Pt] + [Pt],3.924936381252598e-08,3.029739286902655e-07,-5.995189685380895e-07,-3.3579440019494367e-07,6.612857242014276e-07,9.25010285704534e-07,2.6372456361964845e-07,5.735369629298654e-07,8.37261525628361e-07,-2.1497813208799117e-07,-5.862273086198204e-07,0.0,0.0,3.7606407040942933e-06,0.0
41,C.[Pt] + O=C=[Pt] <=> C[Pt] + O=C[Pt],4.414842626612539e-09,1.3519384598741778e-08,-1.5669464239787697e-08,-6.564962008910296e-09,2.3973070976247554e-08,3.307759708878894e-08,9.104521312088828e-09,7.2659691051953754e-09,1.637049461598796e-08,-8.774291321210936e-09,-3.629341524221916e-08,0.0,0.0,5.898222482813589e-07,0.0
42,O=C[Pt] + C#[Pt] <=> C=[Pt] + O=C=[Pt],3.890852349081413e-08,2.3024965893711497e-07,-3.686619688404414e-07,-1.773208425580719e-07,4.358030791135388e-07,6.271442113314062e-07,1.913411251043096e-07,2.5097304715261333e-07,4.423141739166391e-07,-1.6143490372773408e-07,-2.460171230109364e-07,0.0,0.0,1.4941185543929652e-05,0.0
43,C=[Pt] + O=C[Pt] <=> C[Pt] + O=C=[Pt],3.6185962912377263e-10,2.4693965111354218e-09,-4.7873850566525236e-09,-2.6798496175714163e-09,5.37623655326584e-09,7.483783891852752e-09,2.1075253910120406e-09,4.417145652212636e-09,6.524665744130312e-09,-1.7725991110641383e-09,-1.0381074021478545e-08,0.0,0.0,1.3770817504955135e-07,0.0
44,O=C[Pt] + C~[Pt] <=> C#[Pt] + O=C=[Pt],1.9530593723524543e-10,7.568791081418075e-10,2.2405165226596376e-10,7.856319646686514e-10,1.6732534312962216e-10,7.289006110462514e-10,5.615612257920681e-10,-2.271718487787068e-09,-1.7101578508625417e-09,-3.814399348650875e-10,-3.5342744397655526e-10,0.0,0.0,8.62008989608197e-10,0.0
45,O=C[Pt] + O=[Pt] <=> O=C=[Pt] + O[Pt],3.5234823859993296e-08,2.3949934127053355e-09,2.0767525352415897e-07,1.7483543581748535e-07,-1.3268866898905419e-07,-1.655285027917863e-07,-3.2839834706955696e-08,-4.0311527364196e-07,-4.35955101933109e-07,7.348221223434092e-09,4.257335604386297e-09,0.0,0.0,-1.832707560469437e-08,0.0
46,O=C[Pt] + O[Pt] <=> O=C=[Pt] + O.[Pt],2.130596791371291e-09,-7.998558675381983e-09,3.2142115092204444e-08,2.2012980441813322e-08,-2.7094772005260586e-08,-3.7223908436463194e-08,-1.0129158915215726e-08,-4.4860284326746345e-08,-5.498944451277117e-08,6.621131889767153e-09,4.616881218557633e-09,0.0,0.0,-1.0271584637877417e-08,0.0
47,C.[Pt] + O=[Pt] <=> C[Pt] + O[Pt],0.00012734768025593195,-0.00021729851056742812,0.0013127440137167524,0.0009680937374745233,-0.001026998243830339,-0.001371640456248767,-0.00034464575193887844,-0.0020702556243083286,-0.0024148942411974907,0.00019490914043062636,0.00019693445405719558,0.0,0.0,-0.0004502013993127036,0.0
48,C=[Pt] + C.[Pt] <=> 2 C[Pt],5.214856922191247e-09,2.5563200847633517e-07,-6.227392005807769e-07,-3.7232207326013265e-07,6.167202128360879e-07,8.671373455814272e-07,2.5041713747360453e-07,6.783148068341848e-07,9.28731947753148e-07,-1.8919522413648878e-07,-3.4982961618459785e-07,0.0,0.0,2.447625211715427e-06,0.0
49,C.[Pt] + C#[Pt] <=> C=[Pt] + C[Pt],1.2442818248439066e-06,2.399065054051549e-05,-5.590854247158857e-05,-3.316218676992789e-05,5.690003840913869e-05,7.964641978577833e-05,2.274636841326395e-05,5.997681617001507e-05,8.272319823266414e-05,-1.753404253678955e-05,-2.391707333122547e-05,0.0,0.0,0.0005221724766638467,0.0
50,C.[Pt] + C~[Pt] <=> C[Pt] + C#[Pt],-1.7147913006355385e-10,2.811762486729827e-10,-6.090725739191764e-10,-1.5642526632242985e-10,2.5466409257203586e-10,7.073151787084261e-10,4.526351237316728e-10,3.052221901798128e-11,4.831617211706165e-10,-1.4855711309699012e-10,-3.9817945292938527e-10,0.0,0.0,1.1992820590645188e-09,0.0
51,C.[Pt] + O[Pt] <=> C[Pt] + O.[Pt],5.504151055769987e-07,-5.828246355671717e-06,1.7469623600156754e-05,1.1090961062297284e-05,-1.5925609674644307e-05,-2.2304270087483132e-05,-6.378661434565829e-06,-2.1287841999729723e-05,-2.7666502081170705e-05,4.498428367096258e-06,2.9505948162698465e-06,0.0,0.0,-1.7774275992742013e-05,0.0
52,C#[Pt] + O[Pt] <=> C=[Pt] + O=[Pt],-3.045328482396911e-07,7.353210843074408e-05,-0.00017137534483264725,-9.753882986504519e-05,0.00016628523042241518,0.00024012199470106472,7.38366414987428e-05,0.00016947231859203575,0.0002433090852246582,-5.5190587354927246e-05,1.7663594767127462e-05,0.0,0.0,-0.001118872597931178,0.0
53,C=[Pt] + O[Pt] <=> C[Pt] + O=[Pt],-8.997310227916674e-08,8.863684515993166e-07,-2.637151853180823e-06,-1.6608103394925441e-06,2.3904845765873667e-06,3.36682614529866e-06,9.763415361566744e-07,3.166957273344278e-06,4.143298834498454e-06,-6.863486791254268e-07,-7.691667327998129e-08,0.0,0.0,-1.2385340703826267e-05,0.0
54,C~[Pt] + O[Pt] <=> C#[Pt] + O=[Pt],2.2174322663970112e-10,-6.8067125653005e-10,5.961191587998676e-10,-3.0631829713584955e-10,-1.4281410650441714e-10,-1.0452395747476426e-09,-9.024226328443027e-10,1.0678885501395696e-09,1.654715511827647e-10,2.655262926723044e-10,4.8687573488236374e-11,0.0,0.0,-1.5720354932286187e-11,0.0
55,2 C=[Pt] <=> C[Pt] + C#[Pt],3.0470065791831425e-08,9.541094110850483e-08,-1.0295832323661785e-07,-3.801745824361056e-08,1.6040342823781734e-07,2.2534430145541395e-07,6.494085870672992e-08,2.961642041626255e-08,9.455728264167744e-08,-6.275459034579022e-08,-5.183646679345472e-07,0.0,0.0,3.3062624233778446e-06,0.0
56,C[Pt] + C~[Pt] <=> C=[Pt] + C#[Pt],1.0070820782044351e-05,2.9234492549417537e-05,-2.8546721339761608e-05,-9.38305698461078e-06,4.7676810540085586e-05,6.684048950121985e-05,1.916366982034328e-05,4.242231546772176e-06,2.3405902180402166e-05,-1.8980552470928487e-05,-0.00015978631718845883,0.0,0.0,0.0009229946045595436,0.0
57,C=[Pt] + C~[Pt] <=> 2 C#[Pt],-2.670818850408217e-10,3.633569739097947e-10,-6.610859016814877e-10,-3.065795865562099e-11,1.1660154458048692e-10,7.470298297582756e-10,6.304270079056561e-10,-3.140317648683276e-10,3.164001816928935e-10,-1.512155035418836e-10,-1.1559217059014397e-10,0.0,0.0,8.603321517487531e-10,0.0
58,C#[Pt] + O.[Pt] <=> C=[Pt] + O[Pt],-9.526450666739562e-07,-4.963432417232125e-05,0.00012323906787198102,7.455732832071608e-05,-0.00012189126582575494,-0.00017057288606005266,-4.868167957084762e-05,-0.0001373007200423062,-0.00018598233276858003,3.6728227388284266e-05,5.387850137443326e-05,0.0,0.0,-8.583069959843022e-05,0.0
59,C=[Pt] + O.[Pt] <=> C[Pt] + O[Pt],-1.8511003394103146e-08,-7.077202096919159e-08,1.1052804695239452e-07,5.82669963874115e-08,-1.4416997770123618e-07,-1.9643099650665927e-07,-5.226103132550063e-08,-9.261842065818713e-08,-1.4487945445152014e-07,4.7642872126850255e-08,2.402408657263392e-07,0.0,0.0,-4.654440043315733e-06,0.0
60,C~[Pt] + O.[Pt] <=> C#[Pt] + O[Pt],-8.916138812237426e-05,-0.0017118671370155204,0.0039906323558831025,0.002367860403879075,-0.004062088540462552,-0.0056847298203889516,-0.0016227071957354362,-0.004283963227507461,-0.0059066009070573985,0.001251025901000184,0.002074855107599542,0.0,0.0,-0.0023258392285697583,0.0
61,CO + [Pt] <=> CO.[Pt],-4.4862255244517484e-07,9.197323005993206e-09,-1.8176572777719283e-06,-1.3598374142219543e-06,8.845515302727539e-07,1.342371405161051e-06,4.5781987446335706e-07,2.941875799670504e-06,3.3996956869313712e-06,-1.3657717429202034e-07,3.3958363514191174e-06,0.0,0.0,-1.815773784686135e-05,0.0
62,CO.[Pt] + [Pt] <=> C.[Pt] + O[Pt],-1.0365584639343648e-10,7.569435636125815e-10,-1.4469139397142384e-09,-5.863116851703881e-10,1.2044167882618092e-09,2.0650346320047247e-09,8.605995038476118e-10,6.165768404784858e-10,1.4771723859689035e-09,-5.293324503508543e-10,-3.144327019204987e-10,0.0,0.0,-9.96527590389378e-09,0.0
63,CO.[Pt] + [Pt] <=> C[Pt] + O[Pt],2.3152391549576037e-09,6.5661432632151186e-09,-1.925691130915974e-09,2.3251927776688916e-09,6.445094172189939e-09,1.069598459491939e-08,4.250888108862376e-09,-1.0287746611073478e-08,-6.036860065097845e-09,-4.460329585794301e-09,-2.668020595192819e-09,0.0,0.0,-2.4048560710970873e-08,0.0
64,CO.[Pt] + [Pt] <=> C[Pt] + O[Pt],6.461509951481376e-09,2.3892310936181427e-08,-1.4789917369822376e-08,2.6408739457009887e-09,2.7156299219456626e-08,4.4587085315410696e-08,1.743079148594604e-08,-2.3966930443311673e-08,-6.536139850543363e-09,-1.623215160350832e-08,-9.545015752839037e-09,0.0,0.0,-1.4685955577741757e-07,0.0
65,CO.[Pt] + [Pt] <=> C[Pt] + O.[Pt],7.683683553041621e-11,1.7176093851847581e-09,-5.072796961463422e-10,1.1334952796418055e-09,6.456651031897708e-10,2.2864443417017505e-09,1.6407684233532778e-09,-3.951203200135998e-09,-2.3104369303912204e-09,-9.922637805450669e-10,1.342732127298238e-10,0.0,0.0,-1.7218457119893873e-09,0.0
66,CO.[Pt] + [Pt] <=> C[Pt] + O[Pt],6.189650391410778e-09,2.394086739083115e-08,-1.5345928362732593e-08,2.405277985009356e-09,2.716113584423443e-08,4.4912351063998357e-08,1.7751215930936438e-08,-2.354301246413078e-08,-5.7917894467040705e-09,-1.6217882301855582e-08,-9.60337897188812e-09,0.0,0.0,-1.4687908712748494e-07,0.0
67,CO.[Pt] + [Pt] <=> C[Pt] + O[Pt],1.560132541939701e-09,6.192387473353791e-09,-3.428511910451507e-09,1.2037168113636646e-09,6.41810386155802e-09,1.1050341908504594e-08,4.632236009477873e-09,-7.71407450322071e-09,-3.0818363519521655e-09,-4.188450521838244e-09,-2.8280898007944543e-09,0.0,0.0,-2.406643427815449e-08,0.0
68,CO + 2 [Pt] <=> OC[Pt] + [Pt],-2.3669795777451424e-06,3.454089398548011e-07,-1.0193689678722319e-05,-7.481301393220037e-06,5.254716793207151e-06,7.967105512520516e-06,2.7123885682499002e-06,1.6001822626731296e-05,1.8714211628509033e-05,-9.42499317373306e-07,1.7845619181145906e-05,0.0,0.0,-0.00011625087831975478,0.0
69,C=O + [Pt] <=> OC[Pt],3.0401035775808424e-10,7.676431717610605e-10,5.609277998052136e-10,1.024537591351516e-09,5.383479338108985e-11,5.174566706996951e-10,4.636187801194096e-10,-2.7740510204675005e-09,-2.3104369303912204e-09,-3.9023607971951453e-10,-2.088083367038729e-11,0.0,0.0,-3.1440709864572374e-11,0.0
70,OC[Pt] + [Pt] <=> C=[Pt] + O[Pt],5.743060912081108e-10,2.178337090277097e-09,5.827414506997722e-10,2.1867747072329663e-09,5.661038408272437e-10,2.1701416930053143e-09,1.60402063469801e-09,-6.416670072592027e-09,-4.812647594358199e-09,-1.1786638635046588e-09,-4.70806945185399e-10,0.0,0.0,5.911806203323381e-10,0.0
71,C=[Pt] + O.[Pt] <=> OC[Pt] + [Pt],7.176952010875788e-08,2.9524303209985087e-07,-1.7642548896657536e-07,4.704801254539674e-08,3.13463292413188e-07,5.369368024565868e-07,2.2347351160794933e-07,-3.4030166755556505e-07,-1.1682815656115664e-07,-2.0363368542827093e-07,-2.6381051489623305e-08,0.0,0.0,2.5009655574091664e-10,0.0
72,OC[Pt] + [Pt] <=> CO.[Pt] + [Pt],-1.4595200499130407e-06,3.8993226530209955e-07,-6.737535804366473e-06,-4.888083589416215e-06,3.6802427705432097e-06,5.5296951802959995e-06,1.8494523350917354e-06,1.0375642321467641e-05,1.2225094852237041e-05,-7.132350927694e-07,1.0797452212254501e-05,0.0,0.0,-6.331394576375653e-05,0.0
73,CO.[Pt] + [Pt] <=> OC[Pt] + [H][H].[Pt],-1.67809678623159e-10,-1.8898344030928063e-10,-5.278204680985409e-10,-5.490126204139401e-10,1.8279525102445902e-10,1.6161509359420898e-10,-2.1192451654645642e-11,1.129773477633447e-09,1.1085752042147473e-09,4.016906150188351e-11,1.6513903764506294e-10,0.0,0.0,-1.5739409907961685e-09,0.0
74,CO.[Pt] + O=C=[Pt] <=> OC[Pt] + O=C[Pt],1.0992346647115793e-10,1.1946176953247639e-09,1.5424297772124942e-10,1.2389255607572293e-09,6.67770179749636e-11,1.151470435270732e-09,1.0846893399910678e-09,-3.5373555298304888e-09,-2.4526615346164194e-09,-5.552517571885659e-10,-7.733642100143441e-13,0.0,0.0,-3.572807939155952e-10,0.0
75,CO.[Pt] + O=[Pt] <=> OC[Pt] + O[Pt],-3.91284196781382e-09,4.8498015022889155e-09,-2.6326693101516604e-08,-1.756404902957341e-08,1.7913898143426297e-08,2.6676541027453255e-08,8.762633214051497e-09,3.571768903746224e-08,4.4480317238470086e-08,-4.3866374389027675e-09,2.138157840343591e-08,0.0,0.0,2.4492337755970256e-07,0.0
76,C=[Pt] + CO.[Pt] <=> OC[Pt] + C[Pt],2.952800185928494e-11,3.7878331658169825e-11,1.005823948570607e-10,1.0893591417192602e-10,-3.964087946029686e-11,-3.1296756513389194e-11,8.349128576921638e-12,-1.7472841952873935e-10,-1.6638133240131427e-10,1.485571130969901e-12,2.1516710909732418e-11,0.0,0.0,7.621990270199363e-12,0.0
77,C=[Pt] + CO.[Pt] <=> OC[Pt] + C[Pt],-2.2366414752796152e-10,6.59766198842359e-10,-4.886856802236349e-10,3.947212176911203e-10,3.441538032849807e-11,9.178473571782372e-10,8.834191638559962e-10,-1.389764883281769e-09,-5.063407740073947e-10,-2.712926542990955e-10,-5.09389226329448e-11,0.0,0.0,-1.905497567549841e-12,0.0
78,C[Pt] + CO.[Pt] <=> OC[Pt] + C.[Pt],-2.2689030953260401e-10,4.749938492903111e-10,-5.075043218420527e-10,1.9435578051141549e-10,4.6397571360948315e-11,7.482596481036527e-10,7.018692032459972e-10,-8.69828765843898e-10,-1.6795647600357923e-10,-1.986169508129627e-10,8.91431146076534e-11,0.0,0.0,-1.0956611013411585e-11,0.0
79,CO.[Pt] + C#[Pt] <=> C=[Pt] + OC[Pt],-1.9366822904204905e-10,7.697272319827522e-10,-3.731157597805531e-10,5.90274574712521e-10,-1.8909015462974222e-11,9.444580817204482e-10,9.633848315254452e-10,-1.8723303490816116e-09,-9.08939331451822e-10,-3.320056007832075e-10,1.0511566342514964e-09,0.0,0.0,-7.374027871734103e-09,0.0
80,CO.[Pt] + C~[Pt] <=> OC[Pt] + C#[Pt],-7.136959915613659e-11,1.0555657597083855e-10,-1.3522466881775557e-10,4.1697436665848154e-11,-9.175004289553687e-12,1.6774298155651894e-10,1.7692016541305177e-10,-2.361464084348863e-10,-5.923083097482518e-11,-6.028291273567336e-11,7.352287615249701e-10,0.0,0.0,-3.884833165842238e-09,0.0
81,CO.[Pt] + O[Pt] <=> OC[Pt] + O.[Pt],2.7700664296350046e-10,7.781494134972177e-10,4.966224548054079e-10,9.977554257645745e-10,6.315562555339141e-11,5.642957866469016e-10,5.011220583674845e-10,-2.770626804157477e-09,-2.2695103543806464e-09,-4.081802152225457e-10,1.0284025406057411e-10,0.0,0.0,2.000772445927333e-11,0.0
82,C=[Pt] + CO.[Pt] <=> OC[Pt] + C[Pt],7.482971947409283e-11,8.062519987546686e-10,6.868554606616155e-11,8.001117533802905e-10,8.08251040130087e-11,8.122314058278364e-10,7.314107834775644e-10,-2.4064458349668977e-09,-1.6750294327672017e-09,-3.876363302403172e-10,-5.923969848709876e-11,0.0,0.0,-1.3814857364736347e-11,0.0
83,C=[Pt] + CO.[Pt] <=> OC[Pt] + C[Pt],-3.8120428755618987e-10,-2.029487923103075e-10,-7.575875963998066e-10,-5.793439672941106e-10,-1.46800068632859e-11,1.6356583993515195e-10,1.7823742931845937e-10,1.3240821886076837e-09,1.5023203683085129e-09,1.3442464036421065e-10,-4.805169624889125e-11,0.0,0.0,6.669241486424443e-12,0.0
84,C=O + [Pt] <=> C=O.[Pt],-5.707382195419187e-06,2.5358242978299187e-05,-8.845109883978947e-05,-5.7385499359405626e-05,7.486893593957003e-05,0.0001059345861517116,3.10656269463249e-05,0.00011264095591266577,0.00014370661785576613,-2.04730234738451e-05,2.053637403748896e-05,0.0,0.0,-6.552059935215268e-05,0.0
85,O=C[Pt] + [Pt] <=> C=O.[Pt] + [Pt],-3.5226088595389885e-07,1.2966024928678197e-06,-4.777868414677586e-06,-3.12900512956151e-06,3.957421788939574e-06,5.60628523470775e-06,1.6488633781110398e-06,6.188318705811474e-06,7.837182190989468e-06,-1.063771844669246e-06,1.462590690446961e-06,0.0,0.0,-9.874671876428744e-06,0.0
86,C=O.[Pt] + C[Pt] <=> C.[Pt] + O=C[Pt],-1.4264068954877265e-10,1.1720797657107988e-09,-3.5324886491548603e-10,9.614579704528414e-10,6.246294311033901e-11,1.3771845091765775e-09,1.3147068637088578e-09,-2.9394095390024486e-09,-1.624706310439668e-09,-4.962980396753394e-10,-2.5606948287141615e-11,0.0,0.0,-2.8582463513247614e-12,0.0
87,C=O.[Pt] + [Pt] <=> C=[Pt] + O=[Pt],4.739736842232736e-09,1.032924701341182e-08,3.977359839509619e-09,9.566872611194276e-09,5.482156205435046e-09,1.1071672895667512e-08,5.589499438148777e-09,-2.9452524971969155e-08,-2.3863031788413456e-08,-6.430118717506128e-09,-9.327373878269667e-09,0.0,0.0,6.644470018046295e-09,0.0
88,C=O.[Pt] + C#[Pt] <=> C=[Pt] + O=C[Pt],-8.042994267909817e-10,-2.1751572870522478e-10,-1.1473131784576237e-09,-5.605311290281614e-10,-4.702463125676417e-10,1.1653589010676628e-10,5.867829552750193e-10,1.1794246141287861e-09,1.7662112369845222e-09,2.1947358761223747e-10,1.7089286736756967e-09,0.0,0.0,-1.0931115455957768e-08,0.0
89,C=O.[Pt] + C=[Pt] <=> C[Pt] + O=C[Pt],-4.939229401916755e-10,9.11443327057788e-10,-1.007595995725657e-09,3.977695942619917e-10,6.319208252407838e-12,1.411683034140862e-09,1.4053462433177124e-09,-1.4760240050551765e-09,-7.067777973956099e-11,-3.0585173008271107e-10,-4.145232165676884e-11,0.0,0.0,9.051113445861745e-12,0.0
90,C=O.[Pt] + C~[Pt] <=> O=C[Pt] + C#[Pt],-5.092903072977587e-11,-8.761646993875017e-11,-1.5461735388076702e-10,-1.9128562982218072e-10,5.004326842964515e-11,1.3358371682544169e-11,-3.668967407120553e-11,4.118398343782686e-10,3.751557538222077e-10,1.8471904194296796e-11,6.340555369837602e-10,0.0,0.0,-1.6001415823499788e-09,0.0
91,C=O.[Pt] + [Pt] <=> O=C[Pt] + [H][H].[Pt],-2.904284619904482e-10,6.703798663631394e-10,-1.826518886259763e-09,-8.657171720091158e-10,1.2054375834410444e-09,2.1662402003234287e-09,9.60808418298692e-10,1.4377661701004605e-09,2.3985770779972704e-09,-4.093921285136001e-10,-2.6863235481631584e-10,0.0,0.0,-5.811767581027015e-10,0.0
92,C=O.[Pt] + O=[Pt] <=> O=C[Pt] + O[Pt],-8.889307682333776e-10,2.2415464219494372e-10,-3.700159251797474e-09,-2.5870918733434718e-09,1.8486722219183505e-09,2.961763039665797e-09,1.113068628541393e-09,5.403506724934467e-09,6.516572764932468e-09,-3.4701768800142964e-10,5.055206866922429e-09,0.0,0.0,5.004433033124525e-08,0.0
93,C=O.[Pt] + O[Pt] <=> O=C[Pt] + O.[Pt],-1.307211291652081e-10,7.385737544419999e-10,-2.6624384544359677e-10,6.030342080734541e-10,1.2638416504815675e-12,8.705417584103705e-10,8.692779484008853e-10,-1.8390531923960208e-09,-9.697724636772271e-10,-3.0084770100997035e-10,-4.018056717807859e-11,0.0,0.0,-3.6433113491552956e-11,0.0
94,C=O.[Pt] + O=C=[Pt] <=> 2 O=C[Pt],2.356575894841515e-10,9.603650293752314e-10,4.2997101920595863e-10,1.1546597226909985e-09,4.645833297875993e-11,7.711597138451569e-10,7.246888632543815e-10,-3.1476641491302352e-09,-2.4229782250082198e-09,-4.6375230371395925e-10,-4.571441774751456e-12,0.0,0.0,-1.8483326405233457e-10,0.0
95,C=O.[Pt] + OC[Pt] <=> CO.[Pt] + O=C[Pt],6.279933673159017e-11,-2.337799924971899e-10,9.425543776121334e-11,-2.0234688195077125e-10,3.2167200469468356e-11,-2.644109442560727e-10,-2.965974655249355e-10,5.218038717887927e-10,2.2520479865141574e-10,7.547092285098405e-11,-1.0741169583532558e-11,0.0,0.0,8.098364662086824e-12,0.0
96,C=O.[Pt] + [Pt] <=> OC[Pt] + [Pt],-1.444636188445409e-07,-1.7922049906208891e-07,-2.0402577232515488e-07,-2.387826682364668e-07,-8.64616433369795e-08,-1.2121855067937697e-07,-3.475689923446822e-08,6.305300861324825e-07,5.957731911508616e-07,9.321405667059729e-08,4.93518314755019e-07,0.0,0.0,-4.1407056658099116e-07,0.0
97,C=O.[Pt] + [H][H].[Pt] <=> OC[Pt] + [Pt],-4.1161886828697963e-10,-1.3778431135782365e-10,-8.186982648383955e-10,-5.448755379249005e-10,-1.5178252129341132e-11,2.5864352029154566e-10,2.7381654857259245e-10,1.2206397268057952e-09,1.4944582291213456e-09,1.1771196514079926e-10,-5.673056127238555e-11,0.0,0.0,6.916956170205922e-12,0.0
98,C=O.[Pt] + O=C[Pt] <=> OC[Pt] + O=C=[Pt],9.373108847075772e-11,1.1872697716565312e-10,1.5329455811713819e-10,1.782864811592505e-10,3.573998359679125e-11,6.07275817441373e-11,2.4989271146702813e-11,-5.38240110076905e-10,-5.132523955035401e-10,-8.031857601520162e-11,-4.6058135174187606e-11,0.0,0.0,-1.1814084918809012e-12,0.0
99,C=O.[Pt] + O[Pt] <=> OC[Pt] + O=[Pt],-8.491455413745996e-11,-7.120181004831242e-11,9.27204955071912e-11,1.064318905601388e-10,-2.578844583160514e-10,-2.4418255285107724e-10,1.3695670310634798e-11,-2.1958565319004586e-10,-2.0589571069951263e-10,5.5239789685801845e-11,4.932516931471486e-10,0.0,0.0,-1.1432985405299046e-10,0.0
100,C=O.[Pt] + C[Pt] <=> C=[Pt] + OC[Pt],3.4704637381237987e-10,-4.5670998074742824e-09,1.315576543352807e-08,8.24163444524466e-09,-1.2126147457369521e-08,-1.704027817848655e-08,-4.914149856763119e-09,-1.5603437752275435e-08,-2.0517589723092585e-08,3.506416996814536e-09,1.8647873408005874e-09,0.0,0.0,1.0953047732960266e-08,0.0
101,C=O.[Pt] + C.[Pt] <=> OC[Pt] + C[Pt],-2.300672171554962e-10,1.4597015614611786e-10,-5.091640561492474e-10,-1.3314873379199032e-10,4.1718926789454055e-11,4.177353659012741e-10,3.760207304098049e-10,5.307535280536266e-11,4.2909084337562485e-10,-5.6080310194113763e-11,-6.501415125520586e-11,0.0,0.0,2.15321225133132e-12,0.0
102,C=O.[Pt] + C=[Pt] <=> OC[Pt] + C#[Pt],-2.7969100676889004e-10,1.2558074222461862e-10,-5.264851931295948e-10,-1.2119474281050174e-10,-3.9361376018363435e-11,3.6593456904340836e-10,4.0527173772106166e-10,4.87795177982424e-11,4.5404872217702986e-10,-2.56065550206654e-11,-9.933433630850909e-12,0.0,0.0,-9.103514628969365e-10,0.0
103,C=O.[Pt] + C#[Pt] <=> OC[Pt] + C~[Pt],-4.065952907563155e-08,-5.0447750043487905e-08,-5.592997626795248e-08,-6.571823033606593e-08,-2.5789065600106817e-08,-3.557730889459074e-08,-9.78823939357943e-09,1.740068437644999e-07,1.6421860592010788e-07,2.6364196297460048e-08,1.411216621551848e-07,0.0,0.0,-2.734555740471182e-07,0.0
104,C=O.[Pt] + O.[Pt] <=> OC[Pt] + O[Pt],-1.0747306097908216e-10,3.018879399483518e-10,-2.402496607677584e-10,1.6911957732827292e-10,2.1825573117931687e-11,4.311997564066956e-10,4.093591301334293e-10,-6.092925985098906e-10,-1.9993460689438923e-10,-1.2042899655138896e-10,-6.400018484652038e-11,0.0,0.0,9.298828129643224e-12,0.0
105,2 C=O.[Pt] <=> OC[Pt] + O=C[Pt],-5.083298468536285e-10,-2.620114886961889e-10,-1.0056367604908482e-09,-7.593288296857038e-10,-2.4025143682712107e-11,2.222790640446199e-10,2.4630897878319866e-10,1.7433930403896397e-09,1.9897051037920985e-09,1.840153503546138e-10,9.271777584505303e-11,0.0,0.0,2.62958664321878e-12,0.0
106,C=O.[Pt] + CO.[Pt] <=> 2 OC[Pt],3.02027868892636e-10,4.072726346637931e-10,5.430326193802725e-10,6.482590519141678e-10,6.733602485883045e-11,1.725774398797254e-10,1.0522614020844161e-10,-1.7775729450115097e-09,-1.6723408255840254e-09,-2.3601033993856034e-10,9.304430740039241e-11,0.0,0.0,-1.4291231756623807e-12,0.0
107,C.[Pt] + C~[Pt] <=> CC#[Pt] + [Pt],5.303305478219289e-08,-4.602160145950214e-07,1.394631048637869e-06,8.813819735644445e-07,-1.2534229652463222e-06,-1.7666720290765333e-06,-5.132490804535872e-07,-1.685591086165356e-06,-2.1988401516249656e-06,3.582723357956805e-07,-9.760389092392366e-09,0.0,0.0,-3.478686839555611e-06,0.0
108,CC#[Pt] + [Pt] <=> C[Pt] + C~[Pt],-2.596814141828441e-10,3.0569081272401603e-10,-5.272089870379955e-10,3.814825537261931e-11,8.506626493625936e-13,5.66225329223269e-10,5.653580452841252e-10,-3.6386967679875905e-10,2.0148259284833928e-10,-8.923200280102103e-11,1.0466195642194123e-11,0.0,0.0,-6.882657213990025e-11,0.0
109,CO.[Pt] + C~[Pt] <=> CC#[Pt] + O[Pt],-1.0036811641160617e-10,-8.146956654260587e-10,-2.294801065789689e-10,-9.43820934578514e-10,2.5374051598129933e-11,-6.889527185860716e-10,-7.143444672913279e-10,2.5168923755847434e-09,1.8025481704298757e-09,3.4848371214383414e-10,-1.6378135380970444e-11,0.0,0.0,1.3791991393925748e-10,0.0
110,OC=[Pt] + [Pt] <=> O=C[Pt] + [Pt],6.750641791872248e-08,2.7158016115446784e-07,-1.2799807333138209e-07,7.607565586267897e-08,2.5788985394771307e-07,4.619635987050096e-07,2.040737398993953e-07,-3.9395646001906204e-07,-1.8988271936594218e-07,-1.8765511690742144e-07,-9.017667290965924e-09,0.0,0.0,8.05812055346017e-09,0.0
111,OC=[Pt] + [Pt] <=> C#[Pt] + O[Pt],6.667380953602053e-06,1.5239178100524027e-05,6.883926229662636e-06,1.5455723378878852e-05,6.4565078896784675e-06,1.5028305013162524e-05,8.571796562279902e-06,-4.712515148689412e-05,-3.855335896183422e-05,-9.735993443774976e-06,-5.407287007329911e-06,0.0,0.0,1.2218725425642884e-05,0.0
112,C#[Pt] + O.[Pt] <=> OC=[Pt] + [Pt],0.0005676138106869026,0.0023230908158793522,-0.0013675898353871536,0.0003878531979286544,0.0024521265074661457,0.004207636594650746,0.001755467040907787,-0.002722880446554252,-0.0009674612049156613,-0.001604059867966563,-0.00020751998091407653,0.0,0.0,5.645450989587346e-06,0.0
113,CO.[Pt] + C#[Pt] <=> OC=[Pt] + C[Pt],-3.2889859685649408e-09,-5.995110762471592e-09,2.018449064039117e-09,-6.876702061518624e-10,-8.457397430874967e-09,-1.116350640004386e-08,-2.7061249783796868e-09,4.48693740645875e-09,1.7808084729537877e-09,3.620688691967826e-09,2.914636130243593e-08,0.0,0.0,-2.6755091345967315e-07,0.0
114,OC[Pt] + [Pt] <=> OC=[Pt] + [Pt],1.4062470770373423e-08,4.241462175061415e-08,-5.564028399571776e-09,2.278811728143083e-08,3.3174895443903287e-08,6.152704848369071e-08,2.8352149039568286e-08,-8.524567826259738e-08,-5.6893535130250507e-08,-2.821218814342091e-08,-1.4568445943665544e-08,0.0,0.0,9.84214265107871e-09,0.0
115,OC=[Pt] + [H][H].[Pt] <=> OC[Pt] + [Pt],-2.558149452154482e-10,4.6427275598490737e-10,-7.947381906292694e-10,-7.466345186798608e-11,2.6900383437557673e-10,9.89092006151806e-10,7.200784395854551e-10,-2.1153874486149087e-10,5.085405435209027e-10,-2.131794572941808e-10,-1.340497964024863e-11,0.0,0.0,-8.327024370192805e-12,0.0
116,OC=[Pt] + O=C[Pt] <=> OC[Pt] + O=C=[Pt],-2.6136837675779075e-10,-5.023444540553992e-10,-7.241682845602025e-10,-9.651595705746138e-10,1.8932104877742635e-10,-5.167357427041292e-11,-2.409818085775062e-10,2.296621879132693e-09,2.055643873900707e-09,1.8532499858849515e-10,-4.9529681183585324e-11,0.0,0.0,-7.621990270199363e-12,0.0
117,OC[Pt] + O=[Pt] <=> OC=[Pt] + O[Pt],3.482875842324866e-09,4.2051823390784396e-09,6.294935455003295e-09,7.0172322214357954e-09,7.444756460750172e-10,1.4667704145079253e-09,7.222867937798148e-10,-1.8134151510057e-08,-1.7411868219447455e-08,-2.0728017614514506e-09,-1.059596615663453e-08,0.0,0.0,1.313198420145351e-08,0.0
118,OC=[Pt] + C[Pt] <=> C=[Pt] + OC[Pt],7.245664336136498e-09,1.630704073940214e-08,1.3999459546616924e-08,2.3060816339813642e-08,6.687788226053087e-10,9.730153118506872e-09,9.06136154765871e-09,-6.659574638853331e-08,-5.7534387736361666e-08,-1.040005345417184e-08,-4.813143869187939e-09,0.0,0.0,8.789942138258227e-08,0.0
119,OC=[Pt] + C.[Pt] <=> OC[Pt] + C[Pt],3.8669615112134463e-10,1.928185408203319e-09,-1.0386442585549829e-10,1.437614390822955e-09,8.644069273115806e-10,2.4058851475553557e-09,1.541489342247191e-09,-4.642645860847269e-09,-3.101159018728226e-09,-1.0759444385935163e-09,-5.410284154547015e-10,0.0,0.0,4.073001050637785e-10,0.0
120,OC=[Pt] + C=[Pt] <=> OC[Pt] + C#[Pt],-1.3990707136163285e-10,8.975424305275351e-10,-8.353455247316113e-10,2.021073666487742e-10,5.373392909552257e-10,1.5748035950199292e-09,1.0374421831485808e-09,-1.1955495600250782e-09,-1.5811182848942328e-10,-4.90766241911333e-10,-9.441917710708458e-11,0.0,0.0,-1.712470663957042e-10,0.0
121,OC=[Pt] + C=[Pt] <=> OC[Pt] + C#[Pt],2.984076718339914e-10,1.4489804681557749e-09,-5.15403658807874e-10,6.351510326594208e-10,1.0909019338661522e-09,2.2414711570371854e-09,1.1505525352614471e-09,-2.620630565158861e-09,-1.470084239758711e-09,-9.23204269943532e-10,-1.8713695295213763e-10,0.0,0.0,-3.3797810355631526e-10,0.0
122,OC[Pt] + C~[Pt] <=> OC=[Pt] + C#[Pt],1.695089547935432e-08,6.378743278971185e-08,-3.5020556111476746e-08,1.18159648451832e-08,6.756100082493973e-08,1.1439753285685959e-07,4.683651919150415e-08,-7.63937211149363e-08,-2.955720306824957e-08,-4.3492381856806e-08,-1.3073893829005824e-08,0.0,0.0,-1.5594344378144116e-08,0.0
123,OC=[Pt] + O.[Pt] <=> OC[Pt] + O[Pt],2.1403491589578437e-10,9.806255323551827e-10,9.58402968365045e-10,1.724989204982675e-09,-5.108107686186751e-10,2.557810120738576e-10,7.665894783631554e-10,-4.356941703634589e-09,-3.5903497378247534e-09,-3.3992213115219185e-10,-8.38618963468221e-10,0.0,0.0,1.4538946440405285e-09,0.0
124,OC=[Pt] + C=O.[Pt] <=> OC[Pt] + O=C[Pt],2.9466433882097113e-10,5.733743828483143e-10,5.300792042609637e-10,8.087778524889107e-10,6.541595773598344e-11,3.441158952952529e-10,2.786981736338088e-10,-2.231172653752473e-09,-1.9524719679523527e-09,-3.247341210368811e-10,-3.870258224338451e-11,0.0,0.0,-5.945152410755503e-12,0.0
125,OC=[Pt] + CO.[Pt] <=> 2 OC[Pt],-2.5893028486115255e-10,-4.260291766590184e-10,-5.53702339926524e-10,-7.207886401825439e-10,2.81326290467772e-11,-1.3894826926303483e-10,-1.6709880070655695e-10,1.6980533035210117e-09,1.5309581084565884e-09,2.0092349546367911e-10,-2.974874327855177e-11,0.0,0.0,2.15321225133132e-12,0.0
126,C=O.[Pt] + OC[Pt] <=> OC=[Pt] + OC[Pt],-3.5473005736542146e-10,7.867864465809297e-11,-7.417889224681641e-10,-3.0838683838036944e-10,2.2190142824801367e-11,4.555840856684826e-10,4.333991964071179e-10,4.809778746015593e-10,9.143708611148046e-10,-4.026679644471048e-12,-2.1929171821740066e-11,0.0,0.0,3.1059610351062407e-12,0.0
127,OC=[Pt] + C=[Pt] <=> OC[Pt] + C#[Pt],-3.2387218719887934e-10,3.0539002052707086e-10,-1.1781867324125082e-09,-5.489472980588501e-10,5.080764958171525e-10,1.1373275242988954e-09,6.292453446963934e-10,8.492990326033487e-10,1.4785438472088065e-09,-1.9687726883064267e-10,3.5145106877318526e-11,0.0,0.0,-1.6076682977418008e-10,0.0
128,OC=[Pt] + C=[Pt] <=> OC[Pt] + C#[Pt],4.063486494397011e-10,1.6293913308521174e-09,-3.0949677107319633e-10,9.135331359350702e-10,1.1034552841060316e-09,2.3264982529848077e-09,1.2230407931149061e-09,-3.3385330791748573e-09,-2.1154857519626175e-09,-1.018143993405648e-09,-1.6381572555237174e-10,0.0,0.0,-3.3822581824009675e-10,0.0
129,OC#[Pt] + [Pt] <=> O=C=[Pt] + [Pt],2.6351217372347114e-09,1.7372680244637788e-06,-3.233379081898738e-06,-1.4987462297375531e-06,3.1538848052518414e-06,4.88851776627067e-06,1.7346328911761865e-06,2.0039694578299096e-06,3.738602389458172e-06,-1.3131668481990394e-06,2.308807699490503e-07,0.0,0.0,8.399227007648011e-06,0.0
130,OC#[Pt] + [Pt] <=> C~[Pt] + O[Pt],0.0015349830657397743,0.0036378034467642304,0.001139626519396675,0.0032424385869100794,0.0019199835967553965,0.004022812073513676,0.0021027881035741657,-0.010190704519109538,-0.00808813070446233,-0.0023361850226712314,-0.001601898037243854,0.0,0.0,0.004895344439023054,0.0
131,C~[Pt] + O.[Pt] <=> OC#[Pt] + [Pt],0.00027194951191961104,0.001161591170443034,-0.000946889400623293,-5.725858538311756e-05,0.00145886201629556,0.002348514234038652,0.0008896392391335004,-0.000746784728726323,0.0001428478667138662,-0.0008021253649714337,-0.00022650730922301794,0.0,0.0,3.3584806787189807e-06,0.0
132,CO.[Pt] + C~[Pt] <=> C[Pt] + OC#[Pt],-1.7412368401489375e-07,-2.4908277403161975e-07,-9.891378783488547e-08,-1.7387288914111434e-07,-2.473635112780291e-07,-3.2232260245329424e-07,-7.495909625249913e-08,5.092107871116156e-07,4.3425169275785267e-07,1.3610073599272743e-07,1.5332475991382442e-06,0.0,0.0,-1.0056250779295413e-05,0.0
133,OC[Pt] + C~[Pt] <=> C=[Pt] + OC#[Pt],-6.00903457353255e-12,-8.346983465229141e-11,-2.5856913417348608e-11,-1.0331819163417728e-10,1.3331098947868073e-11,-6.414138784078748e-11,-7.746674055477872e-11,2.2459746069835285e-10,1.47126559746041e-10,2.4316453775349434e-11,-5.662744604438364e-11,0.0,0.0,-9.051113445861745e-12,0.0
134,OC=[Pt] + [Pt] <=> OC#[Pt] + [Pt],7.872081563236391e-11,1.2701809922287816e-09,-1.4438066175902422e-09,-2.5236203183142564e-10,1.5613791405814781e-09,2.7528211435391457e-09,1.1914458309131446e-09,-6.261023876681872e-10,5.653407649715432e-10,-9.210150072242079e-10,-1.2466631065431227e-10,0.0,0.0,2.429509398626047e-11,0.0
135,OC#[Pt] + [H][H].[Pt] <=> OC=[Pt] + [Pt],1.1965388876792192e-06,4.76352398732971e-06,-2.0968380408254047e-06,1.4701469486508334e-06,4.4036487301781954e-06,7.970633946168462e-06,3.566985048650705e-06,-7.233530772553403e-06,-3.666545978859553e-06,-3.2886036913170657e-06,-1.4860827454077833e-07,0.0,0.0,1.554242909691622e-07,0.0
136,OC#[Pt] + O=C[Pt] <=> OC=[Pt] + O=C=[Pt],2.3431478451352757e-06,8.84164072350331e-06,-2.2676338982100553e-06,4.230858674105919e-06,6.833154247591651e-06,1.3331647411842657e-05,6.4984927189539494e-06,-1.7050525915470588e-05,-1.0552034308236197e-05,-6.086524665004938e-06,-3.232084952583147e-08,0.0,0.0,2.062106601631627e-08,0.0
137,OC#[Pt] + O[Pt] <=> OC=[Pt] + O=[Pt],-9.83816871956179e-09,-2.5978562643879443e-08,3.566650473710841e-08,1.9526114835296428e-08,-5.415088746926943e-08,-7.029128531072676e-08,-1.6140395889903162e-08,-3.254546391861738e-08,-4.8685855604748404e-08,1.6452348429697477e-08,6.018674311281099e-08,0.0,0.0,3.788414988924216e-08,0.0
138,OC=[Pt] + C=[Pt] <=> C[Pt] + OC#[Pt],1.5210984444026145e-10,1.1559014425465323e-10,-2.863603244150089e-10,-3.2291017532873536e-10,5.791068270389291e-10,5.42561927957048e-10,-3.653470184703993e-11,5.024881788763426e-10,4.659573509631192e-10,-2.0440285942831915e-10,-7.412266306204147e-11,0.0,0.0,-1.785451220794201e-11,0.0
139,C.[Pt] + OC#[Pt] <=> OC=[Pt] + C[Pt],3.325589805652087e-06,1.3391131060025418e-05,-6.405790469614207e-06,3.6597497872474257e-06,1.280206517460384e-05,2.2867607379156162e-05,1.0065540918786003e-05,-1.919228418776616e-05,-9.126745197175223e-06,-9.250304141203732e-06,-4.5286700937524026e-07,0.0,0.0,5.145731965900319e-07,0.0
140,OC=[Pt] + C#[Pt] <=> C=[Pt] + OC#[Pt],2.9951622542773014e-06,1.2485699107993894e-05,-7.822104100053187e-06,1.6684317381762082e-06,1.3529079888243893e-05,2.3019617739899328e-05,9.490536569294105e-06,-1.3650819741114227e-05,-4.160284463427599e-06,-8.633299498645399e-06,-9.758058688239523e-07,0.0,0.0,-1.1229501131055533e-07,0.0
141,OC=[Pt] + C~[Pt] <=> OC#[Pt] + C#[Pt],9.953079192185163e-11,7.498319766705201e-10,1.3125628152686903e-10,7.815384304163383e-10,6.864847580356129e-11,7.18934841695782e-10,6.502828241268735e-10,-2.256558548305419e-09,-1.6062798460579996e-09,-3.629289366936599e-10,-3.8341678945377813e-11,0.0,0.0,-7.050340999934411e-13,0.0
142,OC=[Pt] + C~[Pt] <=> OC#[Pt] + C#[Pt],1.604461485514941e-10,4.644661223972293e-10,2.548253725783101e-10,5.588327477958188e-10,6.856340953862504e-11,3.7257134735552954e-10,3.0401676075686353e-10,-1.5941905969901657e-09,-1.2901783984965702e-09,-2.473866872836193e-10,-4.829229844756237e-11,0.0,0.0,-1.2614393897179946e-11,0.0
143,OC#[Pt] + O.[Pt] <=> OC=[Pt] + O[Pt],-5.194859643200639e-10,-2.7442346385156307e-09,5.130413452413179e-09,2.905647224999534e-09,-6.021366954218869e-09,-8.246122839634516e-09,-2.2247618785933163e-09,-4.996242888715957e-09,-7.221001425748838e-09,1.999090067571352e-09,1.7348105959041766e-09,0.0,0.0,-1.2713708430400645e-08,0.0
144,C=O.[Pt] + OC#[Pt] <=> OC=[Pt] + O=C[Pt],-3.549393884878601e-10,-1.0559954628468786e-10,-6.988354977661785e-10,-4.4950489949335214e-10,-2.003918155427024e-11,2.2929751011909945e-10,2.493309371544278e-10,1.0061281396024203e-09,1.255457345125954e-09,9.984601759202966e-11,1.4190373960196533e-10,0.0,0.0,8.098364662086824e-12,0.0
145,CO.[Pt] + OC#[Pt] <=> OC=[Pt] + OC[Pt],-1.1541533003631268e-10,6.359606449698394e-10,-2.8765816176800327e-10,4.637233987846309e-10,5.232790525936182e-11,8.037074924684987e-10,7.513634573388853e-10,-1.5244922304615986e-09,-7.731239322289422e-10,-2.742833435496007e-10,6.341586522117621e-11,0.0,0.0,-3.3346207432122215e-12,0.0
146,OC=[Pt] + C=O.[Pt] <=> OC[Pt] + OC#[Pt],7.060615623900746e-11,9.940967257469425e-10,1.191389731638162e-10,1.042610109593111e-09,2.3356765886784353e-11,9.468329033529005e-10,9.234794838028035e-10,-2.8891980762018328e-09,-1.96572490033003e-09,-4.339235991631689e-10,1.5982860340296445e-11,0.0,0.0,2.477146837814793e-13,0.0
147,2 OC=[Pt] <=> OC[Pt] + OC#[Pt],1.9129170512259868e-10,6.781574931698651e-10,3.0766232789156014e-10,7.945375790792686e-10,7.798146029942518e-11,5.648470845258637e-10,4.868646137442495e-10,-2.2712204199601553e-09,-1.7843525460588838e-09,-3.4752590970412987e-10,-3.70183668526866e-11,0.0,0.0,-1.2862108580961426e-11,0.0
148,OC=[Pt] + C~[Pt] <=> OC#[Pt] + C#[Pt],4.0203889103655275e-10,7.610901988990401e-10,7.531449993068645e-10,1.112178417764069e-09,6.012969698637304e-11,4.1915601812783036e-10,3.590319003356511e-10,-2.943674244770387e-09,-2.5846477054268965e-09,-4.044271934179902e-10,-4.250065980812162e-11,0.0,0.0,2.3342345202485552e-11,0.0
149,OC=[Pt] + C~[Pt] <=> OC#[Pt] + C#[Pt],1.4722134705154746e-10,-2.0563443692588962e-10,2.7385616068712123e-10,-7.901827554065951e-11,2.3927925094213525e-11,-3.2893399985921857e-10,-3.528717544250686e-10,2.5090166780716894e-10,-1.0196339059834073e-10,4.7049601476902e-11,2.5349160217136835e-11,0.0,0.0,-1.1814084918809012e-12,0.0
150,[CH]C + 2 [Pt] <=> C[Pt] + C#[Pt],-7.244732948091196e-06,-7.447876485574353e-06,-9.210223025146712e-06,-9.413366557372586e-06,-5.3307271344724445e-06,-5.533870668023729e-06,-2.0314355786689734e-07,2.3684696978363115e-05,2.3481553367435283e-05,3.449327827446585e-06,-4.4453577843849595e-06,0.0,0.0,1.5413093449518774e-08,0.0
151,[CH]C + 2 [Pt] <=> CC#[Pt] + [Pt],-7.244795993699836e-06,-7.447945968571847e-06,-9.210229888709636e-06,-9.413379861358907e-06,-5.330844890487764e-06,-5.533994879676613e-06,-2.0315000858572822e-07,2.368469112606615e-05,2.3481541065020598e-05,3.4493395556397244e-06,-4.445600861349103e-06,0.0,0.0,1.5552442486633694e-08,0.0
152,CC=O + 2 [Pt] <=> CC=[Pt] + O=[Pt],1.1279608113927676e-05,-8.33920014485583e-06,9.059187125820923e-05,7.097304743174901e-05,-6.595514037644287e-05,-8.557393348748351e-05,-1.9618806060172288e-05,-0.00015780398790411087,-0.00017742276299846592,9.097553104428106e-06,-8.688165243695868e-06,0.0,0.0,0.0007212684969648704,0.0
153,C.[Pt] + C#[Pt] <=> CC=[Pt] + [Pt],2.2915864620253993e-07,-1.9526798836326277e-06,5.941214302083372e-06,3.7593756545342533e-06,-5.333274759736373e-06,-7.515113153737236e-06,-2.1818385242911616e-06,-7.195413190385821e-06,-9.377251554667469e-06,1.5218199657270407e-06,-5.87442470024209e-08,0.0,0.0,-2.6511413839882204e-06,0.0
154,CC=[Pt] + [Pt] <=> C[Pt] + C#[Pt],-3.179739749842849e-10,-1.169007388270573e-10,-5.329743798945665e-10,-3.3192466033116936e-10,-1.0859316335291623e-10,9.244841354903584e-11,2.010570893268438e-10,7.096221363935761e-10,9.106774209439764e-10,9.875138623236763e-11,-5.429016754300695e-11,0.0,0.0,-5.1677094031951685e-11,0.0
155,CO.[Pt] + C#[Pt] <=> CC=[Pt] + O[Pt],1.3397684379890072e-09,3.4240464887686944e-09,-5.806449442064736e-10,1.503611743582321e-09,3.2098904411048104e-09,5.294155939202584e-09,2.0842601858591804e-09,-6.144429311325576e-09,-4.0601634748485904e-09,-2.3324248635770063e-09,-2.593571400575438e-09,0.0,0.0,1.1367722113610463e-08,0.0
156,CC=[Pt] + [Pt] <=> CC#[Pt] + [Pt],-2.1868945497118458e-11,-2.35090587069594e-10,2.1688858841386043e-10,3.679826003409054e-12,-2.5437243680654014e-10,-4.675854164181969e-10,-2.132224089238433e-10,1.2358307955266262e-11,-2.008579669370963e-10,1.1622639400982937e-10,-5.2176305368967745e-11,0.0,0.0,-1.3844621236741474e-08,0.0
157,CC#[Pt] + C.[Pt] <=> CC=[Pt] + C[Pt],8.031912032016007e-10,-3.2009661044199837e-09,1.2649546469833696e-08,8.645370147938213e-09,-1.0732859256302092e-08,-1.473704045524103e-08,-4.004172327990743e-09,-1.7344060290377875e-08,-2.1348233554452516e-08,2.7131611068537395e-09,-1.4162704707349352e-09,0.0,0.0,-4.6947957759898924e-07,0.0
158,CC=[Pt] + C#[Pt] <=> CC#[Pt] + C=[Pt],5.308184124731653e-08,1.66057037572961e-07,-1.9902500533678264e-07,-8.60498351319784e-08,2.985849839340121e-07,4.115601723401963e-07,1.1297517759033801e-07,1.016755039274382e-07,2.14650684732681e-07,-1.0865193594073941e-07,-4.405762069594237e-07,0.0,0.0,1.8334009710342682e-05,0.0
159,CC=[Pt] + C=[Pt] <=> CC#[Pt] + C[Pt],-6.15679771878335e-12,-3.0380011891464623e-10,-1.063290689056558e-09,-1.3609259459471758e-09,1.0232864055653884e-09,7.256564350662049e-10,-2.976435280380533e-10,3.1619835991539694e-09,2.8643443254221853e-09,6.2159423637951124e-12,-1.987030443596855e-09,0.0,0.0,2.0500295580484963e-08,0.0
160,CC=[Pt] + C~[Pt] <=> CC#[Pt] + C#[Pt],-5.904984692085111e-10,1.7751036651151394e-10,-1.200162612976191e-09,-4.321509271577485e-10,3.20821342045321e-12,7.712233251388834e-10,7.680035999086665e-10,6.983222225704989e-10,1.4663229054670956e-09,1.3682891995775404e-13,-5.104203786094671e-12,0.0,0.0,-7.050340999934411e-13,0.0
161,CC=[Pt] + C~[Pt] <=> CC#[Pt] + C#[Pt],-2.6400348618143005e-10,-3.3497508161232315e-10,-5.362314524823695e-10,-6.071930646808573e-10,1.0937091206090487e-12,-6.988760804073901e-11,-7.097727866784426e-11,1.4381552855902359e-09,1.3671839102935059e-09,1.7013698847318447e-10,-3.0040903091223854e-11,0.0,0.0,1.5720354932286187e-11,0.0
162,CC#[Pt] + [H][H].[Pt] <=> CC=[Pt] + [Pt],1.0235527212972524e-07,5.042611878749616e-07,-8.443998121495443e-07,-4.4249389466976825e-07,1.0243109558126044e-06,1.4262168789201764e-06,4.0190591535593704e-07,7.019351287638242e-07,1.1038410422240192e-06,-3.469739418410203e-07,-1.351677442070889e-06,0.0,0.0,-2.267117655801139e-06,0.0
163,CC#[Pt] + O[Pt] <=> CC=[Pt] + O=[Pt],6.529957534440177e-08,-5.478251795804172e-07,1.8000001756260298e-06,1.1868754017743347e-06,-1.623962063582348e-06,-2.237086812228387e-06,-6.131247658796554e-07,-2.3477198092774954e-06,-2.9608445612760805e-06,4.25005109707311e-07,5.123862016878383e-07,0.0,0.0,-3.950414904284309e-06,0.0
164,CC#[Pt] + O.[Pt] <=> CC=[Pt] + O[Pt],-1.8292498643063525e-08,-4.663188089639994e-07,1.112383608232115e-06,6.643572890696377e-07,-1.1193515319684054e-06,-1.5673778458317197e-06,-4.480263272711e-07,-1.2089425571968965e-06,-1.6569688769601044e-06,3.425606032157372e-07,5.11600171490651e-07,0.0,0.0,-1.0271844166646118e-06,0.0
165,CC#[Pt] + O=C[Pt] <=> CC=[Pt] + O=C=[Pt],3.680804575388313e-09,-7.531406908369172e-10,1.8436802894120496e-08,1.4002870197126346e-08,-1.0688661255505924e-08,-1.512260971028132e-08,-4.43394904865799e-09,-3.037183366349289e-08,-3.480578523335875e-08,1.7343065604645326e-09,-2.186644339137224e-08,0.0,0.0,3.396254538409013e-06,0.0
166,CC#[Pt] + CO.[Pt] <=> CC=[Pt] + OC[Pt],1.320509974724653e-10,4.049307525590055e-10,2.1043683926484053e-10,4.83298331193298e-10,5.571840353324988e-11,3.285735358614356e-10,2.7286734369957816e-10,-1.4256568960586505e-09,-1.1527878556714256e-09,-2.2584590588455576e-10,1.7653327033927428e-10,0.0,0.0,-7.795771648359909e-10,0.0
167,CC=[Pt] + OC=[Pt] <=> CC#[Pt] + OC[Pt],1.0040505719791887e-10,-1.3228411118511153e-10,1.8204664716808953e-10,-5.064659931319207e-11,2.09263011743198e-11,-2.117619968151883e-10,-2.3269079458464666e-10,1.2873496863728872e-10,-1.0395947774948683e-10,1.6595393292019025e-11,7.905500813479962e-12,0.0,0.0,-1.6577828837683616e-12,0.0
168,CC=[Pt] + C=O.[Pt] <=> CC#[Pt] + OC[Pt],-2.0625272357924223e-11,1.1808242245791342e-10,-6.247090181816946e-11,7.623118839014852e-11,2.013640014276882e-11,1.588374004348228e-10,1.3870014062821095e-10,-3.2811774559819653e-10,-1.8941101817236048e-10,-7.046689377824333e-11,-6.066612580779188e-12,0.0,0.0,7.869704953980843e-12,0.0
169,CC#[Pt] + C=O.[Pt] <=> CC=[Pt] + O=C[Pt],-1.9143946826784947e-10,2.4160058961776497e-10,-3.8504588006384715e-10,4.7990156872861274e-11,-2.892253007832818e-12,4.301607719424977e-10,4.330311373747246e-10,-2.704819592526664e-10,1.6255210398891154e-10,-6.792578526474219e-11,-6.08379845211284e-12,0.0,0.0,1.3762456181628726e-09,0.0
170,CC=[Pt] + OC#[Pt] <=> CC#[Pt] + OC=[Pt],1.725324350172833e-08,7.490707575606795e-08,-5.935509383455769e-08,-1.7012771900849682e-09,9.185490529555616e-08,1.4950871939478782e-07,5.76538128965992e-08,-5.3575568549778716e-08,4.078250468626322e-09,-5.1920828309329435e-08,-1.1758177891444086e-08,0.0,0.0,2.0089908569361753e-08,0.0
171,CC=[Pt] + C~[Pt] <=> CC#[Pt] + C#[Pt],7.452187958815367e-11,3.2012883817738534e-10,1.060233283753831e-10,3.5163023745001666e-10,4.386988805998518e-11,2.894737939842746e-10,2.4559223224643274e-10,-1.0466272797782424e-09,-8.010284158725153e-10,-1.672635811540716e-10,-6.150823350314084e-11,0.0,0.0,4.763743918874602e-13,0.0
172,CC=[Pt] + C~[Pt] <=> CC#[Pt] + C#[Pt],-5.6531716653868715e-11,2.587242596867164e-10,-1.1009154930880763e-10,2.0517751733800897e-10,-4.3626841588738726e-12,3.108895962054962e-10,3.1525224700886943e-10,-5.739453474186944e-10,-2.586901790237034e-10,-9.108896671473341e-11,-4.4906681794832913e-11,0.0,0.0,1.4767606148511266e-11,0.0
173,O=CO + 2 [Pt] <=> O=C[Pt] + O[Pt],2.2755162348917398e-07,4.482251700005274e-07,-3.555850844637237e-07,-1.3491154464057017e-07,7.954136050222912e-07,1.0160871337420059e-06,2.2067353157630936e-07,1.2154800554113734e-07,3.4222153792247115e-07,-2.663356748278317e-07,-1.6672883729582802e-06,0.0,0.0,1.016282836420951e-07,0.0
174,O=CO + 2 [Pt] <=> OC=[Pt] + O=[Pt],6.214955322578795e-07,6.10219342913879e-07,1.317900146424469e-06,1.3066239294172599e-06,-5.66673663279081e-08,-6.794356208940191e-08,-1.1276205203905428e-08,-3.253127458881343e-06,-3.2644036699068162e-06,-2.8169769223535147e-07,-1.8077320009317385e-06,0.0,0.0,3.277987068907559e-07,0.0
175,O=CO.[Pt] + [Pt] <=> O=C[Pt] + O[Pt],-1.895801153567769e-10,5.690343811495336e-10,-4.296964766889791e-10,3.289198319970247e-10,4.4246610090417184e-11,8.0285934188548e-10,7.58608408818627e-10,-1.2026003326998081e-09,-4.4398681347635457e-10,-2.4214809434809387e-10,-2.969718566455081e-11,0.0,0.0,-1.0480236621524125e-11,0.0
176,O=CO.[Pt] + [Pt] <=> O=C[Pt] + O[Pt],-1.2345610785704373e-10,6.592505550761673e-10,-3.1866898698137744e-10,4.6402823644171806e-10,6.664334241577804e-11,8.493379938349035e-10,7.82687218148357e-10,-1.573349571357796e-09,-7.906677730403761e-10,-2.9091783081875047e-10,-7.754265145743823e-11,0.0,0.0,-1.0480236621524125e-11,0.0
177,[Pt] + O=CO.[Pt] <=> O=C[Pt] + O.[Pt],-1.1640041767131802e-10,-9.084568902452607e-10,-2.183611346412963e-10,-1.0104279626520542e-09,-1.709831925218813e-11,-8.091780637289692e-10,-7.920630377103757e-10,2.697784384471525e-09,1.90572007637823e-09,3.9467324612385884e-10,-4.702054396887212e-11,0.0,0.0,-1.1814084918809012e-12,0.0
178,C[Pt] + O=CO.[Pt] <=> CO.[Pt] + O=C[Pt],-5.873585023719315e-11,1.7667244539145232e-10,-1.3470054219443092e-10,1.0070529743057323e-10,1.5239013747152746e-11,2.5064970104659463e-10,2.3540280850754464e-10,-4.002130635437801e-10,-1.6480618879904933e-10,-8.598720269916572e-11,-7.046207246797357e-13,0.0,0.0,1.4291231756623807e-12,0.0
179,C=[Pt] + O=CO.[Pt] <=> OC[Pt] + O=C[Pt],-2.7194575523866057e-10,-8.722973711410634e-12,-5.550500941007873e-10,-2.9183850842421036e-10,3.755067980757734e-12,2.669765997697042e-10,2.6322032274526964e-10,5.471275078633748e-10,8.103434892445305e-10,2.8264945465558907e-11,2.1808870722404505e-11,0.0,0.0,-0.0,0.0
180,C=O.[Pt] + O[Pt] <=> [Pt] + O=CO.[Pt],-2.1068561793676624e-10,2.2458434533343685e-10,-4.357239328572124e-10,-4.572564856307109e-13,8.470169522938967e-12,4.4373118127079655e-10,4.3525886309710503e-10,-2.024645716399289e-10,2.3279536135543392e-10,-6.237444051217045e-11,-4.5250399221505956e-11,0.0,0.0,7.932586373709988e-11,0.0
181,O=CO.[Pt] + [Pt] <=> OC=[Pt] + O=[Pt],-4.930363613201707e-11,1.534040204420491e-10,-9.873547247010724e-11,1.039714151850783e-10,-1.1544707384206626e-12,2.0156298605438868e-10,2.027036692086033e-10,-2.9740875114512307e-10,-9.46987196741015e-11,-5.058760640723821e-11,8.22515802028589e-11,0.0,0.0,-6.421526802642964e-12,0.0
182,C#[Pt] + O=CO.[Pt] <=> OC=[Pt] + O=C[Pt],3.66452600221985e-10,7.974860547294087e-10,3.804410533017807e-10,8.114560690476048e-10,3.5283056230847913e-10,7.838607688258616e-10,4.310164984605718e-10,-2.274644636270179e-09,-1.8436241135061814e-09,-4.3341537746046865e-10,-7.725049164476615e-10,0.0,0.0,1.1680700089080525e-11,0.0
183,C~[Pt] + O=CO.[Pt] <=> OC#[Pt] + O=C[Pt],8.377382265612379e-09,1.5894676122547202e-08,-4.934152990388738e-09,2.583107209682976e-09,2.1340257924146764e-08,2.8857539047921208e-08,7.517276420656744e-09,-1.3681907640666624e-08,-6.1646368004195106e-09,-9.312752215221828e-09,-5.144681668846822e-08,0.0,0.0,4.944766187791837e-10,0.0
184,O=CO + [Pt] <=> O=CO.[Pt],-1.732769149974386e-10,-6.372497543853188e-11,-3.9058664722470757e-10,-2.8103854571598027e-10,3.835273316269065e-11,1.4791746167845733e-10,1.0954599095705769e-10,5.054765858378175e-10,6.150256825636764e-10,2.126712355914806e-11,-5.4771371940349213e-11,0.0,0.0,-7.050340999934411e-13,0.0
185,O=CO.[Pt] + [Pt] <=> O=C[Pt] + O[Pt],-1.4884674164930626e-10,7.638402989853962e-10,-3.411565149630677e-10,5.715052846832985e-10,3.844995175118923e-11,9.511160637971448e-10,9.12670171167253e-10,-1.8276598908553974e-09,-9.149954870260476e-10,-3.23287643883042e-10,-4.7604863594216295e-12,0.0,0.0,2.15321225133132e-12,0.0
186,O=CO.[Pt] + [Pt] <=> O=C[Pt] + O[Pt],-2.2269137348839377e-10,-1.598495675194461e-11,-4.579493975272403e-10,-2.5125155179489395e-10,6.41642684090642e-12,2.1311903774801818e-10,2.0669420398086745e-10,4.690086821360683e-10,6.757094477233494e-10,2.0993465719232548e-11,-5.226223472563601e-11,0.0,0.0,2.15321225133132e-12,0.0
187,OCO + 2 [Pt] <=> OC[Pt] + O[Pt],-9.309078150800425e-11,2.154123318423009e-09,-5.255367735254836e-09,-3.0081597742542665e-09,4.93398919418579e-09,7.181184967596264e-09,2.2471941080412866e-09,5.3341819092760845e-09,7.581369840063575e-09,-1.5702877794123163e-09,3.8113106856640244e-10,0.0,0.0,-7.231591928559752e-09,0.0
188,CO.[Pt] + O[Pt] <=> [Pt] + OCO.[Pt],5.393354801654215e-12,3.730038093689656e-10,-4.4363574902835085e-11,3.2323678710418583e-10,5.387125035177681e-11,4.214884322311317e-10,3.6759411572080043e-10,-1.0397477179190136e-09,-6.721517957940959e-10,-1.8188472860098591e-10,-8.482946090290671e-11,0.0,0.0,2.191322202682317e-11,0.0
189,OCO.[Pt] + [Pt] <=> OC[Pt] + O[Pt],2.3715984812753465e-09,4.079537141383047e-09,1.9448841486939096e-09,3.6528043225201156e-09,2.787159713665851e-09,4.495092071176113e-09,1.707929511001044e-09,-1.0483456137810906e-08,-8.77553237294277e-09,-2.2099629802148165e-09,-7.983782457404747e-09,0.0,0.0,1.6425865406671517e-08,0.0
190,OCO.[Pt] + [Pt] <=> OC[Pt] + O[Pt],7.397269323163819e-09,1.0591731175560353e-08,6.678783331356686e-09,9.873234456566852e-09,8.09694736169291e-09,1.1291407507963077e-08,3.194442456725489e-09,-2.8007832546150696e-08,-2.481338653354552e-08,-5.968672958442886e-09,-2.3259976954332752e-08,0.0,0.0,4.77972723247121e-08,0.0
191,[Pt] + OCO.[Pt] <=> OC[Pt] + O.[Pt],-3.618965699100853e-11,-1.7295551324348672e-10,1.9059490281040796e-10,5.382562059424368e-11,-2.5702164334312647e-10,-3.9379631569557194e-10,-1.3678235935416169e-10,-3.159617776976135e-11,-1.6837741955246037e-10,1.0922857210341851e-10,8.70292524336142e-11,0.0,0.0,8.527101614785538e-11,0.0
192,C[Pt] + OCO.[Pt] <=> OC[Pt] + CO.[Pt],2.4159274248505866e-11,5.434025889384182e-10,-8.342348754583758e-11,4.3580897904279417e-10,1.2894830531980685e-10,6.481778793074487e-10,5.19234437066839e-10,-1.3719278292304653e-09,-8.526958417916373e-10,-2.7494794116082406e-10,-5.917095500176415e-11,0.0,0.0,-9.35599305666972e-10,0.0
193,C=[Pt] + OCO.[Pt] <=> 2 OC[Pt],-3.204736348581109e-10,-3.9180332167804024e-10,-6.561815739918072e-10,-7.275168427568243e-10,6.465036135155711e-12,-6.488351960092882e-11,-7.134533770023757e-11,1.714396154091578e-09,1.6430513018763918e-09,2.003175388181519e-10,9.12569767816926e-11,0.0,0.0,8.574739053974284e-12,0.0
194,C#[Pt] + OCO.[Pt] <=> OC=[Pt] + OC[Pt],7.219461005045356e-10,1.019857428899606e-09,9.961900020656876e-10,1.2941011766900018e-09,4.548857755848657e-10,7.527972537228026e-10,2.9789535790232237e-10,-3.5330441302037776e-09,-3.235154855514007e-09,-5.060910809466014e-10,-3.085413852273227e-09,0.0,0.0,7.760386558530508e-09,0.0
195,C~[Pt] + OCO.[Pt] <=> OC[Pt] + OC#[Pt],-7.663944859555201e-09,4.6354226064946905e-10,-3.567913369288947e-08,-2.755164115578467e-08,1.9617423012716266e-08,2.774491390935273e-08,8.127479553308789e-09,6.057522701377182e-08,6.870271260821062e-08,-2.462822824296746e-09,2.0127937833131326e-08,0.0,0.0,2.926639422768044e-07,0.0
196,O=C[Pt] + OCO.[Pt] <=> OC[Pt] + O=CO.[Pt],-3.608745414887673e-10,2.86225260550277e-10,-7.402664594194592e-10,-9.317145247684818e-11,8.591692758562194e-12,6.55684011967164e-10,6.47086522003458e-10,-4.8795082417833413e-11,5.982965712016901e-10,-7.523635898819933e-11,-4.9839026867591067e-11,0.0,0.0,-5.468778018868044e-12,0.0
197,OCO + [Pt] <=> OCO.[Pt],-4.906290534121263e-09,1.6671171178961223e-08,-6.203031099523852e-08,-4.0452849834316455e-08,5.072142884604057e-08,7.229887894449654e-08,2.157744140252903e-08,7.960518463977012e-08,1.0118262178811113e-07,-1.3711098300275267e-08,1.9524559076478134e-08,0.0,0.0,9.136527374327166e-08,0.0
198,OCO.[Pt] + [Pt] <=> OC[Pt] + O[Pt],2.044598640835325e-09,3.3989303403237707e-09,1.2914105622559463e-09,2.64572957409602e-09,2.778081927964796e-09,4.132401678112751e-09,1.354321638511189e-09,-7.943372479035549e-09,-6.5890565282849705e-09,-1.884075586852577e-09,-8.100010505234237e-09,0.0,0.0,1.6419443879868873e-08,0.0
199,OCO.[Pt] + [Pt] <=> OC[Pt] + O[Pt],6.433730480174225e-09,9.805632254001013e-09,4.772197863781427e-09,8.144086394976775e-09,8.051752870364632e-09,1.1423634183855689e-08,3.3718856533950994e-09,-2.3817385578281196e-08,-2.044549974564065e-08,-5.474994215235309e-09,-2.3383715227935045e-08,0.0,0.0,4.779893010759587e-08,0.0
200,OC(O)[Pt] + [Pt] <=> OC=[Pt] + O[Pt],-2.2272979190615898e-08,-2.3253943953636027e-08,-4.452067561857399e-08,-4.550165820746713e-08,-6.080415094408195e-10,-1.589010117285492e-09,-9.809741789682406e-10,1.1405494863610906e-07,1.1307397830987218e-07,1.0982807824271912e-08,6.771809032148602e-08,0.0,0.0,-3.81066167302536e-08,0.0
201,OC=[Pt] + O.[Pt] <=> [Pt] + OC(O)[Pt],1.7923669518922088e-10,2.980420968588382e-10,4.136107810350397e-10,5.32398968102691e-10,-4.897386395616074e-11,6.982399674701262e-11,1.188055813509522e-10,-1.469533558685723e-09,-1.3507263754146686e-09,-1.8683011670803045e-10,3.5691617585728664e-10,0.0,0.0,-2.6175820085432163e-10,0.0
202,OC=[Pt] + CO.[Pt] <=> C[Pt] + OC(O)[Pt],-1.5946106091648877e-10,7.082581980213093e-10,-3.822630172780997e-10,4.854539689112714e-10,5.7516947420473645e-11,9.252262672504998e-10,8.677088546312086e-10,-1.6400439663052972e-09,-7.723363604278098e-10,-3.05597619231361e-10,-4.126327707209867e-11,0.0,0.0,-2.610531667543282e-12,0.0
203,C=[Pt] + OC(O)[Pt] <=> OC=[Pt] + OC[Pt],-4.098210833530949e-10,6.273021267292027e-10,-8.566100905922106e-10,1.8050744123231395e-10,2.5288985333193672e-11,1.0624146240537708e-09,1.0371128671722288e-09,-9.07043771286016e-10,1.3007155660427564e-10,-2.278006047410951e-10,-3.248129682060245e-11,0.0,0.0,-1.1814084918809012e-12,0.0
204,2 OC=[Pt] <=> C#[Pt] + OC(O)[Pt],-6.298773474178494e-10,2.877721918488523e-10,-1.4575212642339035e-09,-5.398892648196893e-10,1.7609932074161918e-10,1.0937325843317354e-09,9.176292823405522e-10,8.386839620422762e-10,1.7563122741737363e-09,-1.1300114089653944e-10,9.012270927367156e-10,0.0,0.0,1.0049213071744351e-09,0.0
205,C~[Pt] + OC(O)[Pt] <=> OC=[Pt] + OC#[Pt],-2.419375231573105e-10,3.6363628094981523e-10,-5.375168106300466e-10,6.804411988552245e-11,4.591147841845541e-11,6.514644628166461e-10,6.055539659270775e-10,-5.253992989143173e-10,8.015579900146562e-11,-1.4679788412610469e-10,-3.5712240631329045e-11,0.0,0.0,-1.6577828837683616e-12,0.0
206,O=CO + [Pt] <=> OC(O)[Pt],1.969805862147545e-09,2.775130294173287e-09,4.146078695398882e-09,4.951390967592971e-09,-1.4944927516944535e-10,6.558536420837678e-10,8.053131628765343e-10,-1.2624774242664445e-08,-1.1819456647847318e-08,-1.186873598702124e-09,-7.650101579590557e-09,0.0,0.0,4.460541145926071e-09,0.0
207,[Pt] + O=CO.[Pt] <=> OC(O)[Pt] + [Pt],3.965246167277016e-08,3.979792300360328e-08,8.225814191569651e-08,8.240358481908567e-08,-1.837200428475518e-09,-1.6917423566536294e-09,1.454414323794145e-10,-2.0551772741890246e-07,-2.0537228776471517e-07,-1.8535392813157194e-08,-1.197264037981673e-07,0.0,0.0,6.780928415351242e-08,0.0
208,C.[Pt] + O=CO.[Pt] <=> C[Pt] + OC(O)[Pt],-3.2704909482177155e-10,3.833381698497255e-10,-6.659153541392647e-10,4.446274969799579e-11,2.953014625644432e-12,7.133370478478587e-10,7.103733040470844e-10,-4.229841020054357e-10,2.8739581329256643e-10,-1.3168806196505557e-10,-9.263184648838477e-12,0.0,0.0,-1.1814084918809012e-12,0.0
209,C=[Pt] + O=CO.[Pt] <=> C#[Pt] + OC(O)[Pt],-2.5575337723826037e-11,1.382999551240154e-10,-8.484611695200443e-11,7.901827554065951e-11,3.215504814590603e-11,1.960288035001918e-10,1.6386375552710008e-10,-3.505463624288498e-10,-1.8668167451671173e-10,-7.335984808592156e-11,-2.58991080998137e-11,0.0,0.0,-9.527487837749204e-13,0.0
210,C[Pt] + O=CO.[Pt] <=> C=[Pt] + OC(O)[Pt],4.9599162422518664e-11,3.90127479437917e-10,1.2834862668794905e-10,4.688620907183856e-10,-2.7087529220417443e-11,3.1343404795455225e-10,3.4051271954786206e-10,-1.201308469273754e-09,-8.607888209894813e-10,-1.5876064112812547e-10,-4.348025447413979e-12,0.0,0.0,7.002703560745666e-11,0.0
211,C#[Pt] + O=CO.[Pt] <=> C~[Pt] + OC(O)[Pt],-2.4809432087609385e-10,5.7472794773456764e-11,-5.188603986807531e-10,-2.1329926348754493e-10,1.559143113046011e-11,3.211734220245977e-10,3.0556648299851953e-10,3.4151888306606085e-10,6.470852863994312e-10,8.42475207168457e-12,-8.17875616768503e-11,0.0,0.0,2.477146837814793e-11,0.0
212,[H][H].[Pt] + O=CO.[Pt] <=> [Pt] + OC(O)[Pt],2.2824480503073636e-10,6.259055915291e-10,4.046382324119347e-10,8.023109393349907e-10,5.6496152241238534e-11,4.541634334419263e-10,3.9765872720892664e-10,-2.217631434708289e-09,-1.8199698018238923e-09,-3.2414771137991934e-10,-4.5387886192175174e-11,0.0,0.0,7.240890756689395e-13,0.0
213,O[Pt] + O=CO.[Pt] <=> O=[Pt] + OC(O)[Pt],3.0914512705554957e-10,4.3483809099812766e-10,6.268180038803105e-10,7.524917565196065e-10,-2.06589500559487e-13,1.2546267499303785e-10,1.2568247379830066e-10,-1.8800504003987553e-09,-1.75437050231922e-09,-2.295402867234151e-10,-2.0447749712779258e-10,0.0,0.0,8.313685887219956e-11,0.0
214,O.[Pt] + O=CO.[Pt] <=> O[Pt] + OC(O)[Pt],-1.4223434089933295e-10,1.7763927745306187e-10,-3.226997702988502e-10,-2.830635387237734e-12,3.351610838488618e-11,3.5338194041473195e-10,3.19862670677796e-10,-2.3264436902690782e-10,8.721678756334298e-11,-7.895028681562408e-11,-3.8736953986051815e-11,0.0,0.0,7.393330562093382e-12,0.0
215,O=C[Pt] + O=CO.[Pt] <=> O=C=[Pt] + OC(O)[Pt],-4.596542040889273e-10,-3.803302478802735e-10,-9.105327367680617e-10,-8.312269685215422e-10,-2.057388379101244e-11,5.873442787404341e-11,7.930703571674521e-11,2.008520770502997e-09,2.087825687153879e-09,2.3151453256851985e-10,-3.4956062292648354e-11,0.0,0.0,9.527487837749204e-12,0.0
216,CO.[Pt] + O=CO.[Pt] <=> OC[Pt] + OC(O)[Pt],-4.3639382230736386e-11,2.3436009173415566e-10,-1.267887260232924e-10,1.5119947791522172e-10,3.735624263058018e-11,3.1534238676634426e-10,2.779814270970429e-10,-5.958758964224352e-10,-3.178938523502137e-10,-1.2201230262518582e-10,-4.4820752438164654e-11,0.0,0.0,-2.286597081059809e-11,0.0
217,OC[Pt] + O=CO.[Pt] <=> OC=[Pt] + OC(O)[Pt],-7.31058161128335e-10,-1.2342363246938308e-09,-1.4519680178677258e-09,-1.9551634102018294e-09,-2.9007596343264438e-11,-5.321932870796446e-10,-5.031948118656995e-10,4.91459089434149e-09,4.41139334050536e-09,6.308790559480731e-10,-4.693461461220386e-11,0.0,0.0,-3.5632804513182024e-12,0.0
218,C=O.[Pt] + O=CO.[Pt] <=> O=C[Pt] + OC(O)[Pt],5.947466596344715e-11,6.192881631963057e-10,7.030784275740447e-11,6.300994371991195e-10,4.8937406985473775e-11,6.087388771970803e-10,5.597984167421844e-10,-1.8583533206888797e-09,-1.2985565330017207e-09,-3.009454359527973e-10,-4.274126200679275e-11,0.0,0.0,-3.3346207432122215e-12,0.0
219,OC=[Pt] + O=CO.[Pt] <=> O=C[Pt] + OC(O)[Pt],-1.8247517078930093e-10,-1.5114807896496014e-10,-3.7319063501245663e-10,-3.4187543242322816e-10,3.256822714702501e-12,3.4583340022586575e-11,3.1323760809471665e-11,7.891106486448919e-10,8.204325555935206e-10,8.874332808688619e-11,6.604530353522498e-11,0.0,0.0,-1.4291231756623807e-12,0.0
220,OC=[Pt] + O=CO.[Pt] <=> OC#[Pt] + OC(O)[Pt],-2.4536070268895405e-10,8.894854966807888e-10,-5.334985065178911e-10,6.013358268411115e-10,3.5229586007173696e-11,1.1700661368034164e-09,1.1348422260366596e-09,-1.9717571390290185e-09,-8.369172481206728e-10,-3.554424400731142e-10,-5.1712286842959144e-11,0.0,0.0,1.977906475116735e-11,0.0
221,CC=[Pt] + O=CO.[Pt] <=> CC#[Pt] + OC(O)[Pt],5.144620173815367e-11,-2.919617974491604e-10,6.979619533939709e-11,-2.7361357135407205e-10,3.3576870002697796e-11,-3.0982940797672285e-10,-3.43418448750967e-10,6.668194325182836e-10,3.23406854958141e-10,8.72186629787855e-11,-4.597220581751934e-11,0.0,0.0,-1.1814084918809012e-12,0.0
222,OCO + 2 [Pt] <=> [Pt] + OC(O)[Pt],1.3321155384245595e-08,7.529107996578234e-09,4.3581203604675215e-08,3.778911306433393e-08,-1.6146245462697954e-08,-2.1938326591654835e-08,-5.792067506661236e-09,-8.832414211302596e-08,-9.411621527539494e-08,-1.8453920964816634e-09,-2.9324922505592574e-08,0.0,0.0,-6.541763699155359e-08,0.0
223,OCO.[Pt] + [Pt] <=> [Pt] + OC(O)[Pt],5.16161293551921e-10,1.115616773312801e-09,1.0190768646175298e-09,1.6185355403041728e-09,2.6443456071614337e-11,6.259139265032084e-10,5.99451934600557e-10,-4.328629660598532e-09,-3.729179636010588e-09,-4.731739522024789e-10,-2.6369485398215757e-09,0.0,0.0,1.5243980540398726e-09,0.0
224,[H][H].[Pt] + OC(O)[Pt] <=> [Pt] + OCO.[Pt],-2.1042703243257734e-10,1.0957430031574934e-12,-4.5167235725266194e-10,-2.4016852554794006e-10,2.4511236625205015e-11,2.3604030725409794e-10,2.1151771445802171e-10,4.5219889297777164e-10,6.637193459923154e-10,1.7201349937546222e-11,-3.148451628325063e-11,0.0,0.0,-3.929135984287772e-11,0.0
225,O=C=[Pt] + OCO.[Pt] <=> O=C[Pt] + OC(O)[Pt],-1.633275298838847e-10,-3.3566260663391216e-10,-3.3540360131181396e-10,-5.077506661153594e-10,4.241160923250645e-12,-1.6810344555430186e-10,-1.723484848001666e-10,1.2199548835437904e-09,1.0476062837477676e-09,1.5031634206787552e-10,-4.593783407485204e-11,0.0,0.0,9.527487837749204e-13,0.0
226,O=[Pt] + OCO.[Pt] <=> O[Pt] + OC(O)[Pt],1.2432057151114266e-07,1.2685683163500168e-07,2.508066816107898e-07,2.53342934089577e-07,1.147665437225762e-09,3.68392085357705e-09,2.5362560491661698e-09,-6.342400844228165e-07,-6.317038325985999e-07,-5.969806683779678e-08,-3.812972387563275e-07,0.0,0.0,2.739374362720002e-07,0.0
227,C=[Pt] + OCO.[Pt] <=> C[Pt] + OC(O)[Pt],9.296764555362858e-11,-3.8271510029891044e-10,1.5250836818215123e-10,-3.2317146474909574e-10,3.5010844183051883e-11,-4.4065663540735384e-10,-4.756872420763057e-10,8.629025101258962e-10,3.8721374967402906e-10,1.3286088127897918e-10,1.019122170085569e-11,0.0,0.0,4.763743918874602e-12,0.0
228,C[Pt] + OCO.[Pt] <=> C.[Pt] + OC(O)[Pt],-1.734985597153148e-10,2.7268961168774327e-10,-3.5271225908684415e-10,9.347629013393531e-11,1.0207951792351123e-12,4.4720859866117315e-10,4.4618440490077977e-10,-3.9804958142062896e-10,4.8136931638183226e-11,-8.925154978958643e-11,-1.1165660605473763e-10,0.0,0.0,6.907428682368173e-11,0.0
229,C#[Pt] + OCO.[Pt] <=> C=[Pt] + OC(O)[Pt],1.9088535647315898e-10,2.1177919180634145e-10,3.425167483426483e-10,3.634100354845983e-10,4.32379672347444e-11,6.412018407621201e-11,2.0882507206314444e-11,-1.037039474110177e-09,-1.0161577269990983e-09,-1.396632332997361e-10,-2.3029067587093802e-10,0.0,0.0,1.2157074480967984e-11,0.0
230,C~[Pt] + OCO.[Pt] <=> C#[Pt] + OC(O)[Pt],2.8567541415154743e-12,1.581092698085489e-10,-2.785358626810912e-11,1.2737859242569803e-10,3.27748166475845e-11,1.880137804906653e-10,1.5524342555788863e-10,-4.719348306191793e-10,-3.166853370002001e-10,-8.592856173346954e-11,-1.1060826790338485e-10,0.0,0.0,-1.9054975675498407e-11,0.0
231,O[Pt] + OCO.[Pt] <=> O.[Pt] + OC(O)[Pt],-2.803190001362059e-10,-2.73269710924709e-10,-5.921757299196155e-10,-5.851358827787663e-10,2.3381070533908998e-11,3.042740216579505e-11,7.031864671514048e-12,1.2680184288408461e-09,1.2750515883851636e-09,1.2867782572598498e-10,4.757049185154899e-11,0.0,0.0,2.905883790513507e-11,0.0
232,C=O.[Pt] + OC(O)[Pt] <=> O=C[Pt] + OCO.[Pt],-2.613191223760405e-10,5.842243870952659e-10,-5.511316236311699e-10,2.9440785439108767e-10,2.09263011743198e-11,8.664706356118808e-10,8.455284550475073e-10,-1.0569933164258586e-09,-2.114630286040698e-10,-2.1388314888253497e-10,-6.235034119848979e-11,0.0,0.0,1.1680700089080525e-11,0.0
233,CO.[Pt] + OC(O)[Pt] <=> OC[Pt] + OCO.[Pt],5.4068997566355375e-11,-1.1470925282074231e-10,1.1009154930880763e-10,-5.868124898927456e-11,-4.739406189305879e-13,-1.6924844884137707e-10,-1.6878412364435784e-10,1.6675933429813946e-10,-2.023244799461016e-12,2.97700635850942e-11,-3.065959445923533e-11,0.0,0.0,6.1928670945369826e-12,0.0
234,C=O.[Pt] + OCO.[Pt] <=> OC[Pt] + OC(O)[Pt],4.670546749469049e-11,-1.060722197370303e-10,7.175543057420583e-11,-8.10214944300893e-11,2.2323818383986918e-11,-1.3044555966827257e-10,-1.5278324149925977e-10,2.0598217566749838e-10,5.32018330489145e-11,2.9164106939567004e-11,-3.2601597919938016e-11,0.0,0.0,6.440581778318462e-12,0.0
235,CC#[Pt] + OCO.[Pt] <=> CC=[Pt] + OC(O)[Pt],-1.457929699807897e-11,2.0049948442089666e-10,-5.480866975337601e-11,1.6025751115438247e-10,2.4608455213703597e-11,2.3966615099650275e-10,2.150627040858098e-10,-5.579604830987216e-10,-3.4289246762409107e-10,-1.0111657184878024e-10,-1.2590369339033521e-10,0.0,0.0,1.4291231756623807e-12,0.0
236,OC=[Pt] + OCO.[Pt] <=> OC[Pt] + OC(O)[Pt],1.653715867265208e-10,3.138981426692349e-11,3.4076965959823283e-10,2.0676702797853478e-10,-5.419936308795953e-12,-1.394147520836951e-10,-1.339928593191809e-10,-4.1973109651091345e-10,-5.537172914927604e-10,-2.7619894842900922e-11,1.0369954762725671e-10,0.0,0.0,1.1432985405299046e-11,0.0
237,OC=[Pt] + OCO.[Pt] <=> OC[Pt] + OC(O)[Pt],-1.5835283732710775e-10,-1.5535916972219286e-10,-3.425417067532828e-10,-3.3956737587671124e-10,2.1023519762818382e-11,2.4023865264004037e-11,2.9832153151877776e-12,7.274747550644708e-10,7.30459266726214e-10,7.390716376575258e-11,-4.157262275610441e-11,0.0,0.0,1.2004634675563997e-12,0.0
238,OC#[Pt] + OCO.[Pt] <=> OC=[Pt] + OC(O)[Pt],-3.4172690058335104e-10,-7.139517646063433e-11,-7.088188620199812e-10,-4.3848719560148833e-10,1.5761563660332625e-11,2.8610239541677536e-10,2.703296735288665e-10,8.759456613431672e-10,1.1462700200758464e-09,6.07324934726774e-11,1.0971460259403494e-10,0.0,0.0,2.2160936710604648e-11,0.0
239,O=CO.[Pt] + OCO.[Pt] <=> 2 OC(O)[Pt],-2.701110295184631e-10,4.935785100301392e-10,-5.729827121416802e-10,1.9071950274473317e-10,2.483934936138773e-11,7.885255970324644e-10,7.636837491600504e-10,-8.03212193994352e-10,-3.952795712235582e-11,-1.8016459360723128e-10,-7.250719115667817e-11,0.0,0.0,-1.4291231756623807e-12,0.0
240,OC=[Pt] + OCO.[Pt] <=> OC[Pt] + OC(O)[Pt],-7.187445656907682e-11,3.225351757529469e-10,-1.6045762196924151e-10,2.339629018143804e-10,1.4400503421352477e-11,4.088085810150025e-10,3.9440431050144906e-10,-7.61981516697752e-10,-3.6757876994234695e-10,-1.3849041398581248e-10,-4.205382715344667e-11,0.0,0.0,1.2004634675563997e-12,0.0
241,OC=[Pt] + OCO.[Pt] <=> OC[Pt] + OC(O)[Pt],1.7891654170784415e-11,2.0741770495063612e-10,-7.125626236151571e-12,1.8238001541156354e-10,4.2265781349758576e-11,2.3177835057442908e-10,1.895116586265067e-10,-6.408576470404699e-10,-4.51346536169696e-10,-1.1906070735181142e-10,-4.88938039442402e-11,0.0,0.0,-5.468778018868044e-12,0.0
