,Reaction,SYNGAS Selec,SYNGAS Yield,CO Selectivity,CO % Yield,H2 Selectivity,H2 % Yield,CH4 Conversion,H2O+CO2 Selectivity,H2O+CO2 yield,Exit Temp,Peak Temp,Dist to peak temp,O2 Conversion,Max CH4 Conv,Dist to 50 CH4 Conv
0,[H][H] + 2 [Pt] <=> 2 [Pt],-2.6421251365287373e-05,0.0018164057568288102,-0.004668780202024732,-0.0028260387445032875,0.004346148909935875,0.006189056497060318,0.0018428274950925557,0.0046550834083342275,0.006497996688579946,-0.001151329284439549,-0.001608421685810023,0.0,0.0,0.030813081246759973,0.0
1,O=C=O + [Pt] <=> O=C=O.[Pt],1.5404585431662592e-09,1.3292702888761034e-09,-2.5081905791992853e-09,-2.719369102353541e-09,5.353810063482618e-09,5.142624659813868e-09,-2.1118346814125215e-10,3.5956807769790296e-09,3.384497959805842e-09,-1.5976954216034868e-09,5.839676245583938e-10,0.0,0.0,5.142782941622462e-07,0.0
2,[C-]#[O+] + [Pt] <=> O=C=[Pt],6.277005845952036e-05,-7.42414617005787e-05,0.0004724831292544414,0.0003354710477330802,-0.00032313270501684645,-0.00046014369645695676,-0.00013701143415790703,-0.0006343529957605394,-0.0007713635607827236,6.117355710261007e-05,-0.00015678871062213375,0.0,0.0,0.0011959690422080674,0.0
3,[O][O] + 2 [Pt] <=> 2 O=[Pt],-0.00035531434790150043,-0.0008317698683377852,0.0012745085578517448,0.0007980452720107988,-0.0018904207629040454,-0.002366868969218981,-0.0004764572133529621,-0.0013585186123638785,-0.001834969352960878,0.0004292714582899045,0.013493523529072238,0.0,0.0,0.834090820335462,0.0
4,O=C=[Pt] + O=[Pt] <=> O=C=O.[Pt] + [Pt],1.22367458189443e-05,2.2060819573422023e-05,2.467104415072601e-05,3.449511914634072e-05,5.250616428332917e-07,1.0349134258311964e-05,9.824072562921308e-06,-8.913898175205506e-05,-7.931491794988577e-05,-1.151886813064163e-05,1.3161955363242469e-05,0.0,0.0,-2.3767893978688735e-06,0.0
5,C=[Pt] + [Pt] <=> C[Pt] + [Pt],-0.00011118538865547544,0.0019950570813345994,-0.005463877210787636,-0.003357747481584448,0.004930436940188129,0.007036785599098421,0.0021062448118353084,0.00561420321129564,0.007720566271994994,-0.0012840448937158206,-0.0015254028615952612,0.0,0.0,-0.016378696235567963,0.0
6,C[Pt] + [Pt] <=> C + 2 [Pt],1.1429973560921306e-06,2.2616466948228754e-06,2.2726130755026868e-08,1.1413754635307771e-06,2.1981644659068086e-06,3.316813822262713e-06,1.1186493254521088e-06,-3.7439636754014806e-06,-2.6253143935192677e-06,-1.1723231027267462e-06,-1.031390846669486e-05,0.0,0.0,-1.8649087025921534e-05,0.0
7,C=[Pt] + [Pt] <=> C#[Pt] + [Pt],1.6073820148152852e-05,0.0001089899760360969,-0.00020694382183296606,-0.00011402787316168481,0.00022613088320391867,0.00031904723426920265,9.291614095933856e-05,0.00016927009063934608,0.0002621863888746702,-6.491648797498786e-05,-0.00015291241633954742,0.0,0.0,-6.839455152986588e-05,0.0
8,O=C=[Pt] + [Pt] <=> C~[Pt] + O=[Pt],0.007624204548478176,0.01724901090460925,0.006535384631848783,0.016160086199162173,0.008649748141527528,0.018274653196717058,0.009624072597153735,-0.046776918725881585,-0.037157347973350345,-0.009385000253202725,-0.011988569883367245,0.0,0.0,0.048883616720132736,0.0
9,C#[Pt] + [Pt] <=> C~[Pt] + [Pt],7.191603475724962e-11,2.1937866391076043e-08,-6.088741294217195e-08,-3.9021465064429325e-08,5.748861857121208e-08,7.93545712620656e-08,2.18659526503351e-08,6.549202365782118e-08,8.73579740184837e-08,-1.4757752603263816e-08,-1.4635888238348884e-08,0.0,0.0,1.826922550083374e-06,0.0
10,C~[Pt] + [H][H] <=> C=[Pt],3.7311448069520717e-06,1.1575378507325533e-05,-1.2325086586200185e-05,-4.480854138798056e-06,1.885427489978028e-05,2.6698509798302694e-05,7.844233413379025e-06,2.462045748983123e-06,1.0306279363456424e-05,-6.437018947140481e-06,-2.8105693395955802e-05,0.0,0.0,1.9773002747793297e-05,0.0
11,C + O=[Pt] + [Pt] <=> C[Pt] + O[Pt],-5.703630890811241e-09,6.672321783512719e-08,-1.8876767604608002e-07,-1.1634083909920598e-07,1.667217222455101e-07,2.3914856706109115e-07,7.242684894672688e-08,1.948736540766261e-07,2.6730050382642695e-07,-4.330038024659423e-08,-3.421520766827045e-08,0.0,0.0,-4.942240514786923e-06,0.0
12,O=C=[Pt] + O[Pt] <=> O=C=O.[Pt] + [Pt],1.1611987834661198e-06,2.1820885042238052e-06,2.4125412214187397e-06,3.433430966070569e-06,-1.742241314943357e-08,1.0034673121238292e-06,1.0208897211803138e-06,-8.915822577385459e-06,-7.894932955131853e-06,-1.1542143039389945e-06,6.816827253670013e-07,0.0,0.0,-4.2840129819642296e-07,0.0
13,O[Pt] + [Pt] <=> [Pt] + O=[Pt],1.183909213797848e-08,1.0281148055253473e-08,4.758290244860245e-08,4.6024963616766586e-08,-2.1827469257399987e-08,-2.338541529721095e-08,-1.5579442394347465e-09,-1.0532600182120612e-07,-1.0688393787503859e-07,-4.572085248370384e-09,-3.5626196563814384e-09,0.0,0.0,-1.1175765383519242e-08,0.0
14,C + O[Pt] + [Pt] <=> C[Pt] + O.[Pt],3.413083278547354e-07,-3.599931712622304e-06,1.0421703625457321e-05,6.4804631919820526e-06,-9.153268924978432e-06,-1.3094508595296175e-05,-3.9412400261688295e-06,-1.0962497777580222e-05,-1.4903737370176661e-05,2.349105551460105e-06,1.812300943801683e-06,0.0,0.0,-0.0001264027507222857,0.0
15,O + [Pt] <=> O.[Pt],-2.8642036661579877e-09,-3.347106141795265e-08,1.3850482689162834e-07,1.0789798660564584e-07,-1.360176188878653e-07,-1.6662447509691746e-07,-3.060685206251384e-08,-2.1607367083613658e-07,-2.46680531416385e-07,1.9949164476833818e-08,2.9763436328695406e-07,0.0,0.0,-1.3563150698532136e-09,0.0
16,O.[Pt] + [Pt] <=> [Pt] + O[Pt],3.0048439656681495e-05,-0.000468328438309585,0.001279698057461534,0.0007813149515352267,-0.001146978302344541,-0.001645349314271109,-0.0004983767282058257,-0.0012981262609070925,-0.001796496519562962,0.0003026839357002744,0.0003171804513738326,0.0,0.0,-0.007245099022527575,0.0
17,O.[Pt] + O=[Pt] <=> 2 O[Pt],8.561475971614225e-07,-3.8201693062855e-06,1.3422697590013977e-05,8.746380093220916e-06,-1.0980102476878496e-05,-1.5656418818472698e-05,-4.676316858640279e-06,-1.5431795909412905e-05,-2.0108112047733665e-05,2.6063378724385734e-06,-9.609683516209811e-08,0.0,0.0,-0.00031325168492221103,0.0
18,[H] + [Pt] <=> [Pt],-1.4593720073325817e-09,-2.5573327521188917e-09,-2.539038556191009e-09,-3.6369928848061848e-09,-4.4246185407084527e-10,-1.540401621032567e-09,-1.0979516264939767e-09,6.629335677598467e-09,5.531379627221672e-09,3.4846098721758576e-10,-3.44059488793166e-09,0.0,0.0,8.977345839957251e-11,0.0
19,C + [Pt] <=> C.[Pt],0.00031641102044527704,0.0014288500292203164,-0.0020484067538757513,-0.0009359940521588036,0.0025437983782233093,0.003656262165250526,0.0011124354889133156,0.0010397117708672637,0.0021521588259057114,-0.0008298990229084215,-0.003378900746590265,0.0,0.0,-0.044681253968362256,0.0
20,[CH3] + [Pt] <=> C[Pt],-3.875409201856723e-09,-3.853222539640902e-09,-5.519338414362887e-09,-5.497140121105606e-09,-2.327004246105305e-09,-2.304810545461586e-09,2.2195544705189045e-11,1.3390879952746592e-08,1.341308369239027e-08,1.7527171590528522e-09,2.5620353454795287e-08,0.0,0.0,8.309490177306005e-09,0.0
21,[H][H] + [Pt] <=> [H][H].[Pt],3.267558973127743e-06,7.4385008766879985e-06,-3.650359546616124e-06,5.205820656684831e-07,9.783445478987914e-06,1.3954387668912688e-05,4.170941773777033e-06,-5.366364149631355e-06,-1.1954225951144546e-06,-3.942922726251009e-06,-2.327704647329074e-05,0.0,0.0,1.194890147139735e-05,0.0
22,[OH] + [Pt] <=> O[Pt],-6.100171525413617e-08,-3.0792639351778205e-07,4.771889507901547e-07,2.3026427536047032e-07,-5.679156511318828e-07,-8.148403320647957e-07,-2.469246723499384e-07,-2.8618007375582824e-07,-5.331047472476227e-07,1.7915708020090816e-07,5.046658621307634e-07,0.0,0.0,-6.672110597860162e-08,0.0
23,[CH]=O + [Pt] <=> O=C[Pt],5.2325072268740564e-11,-4.871853264758375e-10,-4.0161055239845525e-11,-5.7965415441263e-10,1.3943640635049937e-10,-4.0004527194963244e-10,-5.395000763288142e-10,1.1075366782970723e-09,5.680390284499399e-10,8.671924440968587e-11,-8.722497307420246e-11,0.0,0.0,-1.3304132195608779e-10,0.0
24,O=C=O + 2 [Pt] <=> O=C=[Pt] + O=[Pt],0.009504028551126458,0.019401735811245175,0.01611747911893581,0.026015840896830133,0.0032749159548263744,0.013172006734199004,0.009896766668588193,-0.06970890853934936,-0.059819040798786596,-0.010421144204446346,0.010573910434290356,0.0,0.0,-0.006595661226088457,0.0
25,O + 2 [Pt] <=> [Pt] + O[Pt],0.0005724037325442595,-0.006289616919803356,0.01798288285642149,0.011119667500245503,-0.015826272526689934,-0.022687167904917923,-0.006861981374107813,-0.018707092288084277,-0.025567789985001643,0.004103229177983284,0.003589243914784198,0.0,0.0,-0.12943232545583117,0.0
26,CC + 2 [Pt] <=> 2 C[Pt],-1.2462077926022525e-05,-3.2498553366068665e-05,9.989817633499497e-06,-1.0046662296480364e-05,-3.3609190781234726e-05,-5.364566198026157e-05,-2.0036477932370982e-05,4.3139543028099356e-05,2.3103056442544217e-05,1.7015507287425827e-05,1.7697085140527773e-05,0.0,0.0,0.0021842008140891675,0.0
27,C=O + 2 [Pt] <=> O=C[Pt] + [Pt],-1.531675282276986e-07,9.258502397612021e-08,-9.327414137379542e-07,-6.869888476844145e-07,5.81101728147632e-07,8.268542943277233e-07,2.4575256459063493e-07,1.3490967757237259e-06,1.5948493432578884e-06,-9.239998852235183e-08,5.313552194509539e-07,0.0,0.0,-1.3400197154576519e-05,0.0
28,C=O + 2 [Pt] <=> C=[Pt] + O=[Pt],3.88994590641256e-05,8.57840025569534e-05,4.989969739243866e-05,9.678424605590673e-05,2.8538495081633353e-05,7.54230337343203e-05,4.688452525717642e-05,-0.00026955444654551316,-0.00022267004767164607,-4.668576556225813e-05,-4.3364699968179915e-05,0.0,0.0,0.0003463766396850193,0.0
29,CO + 2 [Pt] <=> C[Pt] + O[Pt],9.619114773969072e-06,3.3080583313745384e-05,-1.181257113942284e-05,1.1648892396063986e-05,2.9805307024824764e-05,5.326678032009434e-05,2.3461466294275732e-05,-5.036889651340753e-05,-2.690744203900861e-05,-1.9121202479891803e-05,-1.3247280008181833e-05,0.0,0.0,0.0013721306171966033,0.0
30,CC=O + 2 [Pt] <=> C[Pt] + O=C[Pt],4.912591636016217e-10,1.396757626567459e-09,1.446856872873609e-09,2.352373753724844e-09,-4.087923598796957e-10,4.967217539709926e-10,9.055116789282495e-10,-4.253203677816748e-09,-3.3476848549474066e-09,-2.7988393251757357e-10,-2.0883635302599873e-10,0.0,0.0,-1.845506833328917e-10,0.0
31,C=C + 2 [Pt] <=> 2 C=[Pt],-0.002371459168291197,-0.0023699496516157467,-0.003097450481789697,-0.0030959409760674722,-0.0016876585426931566,-0.001686149015689006,1.5095524758748993e-06,0.007117081405798371,0.007118591065706802,0.0009209666385640317,-0.0006752244299388407,0.0,0.0,3.213043291142869e-06,0.0
32,C.[Pt] + [Pt] <=> C[Pt] + [Pt],-8.551736057913605e-08,1.377367959652437e-06,-3.824537992160769e-06,-2.3616527285812457e-06,3.4362116181377913e-06,4.899096991729104e-06,1.4628853241612614e-06,3.967205005873044e-06,5.430090383851216e-06,-8.885023995226843e-07,-1.1120404641738255e-06,0.0,0.0,4.001075003313525e-06,0.0
33,O=C[Pt] + [Pt] <=> O=C=[Pt] + [Pt],3.55567070933951e-07,2.362013130920902e-06,-4.3676774045038655e-06,-2.3612314255040294e-06,4.804322127863844e-06,6.81076829414115e-06,2.0064460622235167e-06,3.424619836169115e-06,5.43106596775992e-06,-1.4059258868923878e-06,-3.1612099169054607e-06,0.0,0.0,-1.870126542031782e-06,0.0
34,C[Pt] + [H][H].[Pt] <=> C.[Pt] + [Pt],-2.068857617335168e-09,7.177455311040706e-08,-1.9180293582355726e-07,-1.1795952483881898e-07,1.7663889031434464e-07,2.504823128162624e-07,7.384341269590334e-08,1.965498314612689e-07,2.7039324419399653e-07,-4.606982035398665e-08,-5.679133064315373e-08,0.0,0.0,1.116609045375664e-06,0.0
35,C#[Pt] + [H][H].[Pt] <=> C=[Pt] + [Pt],7.978875040672204e-06,2.9455008329088407e-05,-3.8384079902140355e-05,-1.6907956563327486e-05,5.16474658427461e-05,7.31236085175534e-05,2.1476131577773226e-05,1.740392059696338e-05,3.8880055916250214e-05,-1.6726876116091844e-05,-6.308577270043857e-05,0.0,0.0,6.072060533998906e-05,0.0
36,C=[Pt] + [H][H].[Pt] <=> C[Pt] + [Pt],1.5053482711637955e-09,5.9489771369245734e-09,-5.198292367631403e-09,-7.546687353057524e-10,7.81940957939546e-09,1.2263043374452425e-08,4.443628458573031e-09,-1.912463218515095e-09,2.5311665261917975e-09,-3.106094943215704e-09,-1.5827574535713364e-08,0.0,0.0,1.1385040560313e-09,0.0
37,C~[Pt] + [H][H].[Pt] <=> C#[Pt] + [Pt],3.007548238765737e-06,9.08556998144278e-06,-8.978209169318169e-06,-2.9001881423446494e-06,1.4296758263280847e-05,2.037478069507348e-05,6.078021570972085e-06,5.887558323193846e-07,6.666777447540683e-06,-5.041822760972872e-06,-2.3694243143696926e-05,0.0,0.0,5.772719178463352e-06,0.0
38,[H][H].[Pt] + O=[Pt] <=> [Pt] + O[Pt],5.568969322373169e-08,1.0657377213385735e-07,1.129293151948436e-07,1.6381339282489268e-07,1.7765284436817676e-09,5.266060855949289e-08,5.088408339081237e-08,-4.274084540029699e-07,-3.7652436323216886e-07,-5.674289801635372e-08,-3.734288625361601e-09,0.0,0.0,7.668175081028168e-07,0.0
39,[H][H].[Pt] + O[Pt] <=> O.[Pt] + [Pt],2.5733552222343e-08,-9.159803054839723e-07,2.337707256920101e-06,1.3959933858215075e-06,-2.151880735370525e-06,-3.0935945624693125e-06,-9.417138461984272e-07,-2.2647936748502233e-06,-3.206507495249206e-06,5.859571402072555e-07,7.85901423139338e-07,0.0,0.0,-6.237969390771117e-06,0.0
40,O=C=[Pt] + [H][H].[Pt] <=> O=C[Pt] + [Pt],2.0968197250775323e-07,1.4388865082611566e-06,-2.6550360331205927e-06,-1.425831523903528e-06,2.907918064349239e-06,4.137122640101719e-06,1.2292045434062644e-06,2.0486326765246472e-06,3.2778372448770795e-06,-8.594923200925737e-07,-2.2081619197923387e-06,0.0,0.0,6.133653515128438e-06,0.0
41,C.[Pt] + O=C=[Pt] <=> C[Pt] + O=C[Pt],5.054301248129087e-08,3.0832318877369304e-07,-5.511715340875764e-07,-2.933913624134226e-07,6.172891765963756e-07,8.750693602272885e-07,2.57780179153674e-07,4.2079858147258117e-07,6.785787640471068e-07,-1.8133420632645217e-07,-4.3684451837484015e-07,0.0,0.0,-2.5059333743735885e-07,0.0
42,O=C[Pt] + C#[Pt] <=> C=[Pt] + O=C=[Pt],4.57024977660157e-08,2.3040675786337424e-06,-5.531955913107499e-06,-3.2735909586200276e-06,5.299217562142479e-06,7.557582759057276e-06,2.2583650787208907e-06,5.267787577119513e-06,7.5261527687984935e-06,-1.4431773780800655e-06,-1.9012734979607181e-06,0.0,0.0,-1.3399889570104297e-06,0.0
43,C=[Pt] + O=C[Pt] <=> C[Pt] + O=C=[Pt],1.1165858550857567e-09,5.840660500817701e-09,-1.3796457904974722e-08,-9.072385644220388e-09,1.516295216772814e-08,1.988702607118579e-08,4.724074226119108e-09,1.360097047319271e-08,1.8325050779158066e-08,-4.235704974207436e-09,-1.2042683400121512e-08,0.0,0.0,-3.849309292648949e-08,0.0
44,O=C[Pt] + C~[Pt] <=> C#[Pt] + O=C=[Pt],4.502703652681144e-10,1.7228511261381693e-09,-2.0137554277140715e-09,-7.411754392911452e-10,2.7710882920804347e-09,4.0436667918572615e-09,1.2725907749332437e-09,-9.703706250150215e-11,1.1755468335018345e-09,-9.89794785499252e-10,-5.200201819978324e-09,0.0,0.0,-8.62413879051631e-11,0.0
45,O=C[Pt] + O=[Pt] <=> O=C=[Pt] + O[Pt],3.07086666268317e-07,4.622873204957007e-07,9.929263399121062e-07,1.148127002260485e-06,-3.388957155949747e-07,-1.8369505401175167e-07,1.552006619296217e-07,-2.7922553778240213e-06,-2.637054715367859e-06,-2.3274336392854497e-07,-4.37996012035969e-08,0.0,0.0,-6.721197547556218e-07,0.0
46,O=C[Pt] + O[Pt] <=> O=C=[Pt] + O.[Pt],2.8778665989358233e-09,-2.5207579222324408e-08,7.510915958204993e-08,4.7023738343609325e-08,-6.515572235514971e-08,-9.324115833218669e-08,-2.8085432638584077e-08,-7.924375651998804e-08,-1.0732919329405023e-07,1.6919376555062876e-08,1.739194935439489e-08,0.0,0.0,-5.972289697234512e-08,0.0
47,C.[Pt] + O=[Pt] <=> C[Pt] + O[Pt],0.00042438298027875244,0.00026213515120240247,0.0020161198317900668,0.0018538694201743328,-0.0010748507359277831,-0.001237096132532963,-0.0001622471405243135,-0.004100413286192765,-0.004262653773905812,-8.06765843945176e-05,-0.00019228437138719802,0.0,0.0,-0.0008855969536959393,0.0
48,C=[Pt] + C.[Pt] <=> 2 C[Pt],6.104335997224978e-09,4.7437895894708263e-08,-8.943218913728661e-08,-4.8098613985519094e-08,9.608879509602519e-08,1.374223706354932e-07,4.1333566480046287e-08,6.796802345666166e-08,1.093015881704281e-07,-2.8820568524097942e-08,-8.560672621807937e-08,0.0,0.0,-2.5388316676369337e-07,0.0
49,C.[Pt] + C#[Pt] <=> C=[Pt] + C[Pt],6.581704982784573e-06,4.0736154685399124e-05,-7.51593458981134e-05,-4.100492410790749e-05,8.357240816493371e-05,0.00011772688417284357,3.415444746269535e-05,6.012967607402509e-05,9.428414407536775e-05,-2.4124235106132494e-05,-6.005297010127825e-05,0.0,0.0,-2.7077065511729036e-05,0.0
50,C.[Pt] + C~[Pt] <=> C[Pt] + C#[Pt],-4.3244914860137213e-10,1.1842969170229764e-09,-1.4215074393407076e-09,1.9524655956909781e-10,4.991184083575227e-10,2.115869017972378e-09,1.6167534215955284e-09,-6.593562794369754e-10,9.57397136004906e-10,-3.291994307388635e-10,-9.263284624325793e-10,0.0,0.0,-1.0537343641654741e-10,0.0
51,C.[Pt] + O[Pt] <=> C[Pt] + O.[Pt],1.3511017920253746e-06,-1.3705408357938945e-05,3.992406284992549e-05,2.4867546915015535e-05,-3.498020741771671e-05,-5.003671208592672e-05,-1.505650994044488e-05,-4.212436471812065e-05,-5.718086832446025e-05,8.959840062375489e-06,6.866868476271936e-06,0.0,0.0,-0.00039209215244898386,0.0
52,C#[Pt] + O[Pt] <=> C=[Pt] + O=[Pt],6.36142384290186e-05,9.822910554541847e-05,0.00013702019993688458,0.00017163509247638983,-5.5257656857692936e-06,2.908907751498832e-05,3.461484509927045e-05,-0.0004292642217043453,-0.00039464952518892784,-4.895532483492499e-05,-0.00010297696170274462,0.0,0.0,-0.0012129728646015036,0.0
53,C=[Pt] + O[Pt] <=> C[Pt] + O=[Pt],-1.9821437848220686e-08,1.166165586831453e-07,-3.8025446475721715e-07,-2.43816467142924e-07,3.19665183316553e-07,4.561031968214619e-07,1.3643799579055023e-07,4.250742257044528e-07,5.615122297933371e-07,-7.804244121921445e-08,-1.5158881059454932e-08,0.0,0.0,-1.390047520431655e-06,0.0
54,C~[Pt] + O[Pt] <=> C#[Pt] + O=[Pt],3.517338881149185e-10,-2.043983912313202e-09,3.4161136472596685e-10,-2.0541034098269806e-09,3.6126814520232367e-10,-2.034452505253474e-09,-2.395718609537541e-09,3.844668257786995e-09,1.4489528182414992e-09,3.6102746320973457e-10,-3.863867129092687e-10,0.0,0.0,-4.415088118011763e-12,0.0
55,2 C=[Pt] <=> C[Pt] + C#[Pt],3.523146865164256e-08,1.3722968278853818e-07,-1.6879542252902276e-07,-6.679719984615798e-08,2.274014085847037e-07,3.29399626688512e-07,1.0199821854229802e-07,5.0867793253782075e-08,1.528660149951478e-07,-7.897711247136999e-08,-3.469213585743092e-07,0.0,0.0,-5.727958720783741e-07,0.0
56,C[Pt] + C~[Pt] <=> C=[Pt] + C#[Pt],1.8014561459649536e-05,5.031978931686647e-05,-3.938185660802286e-05,-7.076647303101635e-06,7.207541020733303e-05,0.00010438065552667038,3.230522203719578e-05,-1.6030410375807592e-05,1.6274806479021992e-05,-2.7678926905468647e-05,-0.00014950555947742465,0.0,0.0,-0.00011721219232995105,0.0
57,C=[Pt] + C~[Pt] <=> 2 C#[Pt],1.0250664819950907e-09,-1.79475828947178e-09,1.5339532909557007e-09,-1.2858617250472666e-09,5.457534215466202e-10,-2.2740655335631276e-09,-2.819818489660238e-09,2.4973256587070387e-09,-3.224901245509122e-10,2.2378887329883864e-10,-6.738044613243916e-10,0.0,0.0,-5.8867841573490175e-12,0.0
58,C#[Pt] + O.[Pt] <=> C=[Pt] + O[Pt],-9.343773659741469e-06,-0.00016311388417060657,0.00035974026550929537,0.00020596958747476474,-0.000356978645021425,-0.0005107482209720365,-0.00015377012487199264,-0.000319822979675626,-0.00047359261275780554,0.00010081150818795745,0.00017884985153096718,0.0,0.0,-0.0007218887605094114,0.0
59,C=[Pt] + O.[Pt] <=> C[Pt] + O[Pt],-1.0142784579892579e-08,-2.8348319686859475e-07,6.470656472190673e-07,3.73725253478844e-07,-6.291578054773554e-07,-9.024982022381769e-07,-2.733404066667214e-07,-5.882219524712808e-07,-8.615623493559974e-07,1.7588893051771305e-07,2.869749717530117e-07,0.0,0.0,-3.1952098672165963e-06,0.0
60,C~[Pt] + O.[Pt] <=> C#[Pt] + O[Pt],-0.00036615692568363215,-0.0035758613460226134,0.0071777873554586796,0.0039678407959112105,-0.007471687974194156,-0.010681164327160599,-0.003209716172938166,-0.005913853743168991,-0.009123380098190989,0.0021726625562299247,0.004538629252299589,0.0,0.0,-0.007708890535343726,0.0
61,CO + [Pt] <=> CO.[Pt],-3.369774133052147e-07,7.85510266943253e-08,-1.0850318672969783e-06,-6.695034158711244e-07,3.6760417443949605e-07,7.831326366751801e-07,4.155284487545385e-07,1.1427270164761427e-06,1.5582554686806246e-06,-1.3821123515268827e-07,2.4146342731118548e-06,0.0,0.0,-9.70996672455082e-05,0.0
62,CO.[Pt] + [Pt] <=> C.[Pt] + O[Pt],5.1755783402997405e-11,-5.005838888249113e-10,-1.0844505526073154e-09,-1.636783005578279e-09,1.1219319534758209e-09,5.696154913076009e-10,-5.523377242969623e-10,2.1187109774171693e-09,1.5663701392601213e-09,-2.661558495009404e-10,-2.4542123509740593e-10,0.0,0.0,2.3993060529315257e-08,0.0
63,CO.[Pt] + [Pt] <=> C[Pt] + O[Pt],2.5074699367004556e-10,4.31062813180686e-09,-3.4731403044776194e-10,3.7125680870414815e-09,8.140399300426215e-10,4.873932161978e-09,4.059885374600744e-09,-9.782321524486379e-09,-5.722441472934707e-09,-1.6983750704347027e-09,-1.1085764188838266e-09,0.0,0.0,1.1186067255794603e-08,0.0
64,CO.[Pt] + [Pt] <=> C[Pt] + O[Pt],1.8138904605516788e-09,1.2567944207046084e-08,-4.5096986711350045e-10,1.0303079383318912e-08,3.947141373977718e-09,1.4701202343897223e-08,1.0754053339555326e-08,-2.9159197270837577e-08,-1.840514217594709e-08,-5.719288345751124e-09,-3.4939595849438823e-09,0.0,0.0,6.875646160100506e-08,0.0
65,CO.[Pt] + [Pt] <=> C[Pt] + O.[Pt],-3.713991056728724e-11,1.7508845657012833e-09,-5.136098865631959e-10,1.2744394189758694e-09,4.1162819165311157e-10,2.1996713076028756e-09,1.7880375907601823e-09,-3.4877461120835405e-09,-1.6997031757623158e-09,-6.900790530545728e-10,1.2101008759109518e-11,0.0,0.0,-2.528373795581403e-09,0.0
66,CO.[Pt] + [Pt] <=> C[Pt] + O[Pt],3.859852764808046e-09,8.80667258548706e-09,3.1778391781635456e-09,8.124668784823716e-09,4.50223141115122e-09,9.449057019443604e-09,4.9468198955621264e-09,-2.4546768723796705e-08,-1.9599956365822594e-08,-5.121673211845505e-09,-3.437099876085085e-09,0.0,0.0,6.916029499419919e-08,0.0
67,CO.[Pt] + [Pt] <=> C[Pt] + O[Pt],1.9795782721727523e-09,1.7636186088104377e-09,3.0408986549918486e-09,2.824957728073513e-09,9.799360887874504e-10,7.639887876143988e-10,-2.1595252958946268e-10,-7.3422559461913505e-09,-7.558206616852902e-09,-1.239983818445462e-09,-1.0492551694234091e-09,0.0,0.0,1.0757803708347461e-08,0.0
68,[CH]C + 2 [Pt] <=> C[Pt] + C#[Pt],-7.56661137777285e-07,-4.138223560269215e-07,-1.0133337948514624e-06,-6.704950058559333e-07,-5.149049070607851e-07,-1.720661021247648e-07,3.428387884767833e-07,1.2010722663475397e-06,1.543911050065271e-06,6.471462686309087e-08,-1.7456144830054244e-07,0.0,0.0,7.623385483766977e-11,0.0
69,C.[Pt] + C~[Pt] <=> CC#[Pt] + [Pt],1.34561324094321e-09,-9.75359704843648e-10,2.8283946215960077e-09,5.074243974702108e-10,-5.099690697617368e-11,-2.371957411369639e-09,-2.3209663440469856e-09,-5.190808160505838e-10,-2.8400486224293674e-09,1.4123029404957853e-10,3.570173391662746e-12,0.0,0.0,1.4513866339944001e-09,0.0
70,CC#[Pt] + [Pt] <=> C[Pt] + C~[Pt],1.0527512470530786e-09,-1.5779395700282906e-09,1.91510058649116e-09,-7.155748174546944e-10,2.4050497010558817e-10,-2.390173343260673e-09,-2.6306919307169595e-09,1.4985303318891285e-09,-1.1321586517059967e-09,2.1574210463831982e-10,-2.0030551765855196e-11,0.0,0.0,4.120748910144312e-11,0.0
71,CO.[Pt] + C~[Pt] <=> CC#[Pt] + O[Pt],-5.895976272362983e-10,3.767793182471721e-09,-6.553983134804905e-10,3.7020060383311104e-09,-5.276209209276179e-10,3.82977213855686e-09,4.357397173085039e-09,-7.441742402501461e-09,-3.0843521078555724e-09,-7.674420808852302e-10,-4.894895623832344e-11,0.0,0.0,1.1479229106830584e-10,0.0
72,[CH]C + 2 [Pt] <=> CC#[Pt] + [Pt],-7.56311285017596e-07,-4.14852175401567e-07,-1.0128027707843393e-06,-6.713436656732771e-07,-5.147257089284252e-07,-1.7326659805788338e-07,3.4145911563607686e-07,1.202927528153758e-06,1.5443866534020691e-06,6.492080154987298e-08,-1.746175939747229e-07,0.0,0.0,1.671846700687121e-10,0.0
73,CO + 2 [Pt] <=> OC[Pt] + [Pt],-4.885294111145384e-07,3.9303458699291635e-07,-1.739830252688951e-06,-8.582662635022469e-07,6.900525944630571e-07,1.5716166159777229e-06,8.815640032286692e-07,1.1370681247587032e-06,2.0186321360800566e-06,-3.849246554011304e-07,4.251287538731546e-06,0.0,0.0,-0.00015229060695132253,0.0
74,C=O + [Pt] <=> OC[Pt],8.715936292976802e-10,-1.5220890460034318e-09,1.496688220321778e-09,-8.969935364798973e-10,2.8282615445292175e-10,-2.1108573859694082e-09,-2.3936806675814743e-09,1.8162475096260603e-09,-5.774346119287347e-10,2.2279622729609746e-10,1.5577230219412717e-11,0.0,0.0,-1.2067907522565486e-11,0.0
75,OC[Pt] + [Pt] <=> C=[Pt] + O[Pt],1.4743220279807935e-09,1.5347149115619016e-09,2.5185625416865768e-09,2.5789719148957684e-09,4.907551078732114e-10,5.511744861230205e-10,6.040349049375931e-11,-6.2239243347018495e-09,-6.1635210770668975e-09,-9.019984145759533e-10,-8.993266773598457e-10,0.0,0.0,1.293915157785314e-09,0.0
76,C=[Pt] + O.[Pt] <=> OC[Pt] + [Pt],8.872870669494828e-08,3.325420251827605e-07,-1.3036805421445154e-07,1.1344527654476088e-07,2.950927370486134e-07,5.389060709992954e-07,2.4381333111570557e-07,-5.05040142721174e-07,-2.6122681771420115e-07,-1.9456594522158703e-07,-2.774332887656813e-08,0.0,0.0,-5.636595830661684e-10,0.0
77,OC[Pt] + [Pt] <=> CO.[Pt] + [Pt],-5.239689300949202e-07,3.563377328292933e-07,-1.8896817769041309e-06,-1.00937510479775e-06,7.62376085901533e-07,1.6426827731756196e-06,8.803066762230804e-07,1.4863627554729506e-06,2.3666694381890934e-06,-3.67786854485209e-07,4.2083670833304525e-06,0.0,0.0,-0.00017168956490545392,0.0
78,CO.[Pt] + [Pt] <=> OC[Pt] + [H][H].[Pt],2.7313489710764055e-11,1.5619292925269753e-10,-1.2774226369649723e-10,1.1470098147009663e-12,1.7334622526820958e-10,3.0224342346053963e-10,1.2888943105817773e-10,-2.0595441832619307e-10,-7.706942549467507e-11,-9.922236001868101e-11,4.472111932714387e-12,0.0,0.0,-2.29201941166384e-09,0.0
79,CO.[Pt] + O=C=[Pt] <=> OC[Pt] + O=C[Pt],-4.540202462750748e-10,3.5525507644810633e-10,-9.492705839537565e-10,-1.3999892016100128e-10,1.2448820835842585e-11,8.217275898522063e-10,8.092847733700252e-10,1.0384256386194608e-11,8.196685048927491e-10,-7.556781697463615e-11,-6.839700602974945e-12,0.0,0.0,-4.874257282284987e-10,0.0
80,CO.[Pt] + O=[Pt] <=> OC[Pt] + O[Pt],4.309269196777546e-10,-3.3556058064919096e-09,-1.160562641413198e-10,-3.902589379676942e-09,9.461223997603645e-10,-2.8404099596711853e-09,-3.786523881473375e-09,8.501244561497985e-09,4.714714778645731e-09,6.797301904728032e-10,3.6325574740854846e-09,0.0,0.0,-3.281081565076678e-07,0.0
81,C=[Pt] + CO.[Pt] <=> OC[Pt] + C[Pt],-3.2053438310321204e-12,-2.036674200674088e-10,-1.8697599288283862e-10,-3.8743442629899305e-10,1.6988554920573598e-10,-3.056495326362107e-11,-2.004530798827785e-10,4.183036612065963e-10,2.1785665785626424e-10,-2.3633422916326957e-11,-3.7374078294827376e-11,0.0,0.0,-1.1126022057389643e-10,0.0
82,C=[Pt] + CO.[Pt] <=> OC[Pt] + C[Pt],1.0278510470992691e-09,-1.1233929559875672e-09,1.8606126999189298e-09,-2.906236117998573e-10,2.434729804786124e-10,-1.9077512458730046e-09,-2.1512348925631443e-09,6.720725934014256e-10,-1.4791542162074497e-09,1.2503115608995137e-10,4.708870799740443e-11,0.0,0.0,-2.7962224747407832e-11,0.0
83,C[Pt] + CO.[Pt] <=> OC[Pt] + C.[Pt],1.2125852840329233e-09,-5.850860098453674e-10,2.414230550024742e-09,6.165496367855111e-10,8.07731405970404e-11,-1.7169040978317692e-09,-1.797672758511654e-09,-1.0674370215741118e-09,-2.8651035117061536e-09,-4.224025543579438e-13,-2.2905480865457303e-11,0.0,0.0,-1.3804508848983445e-10,0.0
84,CO.[Pt] + C#[Pt] <=> C=[Pt] + OC[Pt],9.991143352241472e-10,-7.584482617852863e-10,2.184733338236438e-09,4.271815025167557e-10,-1.1761492117879076e-10,-1.875175637853701e-09,-1.7575516427235108e-09,-3.562034612925455e-10,-2.1137498730432377e-09,1.1149315422277927e-10,8.275286114148807e-10,0.0,0.0,-3.416395185717502e-09,0.0
85,CO.[Pt] + C~[Pt] <=> OC[Pt] + C#[Pt],2.0407768252401415e-11,-1.5840593286098745e-09,-4.889748809506986e-10,-2.093436288056101e-09,5.001758371543896e-10,-1.1042846025705414e-09,-1.6044564521055206e-09,3.801459190959694e-09,2.1970097609469433e-09,2.46725332000475e-10,3.747554638069569e-10,0.0,0.0,-6.26059495134068e-10,0.0
86,CO.[Pt] + O[Pt] <=> OC[Pt] + O.[Pt],2.4045029070703886e-10,3.11798608944536e-10,6.153393193721313e-10,6.866924730928493e-10,-1.12664231811641e-10,-4.130845180890958e-11,7.135569556377764e-11,-1.2470494561861728e-09,-1.1756933533221665e-09,-6.893609687121643e-11,-9.893138372160188e-11,0.0,0.0,-1.2509416334366662e-10,0.0
87,C=[Pt] + CO.[Pt] <=> OC[Pt] + C[Pt],-2.0688699931800757e-10,1.658284582315297e-09,-1.6889841496833382e-10,1.6962841397158915e-09,-2.4266789264463415e-10,1.6225233634045838e-09,1.865174386974843e-09,-3.3641323934072013e-09,-1.4989527069298221e-09,-3.359789917363085e-10,-4.744572533657071e-11,0.0,0.0,-2.0544876709148071e-10,0.0
88,C=[Pt] + CO.[Pt] <=> OC[Pt] + C[Pt],4.0475200769847684e-10,-1.0105637706235675e-09,5.406050558413133e-10,-8.746905678607119e-10,2.76794003816249e-10,-1.1385107480758528e-09,-1.4153021660607988e-09,1.5465208501032936e-09,1.3122681408492082e-10,1.226657017855469e-10,-4.316151726657541e-11,0.0,0.0,-2.96399582322523e-10,0.0
89,C=O + [Pt] <=> C=O.[Pt],-1.087219645859417e-06,5.556583161932875e-07,-6.337026939700805e-06,-4.694149057108392e-06,3.857497258927743e-06,5.500375313816473e-06,1.6428779936200576e-06,9.25302720559882e-06,1.0895905358500643e-05,-5.888128137961201e-07,3.802313544162394e-06,0.0,0.0,-8.783354903512189e-05,0.0
90,O=C[Pt] + [Pt] <=> C=O.[Pt] + [Pt],-1.0241207199272625e-07,5.9603357797464525e-08,-6.165372363876685e-07,-4.5452180369757854e-07,3.8183491900913173e-07,5.438503460679498e-07,1.62015428922303e-07,8.892214161162819e-07,1.0512368538352403e-06,-6.087779662096364e-08,3.5346268663367243e-07,0.0,0.0,-8.434949321267427e-06,0.0
91,C=O.[Pt] + C[Pt] <=> C.[Pt] + O=C[Pt],-2.9919842648275116e-10,8.361661049842391e-10,-5.415873942318686e-10,5.937687474102002e-10,-7.089579433539696e-11,1.0644766393852753e-09,1.135369349891419e-09,-1.3751806197310824e-09,-2.3981631592853503e-10,-1.8463215650985724e-10,-3.162422009562317e-11,0.0,0.0,-3.973579306210587e-11,0.0
92,C=O.[Pt] + [Pt] <=> C=[Pt] + O=[Pt],1.367159586927098e-09,-1.4397504759966669e-09,2.0872394423841826e-09,-7.196530745736312e-10,6.88926877395138e-10,-2.1179697020454793e-09,-2.8068976603877606e-09,9.413299080027824e-10,-1.8655636123782324e-09,-2.1183488101050883e-11,-7.290669873500765e-10,0.0,0.0,-7.535083721406742e-11,0.0
93,C=O.[Pt] + C#[Pt] <=> C=[Pt] + O=C[Pt],5.508117292963188e-10,2.8388880086791862e-11,1.6550743387470266e-09,1.1326562613253334e-09,-4.892891270411913e-10,-1.0117044544917284e-09,-5.224201818398743e-10,-1.8284211435251302e-09,-2.3508372573180876e-09,2.9673779443645555e-11,1.1294901188044615e-09,0.0,0.0,-5.580671381166869e-10,0.0
94,C=O.[Pt] + C=[Pt] <=> C[Pt] + O=C[Pt],-1.1721162711855294e-10,1.845818093394894e-10,-3.8141520600561045e-10,-7.962159797049207e-11,1.3163786897360573e-10,4.334311438257036e-10,3.017956356572519e-10,-1.6691078767640486e-10,1.348898095932229e-10,-1.0549503795089647e-10,2.78097716824256e-11,0.0,0.0,-2.9433920786745085e-13,0.0
95,C=O.[Pt] + C~[Pt] <=> O=C[Pt] + C#[Pt],4.701459721894951e-10,-6.484316927390853e-10,9.327877112187247e-10,-1.8578372859781484e-10,3.4402484607159576e-11,-1.08416305012748e-09,-1.11856672641691e-09,6.545601610213178e-10,-4.640099560141618e-10,1.2285578293500796e-10,2.8371604231955683e-10,0.0,0.0,-2.657883047043081e-10,0.0
96,C=O.[Pt] + [Pt] <=> O=C[Pt] + [H][H].[Pt],4.773363380807293e-11,2.196266995805443e-09,2.1286124735604276e-10,2.3614064560156145e-09,-1.0780967233511552e-10,2.040739552586541e-09,2.148545363723165e-09,-4.683490301548091e-09,-2.5349394115653487e-09,-5.106213278356004e-10,-1.7027848039604108e-10,0.0,0.0,1.5626468545682966e-09,0.0
97,C=O.[Pt] + O=[Pt] <=> O=C[Pt] + O[Pt],-5.890530900603701e-10,8.712929010850981e-10,2.570447869405907e-09,4.0307995878535166e-09,-3.564952961328288e-09,-2.1046153532950507e-09,1.4603448423550895e-09,-7.776488000668295e-09,-6.316139784920302e-09,3.9532655062359963e-10,-9.883743179024233e-11,0.0,0.0,-7.299053110617833e-08,0.0
98,C=O.[Pt] + O[Pt] <=> O=C[Pt] + O.[Pt],-4.0814298920312085e-10,4.2445780101460275e-10,-9.576140814527588e-10,-1.2500813911053447e-10,1.0940783176674396e-10,9.42006757923481e-10,8.326032656836592e-10,-7.213244760918797e-11,7.60474497478588e-10,-1.1147203409506138e-10,-5.374050473766029e-12,0.0,0.0,-2.042714102600109e-10,0.0
99,C=O.[Pt] + O=C=[Pt] <=> 2 O=C[Pt],1.3852283204919893e-10,-2.6041427236936837e-10,1.629916269835662e-10,-2.359335466072404e-10,1.1547603111240082e-10,-2.8345730589252117e-10,-3.989236720123765e-10,3.8632953843554516e-10,-1.2600704548559042e-11,2.954705867733817e-11,-2.2623625071378666e-11,0.0,0.0,-1.1067154215816152e-10,0.0
100,C=O.[Pt] + OC[Pt] <=> CO.[Pt] + O=C[Pt],-7.220439194359344e-10,1.6615453627716462e-09,-1.3169585677744644e-09,1.0666394742125443e-09,-1.6171450850267328e-10,2.2218935441190382e-09,2.383601866206913e-09,-2.400127258888802e-09,-1.652010974244223e-11,-3.218073860375995e-10,-5.0715252547882904e-11,0.0,0.0,-1.97795947686927e-10,0.0
101,C=O.[Pt] + [Pt] <=> OC[Pt] + [Pt],-1.5325008748907624e-10,3.969637038113304e-09,-3.1511757075627586e-09,9.717244120460393e-10,2.670440296596827e-09,6.793342204456716e-09,4.1228952126301526e-09,-4.730175454199584e-09,-6.072880253213963e-10,-1.9397992503779856e-09,1.6186038734622577e-10,0.0,0.0,-4.1203662691740846e-08,0.0
102,C=O.[Pt] + [H][H].[Pt] <=> OC[Pt] + [Pt],-1.2260749549820547e-10,-4.2957305376840144e-10,-4.0389417021546044e-10,-7.108593326609239e-10,1.4234433554188346e-10,-1.6461860689994441e-10,-3.069667400763871e-10,1.2416519895899586e-09,9.346865638534333e-10,6.209317549061775e-11,-1.500600247674668e-10,0.0,0.0,5.3569735831876056e-11,0.0
103,C=O.[Pt] + O=C[Pt] <=> OC[Pt] + O=C=[Pt],1.3253292311398833e-10,-3.3805484588926073e-10,2.2439415521399076e-10,-2.4619291217206575e-10,4.601016890003982e-11,-4.245632560599696e-10,-4.70584365692028e-10,5.575230985198156e-10,8.694119838954908e-11,6.749992818639942e-11,-6.07305284308105e-11,0.0,0.0,-8.359233503435604e-11,0.0
104,C=O.[Pt] + O[Pt] <=> OC[Pt] + O=[Pt],-4.778437477219351e-10,7.73160408678387e-10,-8.750976566461131e-10,3.7591653607637084e-10,-1.0367608703827204e-10,1.1473336211828774e-09,1.2510052264598025e-09,-8.31561864508036e-10,4.194496156556674e-10,-1.2807245448132858e-10,1.5671182150772265e-11,0.0,0.0,-1.8425634412502424e-10,0.0
105,C=O.[Pt] + C[Pt] <=> C=[Pt] + OC[Pt],1.2745882670192978e-10,-5.955483243901459e-10,1.9667307613817746e-09,1.2437409757407477e-09,-1.6049125564447947e-09,-2.3279030653794618e-09,-7.229980336791466e-10,-2.2437327308577383e-09,-2.966733322083994e-09,3.7786020500089864e-10,2.569773226546301e-10,0.0,0.0,5.315471754878295e-09,0.0
106,C=O.[Pt] + C.[Pt] <=> OC[Pt] + C[Pt],2.6235553619324296e-10,4.652407376226832e-10,5.743362597975241e-10,7.772265949948714e-10,-3.1482539179447466e-11,1.714158203650501e-10,2.0289306480976993e-10,-1.5822790663032122e-09,-1.3793925335388433e-09,-1.4427159244095571e-10,-6.820910216703036e-12,0.0,0.0,-3.2377312865419594e-12,0.0
107,C=O.[Pt] + C=[Pt] <=> OC[Pt] + C#[Pt],-3.6766160051081944e-10,7.830200197264943e-10,-5.672047382349213e-10,5.834775204616332e-10,-1.797148305220673e-10,9.709661883598034e-10,1.1506885734387231e-09,-1.188117334491639e-09,-3.743581409484692e-11,-1.1772359189955894e-10,-1.2345283780644338e-11,0.0,0.0,5.548294068301448e-10,0.0
108,C=O.[Pt] + C#[Pt] <=> OC[Pt] + C~[Pt],-1.2540814920076365e-09,1.5979585984792597e-08,-3.20251245670035e-08,-1.479145623377876e-08,2.7728727031751475e-08,4.4962396690547875e-08,1.723366899354332e-08,1.9264819646364578e-08,3.649849017422751e-08,-9.667822943378312e-09,4.01212327677805e-09,0.0,0.0,-5.555328775369481e-07,0.0
109,C=O.[Pt] + O.[Pt] <=> OC[Pt] + O[Pt],-4.71247422386259e-10,5.094389940452334e-10,-1.0441236480288046e-09,-6.342008433784093e-11,6.833633599752585e-11,1.0490366114479823e-09,9.806937144911728e-10,-1.0384256386194608e-10,8.76847864777344e-10,-9.066870829293265e-11,-1.1514748707425952e-10,0.0,0.0,-2.2193176273205794e-10,0.0
110,2 C=O.[Pt] <=> OC[Pt] + O=C[Pt],8.113603921330727e-11,2.920793868483213e-11,2.900194627596596e-10,2.381001207016756e-10,-1.1560820971200919e-10,-1.6751454994357664e-10,-5.191899745217549e-11,-2.9753534611630483e-10,-3.4944977149201527e-10,1.750858587813677e-11,-2.0857328761819202e-12,0.0,0.0,2.210487451084556e-10,0.0
111,C=O.[Pt] + CO.[Pt] <=> 2 OC[Pt],8.770885044365924e-10,-1.6106555521424651e-09,1.6239329360022798e-09,-8.638099053129235e-10,1.7364663117641042e-10,-2.3140985700419403e-09,-2.487744859227138e-09,1.9641938290717453e-09,-5.235519480016116e-10,2.873604577297092e-10,-1.1185916947667541e-10,0.0,0.0,6.063387682069487e-11,0.0
112,OC=[Pt] + [Pt] <=> O=C[Pt] + [Pt],1.1184063418716442e-08,4.266857949406304e-08,-1.7775170781910993e-08,1.3709363988451496e-08,3.8460355598900124e-08,6.994488706410641e-08,3.1484525731593233e-08,-6.420670792351131e-08,-3.272217989987614e-08,-2.5317900942723285e-08,-4.5745946994413796e-09,0.0,0.0,3.241263357036369e-09,0.0
113,OC=[Pt] + [Pt] <=> C#[Pt] + O[Pt],3.762082995998557e-06,8.7866222319082e-06,3.928999639732515e-06,8.953538891359207e-06,3.604866644662355e-06,8.629405880773228e-06,5.024539057951947e-06,-2.5611188209534843e-05,-2.0586650432942538e-05,-4.828009325277623e-06,-3.916886026626347e-06,0.0,0.0,1.3401473703721039e-05,0.0
114,C#[Pt] + O.[Pt] <=> OC=[Pt] + [Pt],0.001586173833756525,0.005972869926566772,-0.0022628682228792124,0.0021236590268129503,0.005211530387464627,0.009598385511129287,0.004386626513287815,-0.00926920814187243,-0.004882988234120461,-0.003495808150918227,-0.0004769038576396027,0.0,0.0,-1.5326360289341314e-06,0.0
115,CO.[Pt] + C#[Pt] <=> OC=[Pt] + C[Pt],-3.424334406669624e-09,-4.256137554133464e-09,-1.7559362519383285e-09,-2.5877337954247343e-09,-4.995762269616207e-09,-5.82756770673472e-09,-8.317991797418098e-10,7.051071423542873e-09,6.219271868703255e-09,1.960877137840447e-09,2.224003812602391e-08,0.0,0.0,-8.099331982888645e-08,0.0
116,OC[Pt] + [Pt] <=> OC=[Pt] + [Pt],1.7698448285260288e-09,2.520150582555026e-09,-1.801761699975662e-10,5.701276006738637e-10,3.6065411552596116e-09,4.3568487773841636e-09,7.503092286005848e-10,-4.447952486144278e-09,-3.6976474458105845e-09,-2.1191724950860862e-09,-2.867225041230623e-10,0.0,0.0,-6.674141538394449e-09,0.0
117,OC=[Pt] + [H][H].[Pt] <=> OC[Pt] + [Pt],6.981337870747219e-10,-1.2154211437485065e-09,1.1437353123594e-09,-7.698188232749277e-10,2.7844022819318956e-10,-1.6350974580707176e-09,-1.9135443154423037e-09,1.4577559918416414e-09,-4.557865310980237e-10,1.535010882536768e-10,2.699051084097036e-10,0.0,0.0,-1.4716960393372544e-12,0.0
118,OC=[Pt] + O=C[Pt] <=> OC[Pt] + O=C=[Pt],-5.127312545160647e-11,1.2367630291049896e-09,-8.01307458581543e-11,1.2079128497232135e-09,-2.40805376013789e-11,1.263966601898698e-09,1.288048633987763e-09,-2.478126518015614e-09,-1.190070610692252e-09,-3.0795258225465894e-10,-2.0312407559933836e-11,0.0,0.0,-2.3547136629396068e-12,0.0
119,OC[Pt] + O=[Pt] <=> OC=[Pt] + O[Pt],2.2059943547547317e-10,2.626860009337442e-10,4.286567522423156e-10,4.707519447835216e-10,2.4621268236140403e-11,6.67117242071965e-11,4.208973999060208e-11,-1.007316870547259e-09,-9.652359463926724e-10,-1.0484031399164166e-10,-5.452970096108047e-11,0.0,0.0,-9.671692031316568e-09,0.0
120,OC=[Pt] + C[Pt] <=> C=[Pt] + OC[Pt],4.79189002063376e-09,1.0657312306855325e-08,5.808758267975065e-09,1.167418624056708e-08,3.8341046388399075e-09,9.699533585388438e-09,5.8654326299222335e-09,-3.387250564192399e-08,-2.8007080506702037e-08,-6.212126526048254e-09,-4.811766954965418e-09,0.0,0.0,2.178404477427004e-08,0.0
121,OC=[Pt] + C.[Pt] <=> OC[Pt] + C[Pt],8.479681413693391e-10,-1.35048854274609e-09,1.2236874512374533e-09,-9.747512435015003e-10,4.940836053360767e-10,-1.7043600129381082e-09,-2.1984541463207173e-09,1.7980310598638376e-09,-4.0042035399003825e-10,1.1400644942120904e-10,-5.024549289108517e-11,0.0,0.0,-2.4959964827159834e-10,0.0
122,OC=[Pt] + C=[Pt] <=> OC[Pt] + C#[Pt],1.5790340517428118e-10,7.929569004536621e-10,5.918269862059828e-11,6.942436210396307e-10,2.50886998293009e-10,8.859635078303908e-10,6.350615314524045e-10,-1.770603716018945e-09,-1.135546922551176e-09,-3.398650952364016e-10,-1.2196839729096256e-10,0.0,0.0,-3.287768951879426e-10,0.0
123,OC=[Pt] + C=[Pt] <=> OC[Pt] + C#[Pt],7.562260030703387e-10,-1.0324619976692856e-09,4.31871677884133e-10,-1.356817026640018e-09,1.0617306094723738e-09,-7.269567283828736e-10,-1.7886891776440947e-09,2.0486319138391498e-09,2.5994447624665477e-10,-1.3647826531305165e-10,-2.351241034203997e-10,0.0,0.0,-5.227464331725927e-10,0.0
124,OC[Pt] + C~[Pt] <=> OC=[Pt] + C#[Pt],2.2298487958138605e-08,7.751196586606426e-08,-4.1500594832961326e-08,1.3712884671354952e-08,8.238990116250464e-08,1.3760337457816335e-07,5.5213476191439894e-08,-9.123601794099065e-08,-3.602253885285628e-08,-4.625707140633353e-08,-1.9924555196895358e-08,0.0,0.0,-1.1988347634678913e-07,0.0
125,OC=[Pt] + O.[Pt] <=> OC[Pt] + O[Pt],-7.135045864497871e-10,1.5532905424080223e-09,-1.0302688494295442e-09,1.236540303015125e-09,-4.151489488972254e-10,1.8516629811212049e-09,2.26680145137792e-09,-2.690402425752047e-09,-4.236071155575902e-10,-2.5606042845178553e-10,-1.1804120656013352e-10,0.0,0.0,-8.47520315133538e-09,0.0
126,OC=[Pt] + C=O.[Pt] <=> OC[Pt] + O=C[Pt],6.847678745746651e-10,-3.5744953533342176e-10,1.4406694167772541e-09,3.9847439576548985e-10,-2.7216775282995613e-11,-1.0694282518432994e-09,-1.0422062890426556e-09,-4.883533907270277e-10,-1.5305643581664689e-09,4.646428097937382e-11,-4.633709254652806e-11,0.0,0.0,-1.01841365922138e-10,0.0
127,OC=[Pt] + CO.[Pt] <=> 2 OC[Pt],2.0639196552170916e-10,-1.3501640100940363e-09,1.5443124958015568e-10,-1.4021079836288353e-09,2.5532098949805333e-10,-1.3012087295375333e-09,-1.5565440208118707e-09,2.8055679358430077e-09,1.2490265233983735e-09,2.6649377154442677e-10,-5.821261667037467e-11,0.0,0.0,-8.123762137141644e-11,0.0
128,C=O.[Pt] + OC[Pt] <=> OC=[Pt] + OC[Pt],-2.7053596967707394e-11,3.8313397665309954e-10,-5.0724382348674015e-11,3.5946013137378614e-10,-4.75842958590122e-12,4.0543202610851315e-10,4.1019473874899027e-10,-8.000277526008066e-10,-3.8983429697104535e-10,-1.0511487565197433e-10,-3.9290697694562114e-11,0.0,0.0,-5.415841424761096e-11,0.0
129,OC=[Pt] + C=[Pt] <=> OC[Pt] + C#[Pt],-6.225173746901417e-10,5.75612747192562e-10,-1.8894577272052357e-09,-6.913283044272658e-10,5.708072742905699e-10,1.7689410432997308e-09,1.1981296440078405e-09,5.642405977074952e-10,1.7623770289093639e-09,-2.7287205011523173e-10,-1.8692676263295263e-10,0.0,0.0,-6.210557286003213e-10,0.0
130,OC=[Pt] + C=[Pt] <=> OC[Pt] + C#[Pt],1.2071770398083634e-09,9.687454203160778e-10,1.915547103941412e-09,1.6771195173952629e-09,5.399856281091642e-10,3.0155319869366353e-10,-2.3842534530908257e-10,-3.5686934439979587e-09,-3.807116066576191e-09,-5.409920714939366e-10,-2.300131183544404e-10,0.0,0.0,-8.241497820288624e-10,0.0
131,OC#[Pt] + [Pt] <=> O=C=[Pt] + [Pt],6.8351856397086925e-06,2.2468885925608504e-05,-1.0507897593499528e-05,5.125799978952282e-06,2.3170382692861294e-05,3.880408553451819e-05,1.5633699216221365e-05,-2.742029842027508e-05,-1.1786603485484293e-05,-1.285108103353595e-05,-1.4006502164438408e-05,0.0,0.0,0.000536106687613644,0.0
132,OC#[Pt] + [Pt] <=> C~[Pt] + O[Pt],0.01077914112549333,0.0263419864526134,0.00802383679114596,0.023586253360723064,0.013374322076755122,0.028937571244349126,0.015561167966863208,-0.06978284842374931,-0.05423253948314342,-0.014563893013089389,-0.012839682162290051,0.0,0.0,0.10581933419592228,0.0
133,C~[Pt] + O.[Pt] <=> OC#[Pt] + [Pt],0.0007990829829015092,0.0029274096895028977,-0.0014393075633675968,0.0006889715033590323,0.0029073903792015284,0.005035761957135873,0.002128309699645358,-0.0037124006086380256,-0.001584169920384479,-0.0017011082740631255,-0.0004528442592986391,0.0,0.0,-2.8539365066194327e-07,0.0
134,CO.[Pt] + C~[Pt] <=> C[Pt] + OC#[Pt],-1.4064359396007598e-07,-1.3887653145835253e-07,-2.163143326481833e-07,-2.1454726185968724e-07,-6.937042926344375e-08,-6.76033745669105e-08,1.7670620385184888e-09,4.945762003675413e-07,4.963432539958991e-07,5.4655236751822736e-08,8.484444346491644e-07,0.0,0.0,-1.0946369178475666e-06,0.0
135,OC[Pt] + C~[Pt] <=> C=[Pt] + OC#[Pt],7.463995822138155e-10,-2.105830563433148e-09,1.2722430345420442e-09,-1.5799900890587103e-09,2.5111530678324163e-10,-2.601112033972497e-09,-2.852231471247204e-09,3.298468105496194e-09,4.462444277988969e-10,3.916938886561213e-10,-1.4481750699760414e-10,0.0,0.0,1.3863376690556935e-10,0.0
136,OC=[Pt] + [Pt] <=> OC#[Pt] + [Pt],-2.2783930474633723e-11,1.2745633561013386e-09,1.289032090671535e-10,1.4262429818131682e-09,-1.656438177819402e-10,1.1317135346107471e-09,1.297351076521918e-09,-2.6880850352025855e-09,-1.390729504637038e-09,-2.5734875624257726e-10,-8.455673822359136e-11,0.0,0.0,-3.1052786430016065e-10,0.0
137,OC#[Pt] + [H][H].[Pt] <=> OC=[Pt] + [Pt],3.267730341452177e-07,1.2856288532147984e-06,-4.831038271195927e-07,4.7575199952618116e-07,1.089584245280755e-06,2.0484400902128523e-06,9.588558216674982e-07,-2.0527490661578727e-06,-1.093893260703407e-06,-7.569517979282616e-07,-6.532252302793967e-08,0.0,0.0,1.7179784847361865e-07,0.0
138,OC#[Pt] + O=C[Pt] <=> OC=[Pt] + O=C=[Pt],3.6979529889237827e-06,1.4102459654658458e-05,-2.7508550802898753e-06,7.653650924931485e-06,9.771991218000471e-06,2.0176498520867888e-05,1.0404506283882504e-05,-2.8008959386252225e-05,-1.760445600974751e-05,-8.315060240694988e-06,-6.918539426655994e-08,0.0,0.0,-5.1374848358808477e-08,0.0
139,OC#[Pt] + O[Pt] <=> OC=[Pt] + O=[Pt],2.2787482342122162e-08,2.5518713312029024e-08,7.86540871348867e-08,8.138533265958913e-08,-2.9832445574409264e-08,-2.7101195315029604e-08,2.731244264100305e-09,-1.8916879589094606e-07,-1.8643755197851147e-07,-1.103799122907689e-08,-3.3317910352627974e-08,0.0,0.0,2.182201453208494e-08,0.0
140,OC=[Pt] + C=[Pt] <=> C[Pt] + OC#[Pt],-3.126138423624377e-10,2.41722737004657e-09,-8.531800286594375e-10,1.8766514330776186e-09,1.96537561381314e-10,2.92637295291973e-09,2.729844045477429e-09,-4.156195949372833e-09,-1.4263521359552756e-09,-6.392640257653122e-10,-1.02426395568177e-10,0.0,0.0,-6.61968878493897e-10,0.0
141,C.[Pt] + OC#[Pt] <=> OC=[Pt] + C[Pt],1.8668382234569382e-06,7.204876125680358e-06,-2.6538405528145696e-06,2.684197113742091e-06,6.124799591860103e-06,1.146283772807084e-05,5.338037804040499e-06,-1.150760699626932e-05,-6.169569799864735e-06,-4.231455520030084e-06,-3.3031700826050134e-07,0.0,0.0,2.281746973309266e-08,0.0
142,OC=[Pt] + C#[Pt] <=> C=[Pt] + OC#[Pt],4.158253518583132e-06,1.5953121815141522e-05,-7.212320757841634e-06,4.582546196939879e-06,1.4868031527216219e-05,2.666290108757467e-05,1.1794867811286843e-05,-2.2330659596296152e-05,-1.0535794420266737e-05,-9.340888329535276e-06,-1.1620735693288792e-06,0.0,0.0,-5.35276747590718e-07,0.0
143,OC=[Pt] + C~[Pt] <=> OC#[Pt] + C#[Pt],-6.197946888105005e-10,1.1328353107687483e-09,-1.224593243779394e-09,5.280387127510865e-10,-5.0155770433211346e-11,1.7024844021585537e-09,1.7526300822173634e-09,-1.2567883633054287e-09,4.958413869813066e-10,-2.1996613018189926e-10,-4.5735800185826965e-11,0.0,0.0,4.5504841536307906e-10,0.0
144,OC=[Pt] + C~[Pt] <=> OC#[Pt] + C#[Pt],1.77802526200986e-09,-1.0150299580732587e-09,3.600257443743763e-09,8.07208157095805e-10,6.169135730812339e-11,-2.731354446504765e-09,-2.79304797321694e-09,-1.2625085045351122e-09,-4.055558736926778e-09,4.785820940875504e-11,-2.4108065586859492e-11,0.0,0.0,-1.9632425164758973e-10,0.0
145,OC#[Pt] + O.[Pt] <=> OC=[Pt] + O[Pt],2.803859046389213e-09,-1.26778525985416e-08,4.516992214743842e-08,2.968821434082382e-08,-3.710012966280307e-08,-5.258181790186536e-08,-1.5481704361760593e-08,-5.18122325718892e-08,-6.729393443673677e-08,8.805509248784287e-09,2.703861422982645e-09,0.0,0.0,-5.416606706701551e-07,0.0
146,C=O.[Pt] + OC#[Pt] <=> OC=[Pt] + O=C[Pt],-8.472627182096139e-10,-7.489286373250448e-10,-2.262695285050509e-09,-2.1643597282651107e-09,4.85912564633014e-10,5.842452553881265e-10,9.833416526789874e-11,3.567798755241521e-09,3.6661273694616453e-09,1.135206864836974e-10,-1.9737421740013413e-10,0.0,0.0,-5.62776565442566e-10,0.0
147,CO.[Pt] + OC#[Pt] <=> OC=[Pt] + OC[Pt],5.820359859978403e-11,-1.1762608704006945e-09,-1.6629585611543406e-10,-1.4007538748198133e-09,2.6965635943739713e-10,-9.64799180116628e-10,-1.2344660104490025e-09,2.6009042160506917e-09,1.3664438444169956e-09,1.9759991492864614e-10,-2.4521454084841494e-11,0.0,0.0,7.211310592752547e-11,0.0
148,OC=[Pt] + C=O.[Pt] <=> OC[Pt] + OC#[Pt],-1.2369656985006195e-10,-5.716719935604815e-10,-4.304938526090684e-10,-8.784661418341025e-10,1.6527131445577115e-10,-2.8269205669446293e-10,-4.4797291446519275e-10,1.5437634486900103e-09,1.0957851063085573e-09,9.183031531741699e-11,3.521318387355782e-11,0.0,0.0,2.060374455072156e-12,0.0
149,2 OC=[Pt] <=> OC[Pt] + OC#[Pt],8.9785517219131e-10,-1.0414407343761043e-09,1.7445309204947383e-09,-1.947686388129724e-10,1.0039565452071892e-10,-1.8388938229339975e-09,-1.9392889291322075e-09,7.04604063266651e-10,-1.234685895983371e-09,1.6710245050400257e-10,-1.1606821600158307e-10,0.0,0.0,-1.6041486828776071e-10,0.0
150,OC=[Pt] + C~[Pt] <=> OC#[Pt] + C#[Pt],1.6706153040580153e-10,-6.389429761504679e-10,1.650583648961631e-10,-6.409395260397774e-10,1.6893626653582133e-10,-6.370624549403828e-10,-8.059991118490198e-10,1.0561580764314795e-09,2.5016427823948827e-10,6.661288282224775e-11,-7.431597770540085e-11,0.0,0.0,7.623385483766977e-11,0.0
151,OC=[Pt] + C~[Pt] <=> OC#[Pt] + C#[Pt],-1.978278808457469e-10,2.0559761665033763e-09,-7.896980048749804e-12,2.2459089399519755e-09,-3.7673304135650264e-10,1.877066253519492e-09,2.253811304351835e-09,-4.307413016239594e-09,-2.053603486796918e-09,-3.9511534934642065e-10,-7.910752620473769e-12,0.0,0.0,-1.9691293006332462e-10,0.0
