,Reaction,SYNGAS Selec,SYNGAS Yield,CO Selectivity,CO % Yield,H2 Selectivity,H2 % Yield,CH4 Conversion,H2O+CO2 Selectivity,H2O+CO2 yield,Exit Temp,Peak Temp,Dist to peak temp,O2 Conversion,Max CH4 Conv,Dist to 50 CH4 Conv
0,[H][H] + 2 [Pt] <=> 2 [Pt],4.2497163377642676e-05,0.0020627106856803577,-0.005484660610634282,-0.0034645587486654013,0.005120943211062863,0.007141259328781027,0.0020202126637692956,0.0045579593375656025,0.006578264081818951,-0.0010994954819517602,-0.0014997852126981369,0.0,0.0,0.030277360667494667,0.0
1,O=C=O + [Pt] <=> O=C=O.[Pt],8.445243877971553e-10,5.275180705622247e-09,-2.570555716920105e-09,1.8601102459560356e-09,3.9823456220393835e-09,8.413005205593255e-09,4.430666231980549e-09,-4.685938901791411e-09,-2.552707511629017e-10,-1.7963605028386667e-09,4.143512882709873e-10,0.0,0.0,4.2253272639230993e-07,0.0
2,[C-]#[O+] + [Pt] <=> O=C=[Pt],6.931521808658974e-05,-6.108315038114564e-05,0.0005060621869558113,0.0003756632489642953,-0.0003319752839492839,-0.00046237312913549714,-0.00013039827807650247,-0.0005828837954363252,-0.0007132813134360334,4.627431360248318e-05,-0.00014408152377708201,0.0,0.0,0.0008811727956760728,0.0
3,[O][O] + 2 [Pt] <=> 2 O=[Pt],-0.00020827531360683793,-0.0008257978900561029,0.0023508040324217248,0.0017332656530339916,-0.0025596007003524613,-0.0031771087568132628,-0.0006175238626039338,-0.002673493766503075,-0.0032910011196397907,0.00038684219479850874,0.010732964313296206,0.0,0.0,0.8373121178237596,0.0
4,O=C=[Pt] + O=[Pt] <=> O=C=O.[Pt] + [Pt],1.2454896862822005e-05,2.2477111564656004e-05,2.4404777559238288e-05,3.4426993470576826e-05,1.4751443495963441e-06,1.1497357970932968e-05,1.0022213464444771e-05,-7.538716791501376e-05,-6.536496199743236e-05,-1.0033762617037163e-05,1.2257546589405605e-05,0.0,0.0,-6.402815807046264e-07,0.0
5,C=[Pt] + [Pt] <=> C[Pt] + [Pt],-7.997109438201662e-05,0.002198934921697445,-0.006408246230035921,-0.004129484429520093,0.00573455513506221,0.008013593658846331,0.0022789078385600024,0.005561744098113743,0.007840778683707535,-0.0011971826808024537,-0.0012943094150710806,0.0,0.0,-0.03142294503332982,0.0
6,C[Pt] + [Pt] <=> C + 2 [Pt],7.893888997518939e-07,1.4657484142696217e-06,8.239359081604806e-08,7.58753113273955e-07,1.438988147540268e-06,2.115347673450517e-06,6.763595184996328e-07,-2.118303374125036e-06,-1.4419438564216445e-06,-6.384627774391559e-07,-4.932732746279745e-06,0.0,0.0,-1.3159551936377157e-05,0.0
7,C=[Pt] + [Pt] <=> C#[Pt] + [Pt],2.0328186893058337e-05,0.00011092443516769035,-0.00021641270590286465,-0.00012581667210958815,0.00023784972335683192,0.0003284461686940007,9.059622986540043e-05,0.00014829842078837566,0.00023889478502180032,-5.5480891345129065e-05,-0.0001242183107038624,0.0,0.0,-0.0002405704487082576,0.0
8,O=C=[Pt] + [Pt] <=> C~[Pt] + O=[Pt],0.009288587842648377,0.01952122435731624,0.008845058779030343,0.019077649913168845,0.009696109848025823,0.019928788059066366,0.010231686135512279,-0.046450211873637036,-0.036223278377999726,-0.00893852541279769,-0.010972222085136834,0.0,0.0,0.04961031154878245,0.0
9,C#[Pt] + [Pt] <=> C~[Pt] + [Pt],4.1363479497520563e-10,2.4961764666638474e-08,-6.851332382725585e-08,-4.396518453359738e-08,6.374487806229344e-08,8.829301140463297e-08,2.454813375909317e-08,5.890934002508474e-08,8.345748948849758e-08,-1.3494735194831631e-08,-1.272301963858273e-08,0.0,0.0,1.8841547787728942e-06,0.0
10,C~[Pt] + [H][H] <=> C=[Pt],4.479535108896127e-06,1.2411608248200252e-05,-1.2945959562923857e-05,-5.01388781143103e-06,2.049037433160372e-05,2.8422448739492013e-05,7.932072788857213e-06,1.5826393613042062e-06,9.514712288521999e-06,-5.789797646419037e-06,-2.326765459023136e-05,0.0,0.0,1.496505708818222e-05,0.0
11,C + O=[Pt] + [Pt] <=> C[Pt] + O[Pt],-8.157916731410021e-10,4.802267457032317e-08,-1.3741854886987647e-07,-8.858008763277767e-08,1.2469710784784267e-07,1.735355655705859e-07,4.8838469925855846e-08,1.180633852361156e-07,1.6690186786957915e-07,-2.6521627262181067e-08,-2.0473901061011578e-08,0.0,0.0,-4.731731998899528e-06,0.0
12,O=C=[Pt] + O[Pt] <=> O=C=O.[Pt] + [Pt],1.3736771848771093e-06,2.559665455966593e-06,2.774183317121454e-06,3.960171581388362e-06,8.686843851238411e-08,1.2728566840618193e-06,1.1859882516966486e-06,-8.699784672314472e-06,-7.513796507161222e-06,-1.1526384071513287e-06,7.484561124395298e-07,0.0,0.0,-8.334383892729069e-08,0.0
13,O[Pt] + [Pt] <=> [Pt] + O=[Pt],1.2914501978706649e-08,7.615437449830622e-09,4.658126943181702e-08,4.1282207270117307e-08,-1.801910551608364e-08,-2.331816009219648e-08,-5.2990586791698945e-09,-7.783113594779333e-08,-8.31301945390111e-08,-3.7063658061185766e-09,-3.869415749572976e-09,0.0,0.0,-9.972242997005708e-09,0.0
14,C + O[Pt] + [Pt] <=> C[Pt] + O.[Pt],2.499441656345301e-07,-4.667187149766629e-06,1.3814729572011374e-05,8.897597581535402e-06,-1.2213610109188781e-05,-1.713074081088011e-05,-4.917131298069008e-06,-1.1975757154169799e-05,-1.6892887848141903e-05,2.5594678671939555e-06,2.0465543550919265e-06,0.0,0.0,-0.00015866557885336566,0.0
15,O + [Pt] <=> O.[Pt],-2.064862064959657e-09,-2.135361562870534e-08,1.312142184538919e-07,1.1192547394696403e-07,-1.2452395974954424e-07,-1.438126973793177e-07,-1.9288748091842744e-08,-1.8948574649785956e-07,-2.0877447757082786e-07,1.137285048268374e-08,2.078703106262879e-07,0.0,0.0,1.963058327052083e-09,0.0
16,O.[Pt] + [Pt] <=> [Pt] + O[Pt],1.1813031150209448e-05,-0.0005126429094868529,0.0014243068564673844,0.0008998435079135528,-0.0012860101861353378,-0.0018104593202476094,-0.0005244558786785939,-0.0011841088955693404,-0.0017085585641047093,0.00027831651795434236,0.000283773249205402,0.0,0.0,-0.007836251627498845,0.0
17,O.[Pt] + O=[Pt] <=> 2 O[Pt],8.277772981560645e-07,-4.194246552990615e-06,1.551312154810413e-05,1.0491096940901651e-05,-1.2665365394986623e-05,-1.768738855801677e-05,-5.022023799040717e-06,-1.489510731527424e-05,-1.9917130352062277e-05,2.415545494932945e-06,4.957303679189264e-08,0.0,0.0,-0.00038892037565157897,0.0
18,[H] + [Pt] <=> [Pt],-5.394620900422308e-10,-2.0680799606251442e-09,-9.636960572226496e-10,-2.4923166751450425e-09,-1.496687456118722e-10,-1.6782840918928034e-09,-1.528617059520536e-09,3.9194056710708765e-09,2.390797886175089e-09,1.994525270066995e-10,-1.3431416090040664e-09,0.0,0.0,-2.9590829985100145e-10,0.0
19,C + [Pt] <=> C.[Pt],0.00029958651294001535,0.0011959081286327933,-0.0017763483570869614,-0.0008800453484010631,0.0022069905833288334,0.0031033292954411257,0.0008963189304446776,0.0007746461485867385,0.001670972022339684,-0.0005849242562131006,-0.0021675780194874046,0.0,0.0,-0.045090118967461214,0.0
20,[CH3] + [Pt] <=> C[Pt],-1.3014036248483397e-09,-7.19335209067618e-09,-2.4059733096457327e-10,-6.132542704296107e-09,-2.2760903898755147e-09,-8.168041697141266e-09,-5.891946950442431e-09,1.3660621893876158e-08,7.768688368560182e-09,2.0255388180627642e-09,1.675966669525487e-08,0.0,0.0,6.97483854074472e-09,0.0
21,[H][H] + [Pt] <=> [H][H].[Pt],3.153260456354123e-06,6.517327078037075e-06,-2.6143525487417088e-06,7.49713881357054e-07,8.452640837369742e-06,1.1816707635083487e-05,3.3640665276354195e-06,-4.788657938571297e-06,-1.4245915664339528e-06,-2.8882348487890835e-06,-1.5621723616050725e-05,0.0,0.0,7.638332927944415e-06,0.0
22,[OH] + [Pt] <=> O[Pt],-5.538820446910914e-08,-2.313798542898066e-07,3.668883324732997e-07,1.9089666657791554e-07,-4.4338305314483856e-07,-6.193747013164962e-07,-1.7599165356665002e-07,-1.836724194268137e-07,-3.5966407242082824e-07,1.1450950966975646e-07,2.9055481794064853e-07,0.0,0.0,-4.12885382711019e-08,0.0
23,[CH]=O + [Pt] <=> O=C[Pt],1.4501361900240096e-09,-7.119099038431188e-10,3.244869730908867e-09,1.0828032580746764e-09,-1.9890747077062768e-10,-2.360960088517091e-09,-2.1620508410341826e-09,-9.258271842102507e-10,-3.0878685455533607e-09,9.108754165677744e-11,-2.1164608843035004e-11,0.0,0.0,-1.2239540375593787e-09,0.0
24,O=C=O + 2 [Pt] <=> O=C=[Pt] + O=[Pt],0.011023380234418198,0.02212535834343801,0.01824055201338745,0.029343331282926703,0.004392120734488605,0.015493362723684652,0.011100754430645276,-0.06680843792322565,-0.055715099733201615,-0.010121182487922894,0.011291365894163866,0.0,0.0,-0.0012627981380132838,0.0
25,O + 2 [Pt] <=> [Pt] + O[Pt],0.0003588804587020728,-0.007144931661555213,0.020835721764253964,0.01333037310580624,-0.01845558767291607,-0.025957987995901925,-0.0075037851906342825,-0.017808335627871274,-0.025310784519248345,0.003916215169567298,0.0033971271692028733,0.0,0.0,-0.1478371660190886,0.0
26,CC + 2 [Pt] <=> 2 C[Pt],-2.373371747443761e-05,-5.6134497862346044e-05,1.0680913341633318e-05,-2.1719878186494278e-05,-5.5354462360648946e-05,-8.775523248191973e-05,-3.2400788072535135e-05,7.364435844588268e-05,4.124354652982221e-05,2.4614826291557676e-05,1.7539681923677017e-05,0.0,0.0,0.003070375375691772,0.0
27,C=O + 2 [Pt] <=> O=C[Pt] + [Pt],-1.6961678650092038e-07,6.354982148589374e-08,-9.96728824747625e-07,-7.635622184743272e-07,5.903477195464282e-07,8.235143346750878e-07,2.3316662255428266e-07,1.232331256383721e-06,1.4654978933114727e-06,-6.539093915927274e-08,4.6222503483992323e-07,0.0,0.0,-1.2648912513704211e-05,0.0
28,C=O + 2 [Pt] <=> C=[Pt] + O=[Pt],4.687917474833533e-05,9.674044941568517e-05,6.189523444052226e-05,0.00011175651657028545,3.308216511322705e-05,8.294343289873683e-05,4.986125129321633e-05,-0.00026217812847664735,-0.0002123170079051151,-4.435401957075267e-05,-4.1355372393209795e-05,0.0,0.0,0.0003477705587249251,0.0
29,CO + 2 [Pt] <=> C[Pt] + O[Pt],1.3516507743078451e-05,4.496328593639643e-05,-2.1625938285143e-05,9.820828829037894e-06,4.5805981544166576e-05,7.72527698798069e-05,3.1446773943480806e-05,-5.0221384933775385e-05,-1.8774626771910462e-05,-2.206570106702371e-05,-1.5015975903697002e-05,0.0,0.0,0.0018055162736917937,0.0
30,CC=O + 2 [Pt] <=> C[Pt] + O=C[Pt],8.055778440859332e-10,1.1030824629155034e-10,1.9268509420418787e-09,1.2315648905776009e-09,-2.2469109877247844e-10,-9.199586993108072e-10,-6.952614076787825e-10,-1.6319485088755678e-09,-2.3271926021863903e-09,-3.618604977222591e-11,-1.8675450011039373e-10,0.0,0.0,-2.1526662354025556e-10,0.0
31,C=C + 2 [Pt] <=> 2 C=[Pt],-0.003988227677828207,-0.002744449216082777,-0.005508925205362412,-0.004265165658487027,-0.0025909850688522465,-0.0013471892278108587,0.0012438280684428174,0.006854491403649068,0.008098404730194861,0.000604405591371734,-0.0006347171857927267,0.0,0.0,2.8025055209003426e-06,0.0
32,C.[Pt] + [Pt] <=> C[Pt] + [Pt],-3.4679046656957216e-08,1.306350018127284e-06,-3.765946977462985e-06,-2.4249179741149187e-06,3.3936730257528324e-06,4.734702140425343e-06,1.341029064976534e-06,3.2619161939308136e-06,4.602945309526283e-06,-7.092628227714983e-07,-8.856183229158625e-07,0.0,0.0,5.297231754028634e-07,0.0
33,O=C[Pt] + [Pt] <=> O=C=[Pt] + [Pt],5.128911677000402e-07,2.8898650783347193e-06,-5.613643892290306e-06,-3.23667013426445e-06,6.142055203468721e-06,8.519029254322967e-06,2.376973900054711e-06,3.770968204505235e-06,6.147942199905629e-06,-1.4494593095071806e-06,-3.033472289162902e-06,0.0,0.0,-5.076458170394529e-06,0.0
34,C[Pt] + [H][H].[Pt] <=> C.[Pt] + [Pt],1.7510902025773284e-09,9.620546458908649e-08,-2.5476865631111726e-07,-1.6031429328727813e-07,2.3744575988108353e-07,3.31900138147479e-07,9.445437585462417e-08,2.1141114569997062e-07,3.0586552990000814e-07,-5.099324827051032e-08,-6.53437794146469e-08,0.0,0.0,1.23901970213659e-06,0.0
35,C#[Pt] + [H][H].[Pt] <=> C=[Pt] + [Pt],1.0024140628133024e-05,3.1703680327542163e-05,-3.998238889354621e-05,-1.8302860057961615e-05,5.597098575032271e-05,7.76505354129095e-05,2.1679537523802003e-05,1.3078267635349576e-05,3.475780800129186e-05,-1.5056563950420882e-05,-5.384987838736983e-05,0.0,0.0,4.561109073886996e-05,0.0
36,C=[Pt] + [H][H].[Pt] <=> C[Pt] + [Pt],2.908880817655076e-09,5.7585657382853435e-09,-9.041538935194902e-10,1.94551496223711e-09,6.41234947521287e-09,9.262023908101824e-09,2.849682165351136e-09,-5.285346309848923e-09,-2.4356537072758016e-09,-2.360742688372743e-09,-1.0817123439338036e-08,0.0,0.0,-2.7241558009931723e-09,0.0
37,C~[Pt] + [H][H].[Pt] <=> C#[Pt] + [Pt],3.3724158938818206e-06,8.798903536183698e-06,-7.846375534632515e-06,-2.419888512949748e-06,1.3680431198046454e-05,1.910691940402334e-05,5.426487469633467e-06,-8.323916441567012e-07,4.594095794756392e-06,-4.070606255612569e-06,-1.8090219031044483e-05,0.0,0.0,3.7961079429983454e-06,0.0
38,[H][H].[Pt] + O=[Pt] <=> [Pt] + O[Pt],4.508904949062222e-08,8.435600590255992e-08,7.911407285199337e-08,1.1838100471854842e-07,1.3826270407872987e-08,5.309322412410446e-08,3.926695804369687e-08,-2.650966164554692e-07,-2.2582965325835737e-07,-3.8502944240145116e-08,-9.211162189500296e-09,0.0,0.0,4.940915507559401e-07,0.0
39,[H][H].[Pt] + O[Pt] <=> O.[Pt] + [Pt],-1.2275050547296107e-08,-9.581016642758349e-07,2.462705402645814e-06,1.5168787591753758e-06,-2.2863289763840372e-06,-3.232155557217778e-06,-9.458266048040222e-07,-1.933324398424264e-06,-2.8791509728920395e-06,5.13963621527327e-07,6.527306722061276e-07,0.0,0.0,-6.153260809260774e-06,0.0
40,O=C=[Pt] + [H][H].[Pt] <=> O=C[Pt] + [Pt],3.2948020055216775e-07,1.6362017107946757e-06,-2.9299073393208723e-06,-1.6231858882347387e-06,3.3242605763805294e-06,4.63098212785626e-06,1.306721507147734e-06,1.7739970247824114e-06,3.0807185701506675e-06,-8.150814777863214e-07,-2.1032348962325038e-06,0.0,0.0,4.633474115075693e-06,0.0
41,C.[Pt] + O=C=[Pt] <=> C[Pt] + O=C[Pt],8.453301173317717e-08,4.355034622665564e-07,-8.185398121293411e-07,-4.6756938401779244e-07,9.142915723856662e-07,1.2652620303999485e-06,3.509704563365428e-07,5.37782953220397e-07,8.887534278076215e-07,-2.1666126871566804e-07,-4.868375438469238e-07,0.0,0.0,-7.373135111104977e-07,0.0
42,O=C[Pt] + C#[Pt] <=> C=[Pt] + O=C=[Pt],1.4205330245402177e-07,2.3218299298960706e-06,-5.7140405202583445e-06,-3.534264037655544e-06,5.522731355237667e-06,7.702508097072374e-06,2.1797766366913765e-06,4.530841552017538e-06,6.710618292676613e-06,-1.2195607502390402e-06,-1.6355335188544452e-06,0.0,0.0,-6.5382561682507005e-06,0.0
43,C=[Pt] + O=C[Pt] <=> C[Pt] + O=C=[Pt],2.800965646067052e-10,9.805493436992529e-09,-1.6582446393685703e-08,-7.0570451986614235e-09,1.5773674115666582e-08,2.5299079144103895e-08,9.525406333593659e-09,6.225170610645707e-09,1.5750591535481992e-08,-4.331058074606363e-09,-1.060540010780972e-08,0.0,0.0,-6.254161873979223e-08,0.0
44,O=C[Pt] + C~[Pt] <=> C#[Pt] + O=C=[Pt],1.7304350086714092e-09,2.4006993520562784e-09,8.353194036697947e-10,1.5055759259999958e-09,2.552870238538844e-09,3.223135207713956e-09,6.702668969352121e-10,-3.0836888408210218e-09,-2.4134092363726502e-09,-9.454732292800093e-10,-4.224251230860174e-09,0.0,0.0,-5.808200074778103e-10,0.0
45,O=C[Pt] + O=[Pt] <=> O=C=[Pt] + O[Pt],3.436905441696037e-07,5.175550913100694e-07,1.0674567052456386e-06,1.241321265836096e-06,-3.213180583508518e-07,-1.4745349275260942e-07,1.7386455398191227e-07,-2.5322742749501664e-06,-2.3584097241362985e-06,-2.2436857537720758e-07,-5.113827161832713e-08,0.0,0.0,-8.558017923261732e-07,0.0
46,O=C[Pt] + O[Pt] <=> O=C=[Pt] + O.[Pt],2.9522011049963154e-09,-2.983069624906514e-08,8.511254656544757e-08,5.23296398686121e-08,-7.253812607093402e-08,-1.0532102140102374e-07,-3.2782892673442176e-08,-6.826104293367712e-08,-1.0104392570376874e-07,1.601702734740102e-08,1.5698095489116035e-08,0.0,0.0,-5.1635665093932356e-08,0.0
47,C.[Pt] + O=[Pt] <=> C[Pt] + O[Pt],0.0005184670526283275,0.00039565130592234915,0.0023179484110173493,0.0021951304542688595,-0.001134926855439819,-0.0012577405715279183,-0.0001228151099416811,-0.00404515135690386,-0.004167961498771702,-0.00012489486858788907,-0.000258092280356232,0.0,0.0,-0.0009750298869449248,0.0
48,C=[Pt] + C.[Pt] <=> 2 C[Pt],1.1131910709291162e-08,5.023349492099325e-08,-9.282598242601419e-08,-5.372440729394543e-08,1.0665016911150303e-07,1.4575175510539872e-07,3.9101593950029964e-08,6.025531879571386e-08,9.935691816089059e-08,-2.607365856061173e-08,-7.254266234822707e-08,0.0,0.0,-4.562506107621563e-07,0.0
49,C.[Pt] + C#[Pt] <=> C=[Pt] + C[Pt],9.942595009707924e-06,5.0888115342075603e-05,-9.676356858009821e-05,-5.581809195406819e-05,0.0001079860229168246,0.00014893158340731455,4.094551626645414e-05,6.50395029951795e-05,0.00010598504590342327,-2.5325674947570912e-05,-5.928765269356987e-05,0.0,0.0,-0.00011451107639347813,0.0
50,C.[Pt] + C~[Pt] <=> C[Pt] + C#[Pt],8.039598117603777e-10,-5.612026989062081e-10,8.850676668037357e-10,-4.801091516586723e-10,7.294365427089916e-10,-6.357128217127943e-10,-1.3651519327889717e-09,7.86444974906749e-10,-5.787038133398007e-10,-8.142934331899472e-11,-6.37854192239315e-10,0.0,0.0,-1.186299039943204e-10,0.0
51,C.[Pt] + O[Pt] <=> C[Pt] + O.[Pt],1.1633854421967025e-06,-1.8976190401114623e-05,5.686784935771334e-05,3.6728262276795576e-05,-5.001881817445813e-05,-7.015838372984277e-05,-2.013957560811447e-05,-4.9595979592138616e-05,-6.97355451940784e-05,1.0434799471513002e-05,8.032694503797118e-06,0.0,0.0,-0.0005498266951133113,0.0
52,C#[Pt] + O[Pt] <=> C=[Pt] + O=[Pt],8.369114787087658e-05,0.00013636109450185382,0.000147112935753702,0.00019978291576624592,2.5418136439955982e-05,7.808805236757638e-05,5.266990254842674e-05,-0.0004320048648932402,-0.00037933518987315215,-5.86923181200301e-05,-0.00011433645677493648,0.0,0.0,-0.0020579347880912246,0.0
53,C=[Pt] + O[Pt] <=> C[Pt] + O=[Pt],-2.0038192673025677e-08,1.2628344376004307e-07,-4.564042404934563e-07,-3.1008261939161515e-07,3.809023005205249e-07,5.272239257917658e-07,1.4632164671892161e-07,4.372691452418826e-07,5.835908000168292e-07,-7.345394653426133e-08,-1.3296858613381661e-08,0.0,0.0,-2.6839109392931664e-06,0.0
54,C~[Pt] + O[Pt] <=> C#[Pt] + O=[Pt],1.1004895171735058e-09,-2.6131347633322183e-09,2.1015440337313747e-09,-1.6120928345887044e-09,1.8067944025003421e-10,-3.532946395013092e-09,-3.7136265818811193e-09,3.3747837542544787e-09,-3.388419925421028e-10,4.0115863362554833e-10,-5.883992987657633e-11,0.0,0.0,6.308045175877767e-10,0.0
55,2 C=[Pt] <=> C[Pt] + C#[Pt],4.437703942211255e-08,1.6320698167229643e-07,-2.0439417751045737e-07,-8.556423740272078e-08,2.7295224119259554e-07,3.917821854112962e-07,1.1882994313194431e-07,4.809718774602619e-08,1.669271439220203e-07,-7.794646822241243e-08,-3.0039437204288717e-07,0.0,0.0,-1.0614324020074295e-06,0.0
56,C[Pt] + C~[Pt] <=> C=[Pt] + C#[Pt],2.0896609536933562e-05,5.439099067375979e-05,-4.364920971785448e-05,-1.0154850193111894e-05,8.020239997973747e-05,0.00011369680099279976,3.349437414996872e-05,-1.4213310335197286e-05,1.9281059071663384e-05,-2.5219428069504455e-05,-0.00012024058340780858,0.0,0.0,-0.00019967170464234624,0.0
57,C=[Pt] + C~[Pt] <=> 2 C#[Pt],6.094419881225052e-10,2.9239574167092745e-09,1.8681931332418697e-09,4.182695471383153e-09,-5.471198542086047e-10,1.7674076021008852e-09,2.314515645788939e-09,-6.910766172581622e-09,-4.59624449092713e-09,-5.359441570950494e-10,-3.970681451008082e-10,0.0,0.0,-2.955750697836017e-10,0.0
58,C#[Pt] + O.[Pt] <=> C=[Pt] + O[Pt],-1.8006048435212997e-05,-0.00019685103432679946,0.0004446232452478688,0.00026577743197053413,-0.00044307766826496626,-0.0006219218939405331,-0.00017884501808550592,-0.00032579700200586977,-0.0005046414374096632,0.00010237913340285016,0.00016762635937320427,0.0,0.0,-0.0008066819252686812,0.0
59,C=[Pt] + O.[Pt] <=> C[Pt] + O[Pt],-2.547217726611814e-08,-3.2710339475360626e-07,7.639107942849126e-07,4.6227957982609216e-07,-7.507706029492116e-07,-1.0524018045313989e-06,-3.0163120658968365e-07,-5.738146389998221e-07,-8.754458275653035e-07,1.7176455425058482e-07,2.656507162388215e-07,0.0,0.0,-3.697675446619193e-06,0.0
60,C~[Pt] + O.[Pt] <=> C#[Pt] + O[Pt],-0.0005387126069771052,-0.003969086401449675,0.0081506588028264,0.004719986928828044,-0.008522654028137957,-0.011952753942095024,-0.003430392274417485,-0.005531779330391986,-0.00896198184306847,0.0020295452085029404,0.0038786634916218947,0.0,0.0,-0.007790932341331546,0.0
61,CO + [Pt] <=> CO.[Pt],-5.165330803655596e-07,-9.508520185542595e-08,-1.3736205179089206e-06,-9.52172646154035e-07,2.7097332955180623e-07,6.924212198362137e-07,4.214478939999768e-07,1.4137877706051068e-06,1.8352356794698906e-06,-6.079095391761657e-08,2.665219952109631e-06,0.0,0.0,-0.000133369374323775,0.0
62,CO.[Pt] + [Pt] <=> C.[Pt] + O[Pt],1.3526497424092921e-09,2.4224766113453395e-09,2.140944024565764e-09,3.2107617318719766e-09,6.283516229557339e-10,1.6981869097522304e-09,1.0698369126277723e-09,-5.748754876085801e-09,-4.678908188788581e-09,-8.072966050607979e-10,-2.6986807352318816e-10,0.0,0.0,3.316139015728875e-08,0.0
63,CO.[Pt] + [Pt] <=> C[Pt] + O[Pt],2.1476724537464845e-09,3.522111332852825e-09,3.957145009098535e-09,5.3315607724397134e-09,4.850863371674633e-10,1.8595212070108528e-09,1.3744414737429476e-09,-1.0204411762200646e-08,-8.829954310667916e-09,-1.3248043346621687e-09,-8.838348377161214e-10,0.0,0.0,9.007541951883357e-09,0.0
64,CO.[Pt] + [Pt] <=> C[Pt] + O[Pt],4.171439025812541e-09,9.127963553404502e-09,2.8361129750765814e-09,7.792615945102257e-09,5.39834705882776e-09,1.0354866145457286e-08,4.9565261027785415e-09,-2.138451152051648e-08,-1.642796656958143e-08,-4.677293753684386e-09,-3.1937510608786774e-09,0.0,0.0,6.563399376526217e-08,0.0
65,CO.[Pt] + [Pt] <=> C[Pt] + O.[Pt],7.756442460631568e-10,2.1522671830288313e-09,1.487022970657113e-09,2.8636512560318198e-09,1.220174418281376e-10,1.498654152677018e-09,1.3766312734521722e-09,-5.415718736855452e-09,-4.039070699338209e-09,-6.808815201507087e-10,7.766793500610108e-11,0.0,0.0,-3.6721953427455362e-09,0.0
66,CO.[Pt] + [Pt] <=> C[Pt] + O[Pt],4.0213918093723576e-09,1.3163690962226884e-08,3.6518709762617644e-09,1.2794151252817819e-08,4.360913800815382e-09,1.3503192921348439e-08,9.14229403134074e-09,-2.9743271258831048e-08,-2.06009675208157e-08,-5.292306361171417e-09,-3.2922939431104363e-09,0.0,0.0,6.555835053996242e-08,0.0
67,CO.[Pt] + [Pt] <=> C[Pt] + O[Pt],1.8422435705428013e-09,3.771127864830784e-09,3.2781980313634176e-09,5.207063923581305e-09,5.228521968089324e-10,2.4517468389030964e-09,1.928888495432457e-09,-1.0202732609449888e-08,-8.273842538089127e-09,-1.3468035642093404e-09,-8.812471939342175e-10,0.0,0.0,9.601691162057157e-09,0.0
68,[CH]C + 2 [Pt] <=> C[Pt] + C#[Pt],-4.424133580942087e-07,-2.1656428613907387e-07,-6.096700332479815e-07,-3.8382095786791976e-07,-2.8873510815399373e-07,-6.288602721797477e-08,2.2584908177751463e-07,5.001837908791311e-07,7.260328832564287e-07,1.4967696291995386e-08,-7.488156404390185e-08,0.0,0.0,-3.9021240892513817e-10,0.0
69,C.[Pt] + C~[Pt] <=> CC#[Pt] + [Pt],7.378100995757541e-10,5.384904588963286e-10,1.7917822297442885e-09,1.5924450718052993e-09,-2.3060944800338302e-10,-4.299382419473953e-10,-1.9932309697011555e-10,-2.4740436133801636e-09,-2.6733528711801376e-09,-1.5317902563723387e-10,-1.2426483385486339e-10,0.0,0.0,-3.2789838632138e-10,0.0
70,CC#[Pt] + [Pt] <=> C[Pt] + C~[Pt],1.541681425193328e-09,-1.3824079532599907e-09,3.1919140313351414e-09,2.6782788854231715e-10,2.5395539527693087e-11,-2.898691244467467e-09,-2.9240840320340843e-09,2.3699862667959435e-10,-2.687081880565676e-09,1.372537297113788e-10,4.962869044397807e-12,0.0,0.0,-1.382904779709072e-10,0.0
71,CO.[Pt] + C~[Pt] <=> CC#[Pt] + O[Pt],-6.964617891312857e-10,4.7962563101480554e-09,-5.01270838163353e-10,4.9914470154375395e-09,-8.758307918201585e-10,4.616893100630445e-09,5.492719090954437e-09,-8.899998287648095e-09,-3.4072659354917537e-09,-7.680413944834544e-10,-9.332897311896731e-11,0.0,0.0,9.33044188719374e-12,0.0
72,[CH]C + 2 [Pt] <=> CC#[Pt] + [Pt],-4.4315378485543595e-07,-2.140472790811008e-07,-6.106276048175166e-07,-3.815211119787161e-07,-2.892760185926158e-07,-6.016950749321969e-08,2.2910651149184746e-07,4.961161059953758e-07,7.252226206800068e-07,1.4642365246652919e-08,-7.493536386163606e-08,0.0,0.0,-8.530689725434276e-11,0.0
73,CO + 2 [Pt] <=> OC[Pt] + [Pt],-7.737309228381875e-07,1.1895105224467519e-07,-2.1697227942193744e-06,-1.2770408375584298e-06,5.089299957813536e-07,1.4016119933580241e-06,8.926819792890274e-07,1.5866171112678705e-06,2.4792991163465105e-06,-2.411186599784463e-07,4.672657842378466e-06,0.0,0.0,-0.00019295617807576048,0.0
74,C=O + [Pt] <=> OC[Pt],4.601153017022954e-10,9.916639270179812e-10,1.3229553371323355e-09,1.8544965994464912e-09,-3.326888444716699e-10,1.9885998576728825e-10,5.31556771604022e-10,-2.9077913246838954e-09,-2.3762192615814435e-09,-1.8636030259326073e-10,-8.232183165862976e-11,0.0,0.0,-4.945134200212682e-10,0.0
75,OC[Pt] + [Pt] <=> C=[Pt] + O[Pt],6.731520109412521e-10,3.443105461943673e-09,1.228646146341142e-09,3.9985841373092575e-09,1.627303483202416e-10,2.9326848836095305e-09,2.769959769687181e-09,-7.926803958677687e-09,-5.156836052785025e-09,-1.0162141664385246e-09,-7.254478653342117e-10,0.0,0.0,6.204743854983837e-10,0.0
76,C=[Pt] + O.[Pt] <=> OC[Pt] + [Pt],1.0743648683721073e-07,3.5813374918254146e-07,-1.1608818579175277e-07,1.346090601519926e-07,3.1281471243240704e-07,5.635119767271376e-07,2.5069726942020223e-07,-5.044385634536983e-07,-2.5374128931281764e-07,-1.760935519095458e-07,-2.2595614475976852e-08,0.0,0.0,-8.960556512379988e-10,0.0
77,OC[Pt] + [Pt] <=> CO.[Pt] + [Pt],-8.898789589205766e-07,2.3417020685726395e-08,-2.5019144916150652e-06,-1.588618537797788e-06,5.912865419487101e-07,1.504582557378171e-06,9.13296001008017e-07,2.1599207364678727e-06,3.0732167575046353e-06,-2.1106288331784082e-07,4.950848203141296e-06,0.0,0.0,-0.00022946095680430965,0.0
78,CO.[Pt] + [Pt] <=> OC[Pt] + [H][H].[Pt],-9.170956657738271e-11,2.712047932088795e-09,2.937774190958145e-10,3.097532854630552e-09,-4.459136568071726e-10,2.3578391771719976e-09,2.8037648026983344e-09,-5.360858059670275e-09,-2.5570907537253846e-09,-4.660617264554481e-10,-1.0215399706172918e-11,0.0,0.0,-3.1546890480736834e-09,0.0
79,CO.[Pt] + O=C=[Pt] <=> OC[Pt] + O=C[Pt],1.6467523993340868e-09,-3.2225668844206407e-10,3.745982177149267e-09,1.7769631918581473e-09,-2.820675541237277e-10,-2.2510927963146767e-09,-1.9690063104178593e-09,-2.176582956682643e-09,-4.145581551336286e-09,-2.2128005525008844e-11,1.9696989981656666e-12,0.0,0.0,-9.563702934373583e-10,0.0
80,CO.[Pt] + O=[Pt] <=> OC[Pt] + O[Pt],-6.588298966845774e-10,1.5875972639495883e-09,-9.37508592627866e-10,1.3089152444754162e-09,-4.027873251164006e-10,1.8436363289070848e-09,2.2464265610802396e-09,-1.7463439227685525e-09,5.000950971534032e-10,-1.6858921765174053e-10,3.555557731757422e-09,0.0,0.0,-3.7383348465230435e-07,0.0
81,C=[Pt] + CO.[Pt] <=> OC[Pt] + C[Pt],4.558932486027991e-10,1.7187477888093814e-09,1.6866231922308609e-09,2.9494830975907945e-09,-6.749343676194726e-10,5.879273707582829e-10,1.2628643354338675e-09,-4.519063698941934e-09,-3.2561889039411833e-09,-2.4744304141399316e-10,-3.788773955295135e-11,0.0,0.0,-1.9593927963106852e-10,0.0
82,C=[Pt] + CO.[Pt] <=> OC[Pt] + C[Pt],-4.898845683170075e-10,7.334923754820095e-10,-1.0502176451353541e-09,1.7314845194112591e-10,2.4934684464630844e-11,1.2483084737616347e-09,1.223379509426913e-09,-5.589824321325726e-10,6.643990927392679e-10,-9.993015880159183e-11,3.340763987084905e-12,0.0,0.0,-5.624923537708226e-10,0.0
83,C[Pt] + CO.[Pt] <=> OC[Pt] + C.[Pt],1.5848247402489596e-09,-3.309442176396681e-11,3.6263566773395286e-09,2.008424413882112e-09,-2.909814612645369e-10,-1.9089138338676278e-09,-1.617919828912348e-09,-2.700390897984061e-09,-4.318304461257024e-09,-9.237530143514847e-11,-3.176622403904433e-11,0.0,0.0,-5.671575747144195e-10,0.0
84,CO.[Pt] + C#[Pt] <=> C=[Pt] + OC[Pt],4.953454274157572e-10,-6.404617937605819e-11,1.2127805553920846e-09,6.53379639393484e-10,-1.6387035821307975e-10,-7.23266532202386e-10,-5.593911788454929e-10,-7.896027845574262e-10,-1.3489765466710647e-09,-2.9167758980103805e-11,9.203515122801536e-10,0.0,0.0,-4.66522094359687e-09,0.0
85,CO.[Pt] + C~[Pt] <=> OC[Pt] + C#[Pt],1.7065058274817489e-09,-6.27118839723903e-10,4.077060894100354e-09,1.743403348594567e-09,-4.716123904553014e-10,-2.8052507850335377e-09,-2.333625069813969e-09,-1.6890647643826577e-09,-4.022676987709064e-09,1.0666943497506688e-10,3.903479955776547e-10,0.0,0.0,-1.2479466024121627e-09,0.0
86,CO.[Pt] + O[Pt] <=> OC[Pt] + O.[Pt],1.8507761628845977e-09,3.511631757273653e-10,4.433244730839382e-09,2.933638783710595e-09,-5.220638920957996e-10,-2.0216590922206066e-09,-1.4996022133733112e-09,-3.908265620358766e-09,-5.407858727907394e-09,-1.0744209084208951e-10,-1.9474916075000733e-10,0.0,0.0,-7.784254374458777e-10,0.0
87,C=[Pt] + CO.[Pt] <=> OC[Pt] + C[Pt],3.5111301464553856e-10,4.521703117232746e-09,2.1122618871844813e-09,6.282850123519051e-09,-1.2670846125951855e-09,2.9035127721742577e-09,4.1705933008896815e-09,-1.0249648638545663e-08,-6.079054742311514e-09,-7.097917271751382e-10,-1.380141052930394e-10,0.0,0.0,1.3662432763390833e-11,0.0
88,C=[Pt] + CO.[Pt] <=> OC[Pt] + C[Pt],4.70569307430689e-10,2.4066014178564443e-10,1.2579486520873212e-09,1.028029526008724e-09,-2.529124075026321e-10,-4.82844230078886e-10,-2.2991186165834544e-10,-1.416114725449917e-09,-1.6460136090870192e-09,-3.854694269923946e-11,-1.0157467382697456e-11,0.0,0.0,-2.8057971675061175e-10,0.0
89,C=O + [Pt] <=> C=O.[Pt],-1.2661021287402678e-06,3.458500698662548e-07,-7.086393110824032e-06,-5.4744410119017465e-06,4.081679668513714e-06,5.6936319587118e-06,1.611952231225076e-06,8.881419327099326e-06,1.04933717080099e-05,-4.2075567608214674e-07,3.487429010377888e-06,0.0,0.0,-8.548478812706332e-05,0.0
90,O=C[Pt] + [Pt] <=> C=O.[Pt] + [Pt],-1.2748673890741283e-07,5.4911028158362395e-08,-7.674060684466822e-07,-5.850083130876847e-07,4.604819645053999e-07,6.428797423275605e-07,1.823977757535045e-07,9.362344476495353e-07,1.118632231291195e-06,-5.357939184542394e-08,3.40075194250502e-07,0.0,0.0,-9.58612265330824e-06,0.0
91,C=O.[Pt] + C[Pt] <=> C.[Pt] + O=C[Pt],1.2313478815028048e-10,2.584987947882582e-09,1.05642132878432e-09,3.518271592661109e-09,-7.343967985193195e-10,1.7274524616469371e-09,2.461848107475201e-09,-5.768942302066916e-09,-3.3070885786813805e-09,-4.045926597012044e-10,2.381018494841438e-11,0.0,0.0,-3.142359535579892e-10,0.0
92,C=O.[Pt] + [Pt] <=> C=[Pt] + O=[Pt],-1.1525952144074095e-10,3.0973573828910476e-09,-5.374765918848707e-11,3.158876180256587e-09,-1.718019164036773e-10,3.04083287135836e-09,3.2126243593448705e-09,-6.025025627548024e-09,-2.812400123761382e-09,-6.622948540162202e-10,-4.4945827629711653e-10,0.0,0.0,-1.8894144821567324e-10,0.0
93,C=O.[Pt] + C#[Pt] <=> C=[Pt] + O=C[Pt],1.447886113821284e-10,7.704046351893179e-10,1.2036994184761517e-09,1.8292962080503847e-09,-8.281565483228511e-10,-2.0256022796087185e-10,6.256155122393061e-10,-2.6823588023994403e-09,-2.056725324460311e-09,-2.979017620631647e-11,1.0599297903070304e-09,0.0,0.0,-6.234734561049817e-10,0.0
94,C=O.[Pt] + C=[Pt] <=> C[Pt] + O=C[Pt],1.8527228580262818e-09,-1.4152296723137187e-09,4.08248581746147e-09,8.145279049555115e-10,-1.9602106274407995e-10,-3.4639686478589654e-09,-3.2679510176232463e-09,-2.887140252047721e-10,-3.5566630460626593e-09,1.7781816273006622e-10,2.6083063106101623e-10,0.0,0.0,-2.825790971550104e-10,0.0
95,C=O.[Pt] + C~[Pt] <=> O=C[Pt] + C#[Pt],-3.8043985054623155e-10,3.3513409999483538e-09,-1.9857067407455783e-10,3.533180298789718e-09,-5.475443259772147e-10,3.184226600405668e-09,3.731777968533363e-09,-6.243315485146423e-09,-2.5115204834724005e-09,-5.533074514400854e-10,2.2601330465226433e-10,0.0,0.0,-6.891197793827376e-10,0.0
96,C=O.[Pt] + [Pt] <=> O=C[Pt] + [H][H].[Pt],1.8424963880936695e-09,-1.6864130388810795e-09,3.5332222266435647e-09,4.2915920779487336e-12,2.8901676336411366e-10,-3.239898426136403e-09,-3.528913554845986e-09,1.0589188361937527e-09,-2.4699858854579225e-09,1.812521888057223e-10,-4.8721084042862515e-11,0.0,0.0,1.7307969700744388e-09,0.0
97,C=O.[Pt] + O=[Pt] <=> O=C[Pt] + O[Pt],2.1402269768734206e-09,-8.708176688522072e-10,8.40241432675538e-09,5.3913583113457286e-09,-3.613588805000684e-09,-6.624629564395396e-09,-3.0110430314246172e-09,-7.540022400432439e-09,-1.0551062318489619e-08,4.6494566798085996e-10,-1.8943869776475674e-10,0.0,0.0,-7.016758883223613e-08,0.0
98,C=O.[Pt] + O[Pt] <=> O=C[Pt] + O.[Pt],4.426329680597702e-10,2.139956603538056e-09,1.5442288534967257e-09,3.24155543047868e-09,-5.695562191208455e-10,1.127770281091866e-09,1.6973342839921933e-09,-5.1977170920426305e-09,-3.5003760385256047e-09,-3.438747861510104e-10,2.531642535877636e-11,0.0,0.0,-6.024799618587958e-10,0.0
99,C=O.[Pt] + O=C=[Pt] <=> 2 O=C[Pt],8.698693472716766e-10,-2.80786397720766e-10,2.040668738010033e-09,8.900070433501454e-10,-2.059051910702833e-10,-1.3565685900617851e-09,-1.1506542081463394e-09,-9.818281815470617e-10,-2.132476244037623e-09,2.6484926108497493e-11,5.5479855114999604e-11,0.0,0.0,-1.89274678283073e-10,0.0
100,C=O.[Pt] + OC[Pt] <=> CO.[Pt] + O=C[Pt],2.0637496677358375e-09,-2.651001482525362e-09,4.239729398972385e-09,-4.750243269217662e-10,6.442268671017463e-11,-4.650326097015905e-09,-4.714741420821744e-09,1.904911078798986e-09,-2.809812659263967e-09,3.58426471646603e-10,-1.1845229073282547e-10,0.0,0.0,-3.998760808797317e-11,0.0
101,C=O.[Pt] + [Pt] <=> OC[Pt] + [Pt],7.467977635091132e-10,5.958749006365559e-09,-7.284708523115425e-10,4.483493363519569e-09,2.1022752645121444e-09,7.314238843109681e-09,5.211962817297535e-09,-9.449206547052381e-09,-4.237243446629046e-09,-1.888306551014358e-09,1.6134152087915827e-10,0.0,0.0,-4.9126109456344636e-08,0.0
102,C=O.[Pt] + [H][H].[Pt] <=> OC[Pt] + [Pt],1.209972157576912e-09,9.693607410734598e-10,3.032149378383902e-09,2.791528101963544e-09,-4.642872205055752e-10,-7.048961378776756e-10,-2.406042430510433e-10,-4.171128211796287e-09,-4.411723515275641e-09,-2.2548673719276714e-10,-6.57724979191398e-11,0.0,0.0,-3.378952883433733e-10,0.0
103,C=O.[Pt] + O=C[Pt] <=> OC[Pt] + O=C=[Pt],3.566750007646355e-10,2.111420212788079e-09,1.3689021941154208e-09,3.1236485144793016e-09,-5.733764650383352e-10,1.1813677286231676e-09,1.7547480951184234e-09,-5.130037211394585e-09,-3.3752895085684733e-09,-3.667110595541233e-10,1.569965966184987e-11,0.0,0.0,-1.2096251446611884e-10,0.0
104,C=O.[Pt] + O[Pt] <=> OC[Pt] + O=[Pt],3.171722584415037e-10,7.839618556411842e-10,8.072180366726707e-10,1.2739926681823452e-09,-1.331022188712663e-10,3.336758806385614e-10,4.667866020796157e-10,-2.0833899790156337e-09,-1.6165860277880584e-09,-1.6154946419664557e-10,-1.04857505490584e-11,0.0,0.0,-4.951798801560678e-10,0.0
105,C=O.[Pt] + C[Pt] <=> C=[Pt] + OC[Pt],4.361861205126351e-10,1.406620058176183e-09,4.505920224820671e-09,5.476356241647851e-09,-3.3031544089689935e-09,-2.3327036935842705e-09,9.704405352012535e-10,-8.230304552881661e-09,-7.259846096650591e-09,1.7803278935979472e-10,2.9723144097809746e-10,0.0,0.0,1.4282573918821818e-08,0.0
106,C=O.[Pt] + C.[Pt] <=> OC[Pt] + C[Pt],1.3682738670529372e-09,-3.7190806047052277e-10,3.0358847879001943e-09,1.2956947001594603e-09,-1.639795080964366e-10,-1.9041483704364973e-09,-1.7401722408038978e-09,-1.6630378967459255e-09,-3.403191644380152e-09,-3.637921373898156e-11,4.300509479328372e-11,0.0,0.0,-3.775496663639467e-10,0.0
107,C=O.[Pt] + C=[Pt] <=> OC[Pt] + C#[Pt],9.743588410454388e-11,2.761426601407015e-09,9.42075559739658e-10,3.6060560069190554e-09,-6.786454636536054e-10,1.9853481296845817e-09,2.6639939931329886e-09,-6.025000565566669e-09,-3.361000525523046e-09,-4.436332436488194e-10,-3.6883579279376695e-11,0.0,0.0,-1.9094082862007188e-10,0.0
108,C=O.[Pt] + C#[Pt] <=> OC[Pt] + C~[Pt],-1.0908571684854332e-09,2.1509056173541396e-08,-5.095608074241391e-08,-2.8356176002923093e-08,4.4726153658898154e-08,6.732607490508056e-08,2.2599913438102718e-08,3.280134675470769e-08,5.5401264373166796e-08,-1.1527252880110426e-08,4.680719318297821e-09,0.0,0.0,-9.141923641163665e-07,0.0
109,C=O.[Pt] + O.[Pt] <=> OC[Pt] + O[Pt],1.6731465516447106e-10,3.4954059460144506e-09,1.2804535044734632e-09,4.608559712748511e-09,-8.554804024565151e-10,2.472621437540636e-09,3.328102078386007e-09,-7.64643557326399e-09,-4.3183237706935716e-09,-5.532001381252211e-10,-8.63577835274202e-11,0.0,0.0,-3.082378123447932e-10,0.0
110,2 C=O.[Pt] <=> OC[Pt] + O=C[Pt],2.1261450392900706e-09,-2.0288107703507726e-09,4.607792629932838e-09,4.5281381247096047e-10,-1.540347409461461e-10,-4.309006786795648e-09,-4.1549567623410005e-09,5.713505199310583e-10,-3.5835997100469442e-09,3.0015534167531397e-10,-2.6494382602777398e-11,0.0,0.0,-3.758835160269478e-10,0.0
111,C=O.[Pt] + CO.[Pt] <=> 2 OC[Pt],9.949129079310107e-10,1.1875034304993953e-09,2.694233410092041e-09,2.886817717533164e-09,-5.664757668572189e-10,-3.7387396628703777e-10,1.9259972755038715e-10,-4.464503765533011e-09,-4.271903885232481e-09,-2.6004162457905643e-10,-1.411617615352061e-11,0.0,0.0,-2.782471062788133e-10,0.0
112,OC=[Pt] + [Pt] <=> O=C[Pt] + [Pt],1.0877677380138258e-08,3.188927057236196e-08,-8.515677750993201e-09,1.2495916112348802e-08,2.8696595833348666e-08,4.970819397637527e-08,2.1011607228695584e-08,-4.601546438877063e-08,-2.5003847314152414e-08,-1.608669515141089e-08,-2.91413104623712e-09,0.0,0.0,3.4062777489605144e-09,0.0
113,OC=[Pt] + [Pt] <=> C#[Pt] + O[Pt],4.479711967413837e-06,9.712682088771369e-06,4.979419375575199e-06,1.0212389520673652e-05,4.020572336743915e-06,9.25354244841565e-06,5.23296989095652e-06,-2.4624422242214754e-05,-1.9391453630634336e-05,-4.494269736199604e-06,-3.676900420594634e-06,0.0,0.0,1.3733478413450668e-05,0.0
114,C#[Pt] + O.[Pt] <=> OC=[Pt] + [Pt],0.0021011344291177996,0.007018827640050089,-0.0022312858677169325,0.0026861942925635227,0.006081835475288011,0.010999724440793505,0.004917589885770144,-0.010017451456239564,-0.005100354187641293,-0.003463714472931266,-0.00042682559198944036,0.0,0.0,-1.6593041252641538e-06,0.0
115,CO.[Pt] + C#[Pt] <=> OC=[Pt] + C[Pt],-4.146865159868167e-09,-8.429007028297721e-09,-1.789168763015575e-10,-4.461079456079287e-09,-7.79269528343801e-09,-1.2074824682257622e-08,-4.282136223578305e-09,1.1030830597367951e-08,6.748706001791803e-09,2.908877638036371e-09,2.5600776513168413e-08,0.0,0.0,-8.432886700652442e-08,0.0
116,OC[Pt] + [Pt] <=> OC=[Pt] + [Pt],2.163119606104522e-09,3.187933640220327e-09,1.9710554878724886e-09,2.9958566991913782e-09,2.3395792386947477e-09,3.36439849428617e-09,1.0248091561068433e-09,-6.7481890995344555e-09,-5.723374921099664e-09,-1.59203595133713e-09,-7.606514072328001e-11,0.0,0.0,-9.564036164440983e-09,0.0
117,OC=[Pt] + [H][H].[Pt] <=> OC[Pt] + [Pt],1.8911258440031376e-09,-2.1463651172286654e-09,3.754046965892923e-09,-2.834688094330403e-10,1.7941815270902174e-10,-3.858081817659392e-09,-4.037494537313379e-09,1.2992381754028289e-09,-2.738251887417544e-09,2.3518786085649555e-10,-5.121217395230733e-11,0.0,0.0,-3.1456918362538895e-10,0.0
118,OC=[Pt] + O=C[Pt] <=> OC[Pt] + O=C=[Pt],3.381965659716902e-09,-2.058243184291534e-09,7.274848625911643e-09,1.8346251043746621e-09,-1.9490530838087661e-10,-5.635113787081972e-09,-5.440198113553505e-09,-1.3700132107481654e-09,-6.810206557196784e-09,1.8161705407626076e-10,-4.483961837000664e-11,0.0,0.0,-9.62701664717954e-10,0.0
119,OC[Pt] + O=[Pt] <=> OC=[Pt] + O[Pt],7.148669068344793e-10,-2.791112239292998e-10,1.6380232705383244e-09,6.440235618775768e-10,-1.333569019324323e-10,-1.1273404549784697e-09,-9.93980882075417e-10,-5.660499108745645e-10,-1.5600286881393337e-09,3.786013748410825e-11,-1.0852655264402986e-11,0.0,0.0,-1.6923755433032447e-08,0.0
120,OC=[Pt] + C[Pt] <=> C=[Pt] + OC[Pt],6.71657859215622e-09,8.384731795413968e-09,2.366034786273305e-08,2.5328488300878683e-08,-8.851667451766141e-09,-7.183515640361614e-09,1.6681654675529137e-09,-4.906364040201221e-08,-4.739545612379871e-08,-3.3430887726401094e-09,-3.829345892502449e-09,0.0,0.0,1.1455050150921234e-07,0.0
121,OC=[Pt] + C.[Pt] <=> OC[Pt] + C[Pt],9.294205213786442e-10,1.6542146403078971e-09,2.444290955673281e-09,3.1690661690293468e-09,-4.6248018354777854e-10,2.623060577229262e-10,7.247894881328568e-10,-4.896384359225827e-09,-4.171591362366273e-09,-3.303962338040603e-10,-5.410879012608037e-11,0.0,0.0,-6.351365084639739e-10,0.0
122,OC=[Pt] + C=[Pt] <=> OC[Pt] + C#[Pt],-7.281398282550515e-10,3.2836522915141074e-09,-1.5011990477613457e-09,2.510581365600009e-09,-1.786419757607064e-11,3.993944245676325e-09,4.011798606350448e-09,-5.097531821577694e-09,-1.0857309982138909e-09,-6.470563633054963e-10,-1.1737088736128355e-10,0.0,0.0,-8.374071593756381e-10,0.0
123,OC=[Pt] + C=[Pt] <=> OC[Pt] + C#[Pt],4.681675406974426e-10,3.2655759975782854e-09,9.186071564888894e-10,3.7160102570299127e-09,5.428387532280528e-11,2.8517093814640873e-09,2.7974178051036293e-09,-6.782423766064813e-09,-3.985004277004161e-09,-7.945692459178976e-10,-2.1832761640451986e-10,0.0,0.0,-1.2482798324795624e-09,0.0
124,OC[Pt] + C~[Pt] <=> OC=[Pt] + C#[Pt],2.3429740117920478e-08,7.816267412909403e-08,-3.6526550162803785e-08,1.8206377684883808e-08,7.851859371323349e-08,1.3325153338752219e-07,5.473293172440184e-08,-8.830310942293548e-08,-3.3570169887632196e-08,-3.8020935755100844e-08,-1.5143296937966037e-08,0.0,0.0,-1.7971197503890163e-07,0.0
125,OC=[Pt] + O.[Pt] <=> OC[Pt] + O[Pt],8.341462273340221e-10,-1.164109433713919e-09,2.0788675900953674e-09,8.05843024304876e-11,-3.095248136703835e-10,-2.307792467099185e-09,-1.9982606659082803e-09,4.035730857528164e-10,-1.5946698173062206e-09,2.2733252620843228e-10,1.714796774873639e-11,0.0,0.0,-1.2974312674210295e-08,0.0
126,OC=[Pt] + C=O.[Pt] <=> OC[Pt] + O=C[Pt],1.021913822363718e-09,2.38926531699127e-10,2.208550977012579e-09,1.425540784641094e-09,-6.841272133510826e-11,-8.514107782700767e-10,-7.829902585295896e-10,-2.0106099851619307e-09,-2.7935927325637525e-09,-1.0686259894182254e-10,-9.510556437221478e-11,0.0,0.0,-2.8357878735720975e-10,0.0
127,OC=[Pt] + CO.[Pt] <=> 2 OC[Pt],1.4985633918927833e-09,-1.5715857191055739e-09,3.1428917311813985e-09,7.273333303670461e-11,-1.228542576005401e-11,-3.082451251990232e-09,-3.0701505157634506e-09,6.884526278103376e-10,-2.381683832124492e-09,2.0213535987830583e-10,-2.589574859353097e-11,0.0,0.0,-2.9024338870520527e-10,0.0
128,C=O.[Pt] + OC[Pt] <=> OC=[Pt] + OC[Pt],1.260485104240347e-09,-4.342790660551147e-10,2.800844373565865e-09,1.1060917553697062e-09,-1.548351734240963e-10,-1.8495791421270826e-09,-1.6947510046477174e-09,-1.2253429233788471e-09,-2.9200888513888785e-09,6.202709599153789e-12,4.5071347663908486e-11,0.0,0.0,-2.7624772587441464e-10,0.0
129,OC=[Pt] + C=[Pt] <=> OC[Pt] + C#[Pt],1.3432070068843707e-09,4.0428176792885876e-10,2.8388980330551596e-09,1.8999549325944314e-09,-3.107133346224914e-11,-9.700054093836196e-10,-9.389279487606944e-10,-2.7250769496183233e-09,-3.664004203832294e-09,-2.038738355791067e-10,2.660059186248241e-10,0.0,0.0,-9.267128174387782e-10,0.0
130,OC=[Pt] + C=[Pt] <=> OC[Pt] + C#[Pt],4.5494518278704394e-10,2.4631872302309727e-09,8.035222251371166e-10,2.8117453651174827e-09,1.346424450030796e-10,2.1428887442901867e-09,2.0082516270816175e-09,-5.081617463417535e-09,-3.073347849269359e-09,-6.195197667113291e-10,-2.772061678300798e-10,0.0,0.0,-1.1646390855622185e-09,0.0
131,OC#[Pt] + [Pt] <=> O=C=[Pt] + [Pt],7.644868374397729e-06,2.312046488368954e-05,-1.092596409909958e-05,4.549629522906818e-06,2.4708063341237557e-05,4.018366249685571e-05,1.5475595335578903e-05,-2.411376917202348e-05,-8.638177563210887e-06,-1.1163703485438835e-05,-1.12586997333647e-05,0.0,0.0,0.0006317021130951562,0.0
132,OC#[Pt] + [Pt] <=> C~[Pt] + O[Pt],0.01370871898005202,0.030983916607733086,0.011208958863082387,0.02848372471143863,0.016005540855828008,0.03328113520963703,0.017272829743997225,-0.07134335666977046,-0.05408284994229314,-0.0144206923404724,-0.01283742440098505,0.0,0.0,0.11978159934273325,0.0
133,C~[Pt] + O.[Pt] <=> OC#[Pt] + [Pt],0.0009328758726669509,0.0030114567665734675,-0.0012436878526746232,0.0008348478000288861,0.002932739437341711,0.005011361899661564,0.0020785615035124245,-0.003663629579717459,-0.0015851442269886912,-0.0014735143134203407,-0.0003377985895961072,0.0,0.0,-2.5204455961903406e-07,0.0
134,CO.[Pt] + C~[Pt] <=> C[Pt] + OC#[Pt],-1.831003302231208e-07,-1.8437780857008176e-07,-2.7403209719000157e-07,-2.753095776244071e-07,-9.955070899279399e-08,-1.0082817985433778e-07,-1.2774744053688498e-09,5.297429568229313e-07,5.28465486801368e-07,6.31552594080428e-08,8.223072535565481e-07,0.0,0.0,-9.135588937582394e-07,0.0
135,OC[Pt] + C~[Pt] <=> C=[Pt] + OC#[Pt],2.926363151297601e-11,5.487362892952966e-10,1.7279238861406783e-10,6.922683789813417e-10,-1.0262514588507111e-10,4.1685657762664523e-10,5.194786575828306e-10,-1.0693195584559037e-09,-5.498362057007282e-10,-6.599768864151522e-11,-1.716727852322821e-11,0.0,0.0,-2.0593618165306183e-10,0.0
136,OC=[Pt] + [Pt] <=> OC#[Pt] + [Pt],-5.075565151226837e-10,1.3333214654170263e-09,-1.0558009604194233e-09,7.850766000793515e-10,-3.8445014471245025e-12,1.8370394324710493e-09,1.840885919617997e-09,-1.7881473076679933e-09,5.27533806487933e-11,-2.46756236198862e-10,5.420534399853947e-11,0.0,0.0,-2.855781677616084e-10,0.0
137,OC#[Pt] + [H][H].[Pt] <=> OC=[Pt] + [Pt],2.714482829536315e-07,9.406373541793188e-07,-3.056292927206255e-07,3.635597618282543e-07,8.01676920025893e-07,1.4708659878864212e-06,6.691890706752078e-07,-1.3611412442866625e-06,-6.919521718664708e-07,-4.678440718393656e-07,-4.400218732339437e-08,0.0,0.0,1.4945568460920413e-07,0.0
138,OC#[Pt] + O=C[Pt] <=> OC=[Pt] + O=C=[Pt],3.7878603948087723e-06,1.3086906547074101e-05,-1.9946955219711033e-06,7.3043500837080215e-06,9.100970551564753e-06,1.8400017192922074e-05,9.299045796721558e-06,-2.3169489515084356e-05,-1.3870445871941874e-05,-6.525498005739189e-06,-5.914160279568755e-08,0.0,0.0,-6.66186886144285e-08,0.0
139,OC#[Pt] + O[Pt] <=> OC=[Pt] + O=[Pt],2.7765055480205687e-08,2.610438902253859e-08,9.309296521147724e-08,9.143228786350198e-08,-3.2259345048234694e-08,-3.392000806002953e-08,-1.6606551388626827e-09,-1.7272263927714645e-07,-1.7438328975061659e-07,-9.679854164722321e-09,-3.09888688118761e-08,0.0,0.0,-2.3485721920268842e-08,0.0
140,OC=[Pt] + C=[Pt] <=> C[Pt] + OC#[Pt],1.2807357900648771e-09,3.6277446755402837e-09,3.2415698991806937e-09,5.588588493240842e-09,-5.209238822029614e-10,1.8261068987172795e-09,2.3470204852227407e-09,-8.973993787597495e-09,-6.626960004357454e-09,-7.314475541147443e-10,1.799764182637648e-11,0.0,0.0,-2.7641434090811455e-09,0.0
141,C.[Pt] + OC#[Pt] <=> OC=[Pt] + C[Pt],2.1564642725640634e-06,7.3600560560744575e-06,-2.2645342721969033e-06,2.939057274646737e-06,6.218552499003129e-06,1.1422144474718518e-05,5.203591674920046e-06,-1.0781739502029818e-05,-5.578148378490988e-06,-3.644973446921798e-06,-2.7580194624135816e-07,0.0,0.0,1.41609449442209e-08,0.0
142,OC=[Pt] + C#[Pt] <=> C=[Pt] + OC#[Pt],4.702059959692141e-06,1.5837168115160994e-05,-6.042290621452041e-06,5.09281631187349e-06,1.4574151000849499e-05,2.5709260241868122e-05,1.1135107638903564e-05,-2.080536231347543e-05,-9.670256983025523e-06,-7.811296762057052e-06,-8.839902894507806e-07,0.0,0.0,-8.596782577002348e-07,0.0
143,OC=[Pt] + C~[Pt] <=> OC#[Pt] + C#[Pt],1.6259455148976469e-09,9.155019558013183e-13,3.975360080238052e-09,2.3503280291916772e-09,-5.327605806647707e-10,-2.157783153523955e-09,-1.6250195701570994e-09,-2.8769149636550517e-09,-4.501917893390763e-09,-1.111765941993655e-11,4.543825237925307e-11,0.0,0.0,-3.152356437601885e-10,0.0
144,OC=[Pt] + C~[Pt] <=> OC#[Pt] + C#[Pt],1.4292408194447658e-09,-1.2377781230083994e-09,3.217019151123084e-09,5.499949828427095e-10,-2.134122774922709e-10,-2.8804329786940772e-09,-2.6670049677331723e-09,-2.593915070199124e-11,-2.6929326398396824e-09,1.7693819354817936e-10,-8.440739530374635e-11,0.0,0.0,-3.0557197180559496e-10,0.0
145,OC#[Pt] + O.[Pt] <=> OC=[Pt] + O[Pt],2.2554106530489013e-09,-1.2992375223901935e-08,5.0888011813525157e-08,3.564020777784001e-08,-4.242907010812367e-08,-5.767685242117642e-08,-1.5247780669053016e-08,-5.0153272696356e-08,-6.54010422782146e-08,8.031307021777676e-09,2.665118609165098e-09,0.0,0.0,-6.295429085526012e-07,0.0
146,C=O.[Pt] + OC#[Pt] <=> OC=[Pt] + O=C[Pt],1.4792354901289214e-09,-1.0968492581100476e-09,3.3451054194838597e-09,7.690085539107283e-10,-2.351573598099183e-10,-2.811230974437309e-09,-2.5760769563696703e-09,-3.7608009220684115e-10,-2.95214251605835e-09,1.572354689391026e-10,4.847004397446885e-12,0.0,0.0,-3.745505957573487e-10,0.0
147,CO.[Pt] + OC#[Pt] <=> OC=[Pt] + OC[Pt],1.4010390216454357e-09,2.23024067939208e-09,3.846323460339562e-09,4.6755370241830384e-09,-8.457296795433035e-10,-1.6520273227918694e-11,8.292155617665008e-10,-6.8844260301779574e-09,-6.0552075881748885e-09,-3.499272571093542e-10,1.5950699730243536e-11,0.0,0.0,-2.046699073969427e-09,0.0
148,OC=[Pt] + C=O.[Pt] <=> OC[Pt] + OC#[Pt],-1.1629607339929992e-10,9.069118204287996e-10,7.308467311558273e-11,1.096308552575899e-09,-2.903144341995784e-10,7.329095876159676e-10,1.02321812975561e-09,-1.7822577420496668e-09,-7.590346412604012e-10,-1.2615753295441513e-10,-3.964502003170699e-11,0.0,0.0,-4.66522094359687e-11,0.0
149,2 OC=[Pt] <=> OC[Pt] + OC#[Pt],2.1669624328777163e-09,-4.060036907563659e-09,3.989971735130403e-09,-2.2370381340534097e-09,4.919385242893098e-10,-5.735057702492503e-09,-6.226986305953781e-09,4.92712287935722e-09,-1.2998533400932719e-09,5.713790136632255e-10,-9.732630343877411e-11,0.0,0.0,-2.0427003131606295e-10,0.0
150,OC=[Pt] + C~[Pt] <=> OC#[Pt] + C#[Pt],-3.006253497371903e-10,2.074391080490668e-09,-2.9962472091813763e-10,2.0753813860176913e-09,-3.015447444205162e-10,2.073481171022664e-09,2.375025970566495e-09,-3.787617242117813e-09,-1.4125818306597636e-09,-3.4325236892479775e-10,-5.5943313702803295e-11,0.0,0.0,-6.507983216317633e-10,0.0
151,OC=[Pt] + C~[Pt] <=> OC#[Pt] + C#[Pt],2.2510874729290576e-10,2.6681038382103315e-09,1.298747771574456e-09,3.741739470198657e-09,-7.61393203002913e-10,1.6816105722486514e-09,2.4429953006035963e-09,-6.086026490165074e-09,-3.6430148463047544e-09,-4.2021747834543954e-10,-3.862154898364052e-12,0.0,0.0,-1.7927777626107972e-10,0.0
