,Reaction,SYNGAS Selec,SYNGAS Yield,CO Selectivity,CO % Yield,H2 Selectivity,H2 % Yield,CH4 Conversion,H2O+CO2 Selectivity,H2O+CO2 yield,Exit Temp,Peak Temp,Dist to peak temp,O2 Conversion,Max CH4 Conv,Dist to 50 CH4 Conv
0,[H][H] + 2 [Pt] <=> 2 [Pt],-2.6418877455960305e-05,0.0018164044940600452,-0.004668774773856544,-0.0028260369528011822,0.004346148406908952,0.0061890523571406075,0.0018428238583694941,0.004655081380740647,0.006497991024068933,-0.0011513290088063738,-0.001608421622845478,0.0,0.0,0.030813081535846967,0.0
1,O=C=O + [Pt] <=> O=C=O.[Pt],3.711243619228296e-09,-1.9743175696254704e-09,1.7241059366235276e-09,-3.961469216818903e-09,5.582899609072415e-09,-1.0266343162527489e-10,-5.685566922620212e-09,6.769655142186342e-09,1.0841001506096045e-09,-1.0391736441087605e-09,8.745985290271222e-10,0.0,0.0,5.143692449782433e-07,0.0
2,[C-]#[O+] + [Pt] <=> O=C=[Pt],6.277088854573337e-05,-7.424030942245411e-05,0.0004724853353753212,0.0003354735760443204,-0.00032313317095818557,-0.0004601438401839411,-0.0001370111119631871,-0.0006343574794820274,-0.0007713677222923753,6.117330609019031e-05,-0.00015678835076764504,0.0,0.0,0.001195969265318968,0.0
3,[O][O] + 2 [Pt] <=> 2 O=[Pt],-0.0003553113207393173,-0.0008317745723879214,0.0012745144787868052,0.0007980434615806957,-0.0018904204612951053,-0.0023668763986813873,-0.0004764649445775283,-0.0013585138766233846,-0.0018349723483472749,0.00042927230267470303,0.013493523518811005,0.0,0.0,0.8340908201642214,0.0
4,O=C=[Pt] + O=[Pt] <=> O=C=O.[Pt] + [Pt],1.2238898263245782e-05,2.205842286835504e-05,2.4675448561548125e-05,3.449497438403321e-05,5.250930052097166e-07,1.0344616466679099e-05,9.819523404698874e-06,-8.913798806236983e-05,-7.931847339783615e-05,-1.1518506828672903e-05,1.3162065700407346e-05,0.0,0.0,-2.376473866241579e-06,0.0
5,C=[Pt] + [Pt] <=> C[Pt] + [Pt],-0.00011118474755164973,0.0019950567607416973,-0.005463875803552963,-0.003357747036008172,0.004930436859471396,0.00703678455660085,0.0021062438501147957,0.005614202537499791,0.007720564636418393,-0.0012840448787479087,-0.001525402729801426,0.0,0.0,-0.016378695443231207,0.0
6,C[Pt] + [Pt] <=> C + 2 [Pt],1.1454822648848705e-06,2.2616453657307012e-06,2.852958184528124e-08,1.1446926637033014e-06,2.1975237121192154e-06,3.3136868338380384e-06,1.116163091672651e-06,-3.749098587578997e-06,-2.632935530332239e-06,-1.1723504110575997e-06,-1.031373850766411e-05,0.0,0.0,-1.8649100859892077e-05,0.0
7,C=[Pt] + [Pt] <=> C#[Pt] + [Pt],1.607596751842929e-05,0.00010898728990765621,-0.00020693929865756713,-0.00011402818347526653,0.00022613079282963677,0.000319042310387033,9.291130745617264e-05,0.00016927193497709393,0.0002621833997171723,-6.491591864002139e-05,-0.00015291231635609594,0.0,0.0,-6.839435108496719e-05,0.0
8,O=C=[Pt] + [Pt] <=> C~[Pt] + O=[Pt],0.007624206747250712,0.017249007770836978,0.006535389085605827,0.01616008532062834,0.008649748216310139,0.018274647938697694,0.009624067264796908,-0.04677691602402752,-0.037157350601084306,-0.009384999676077619,-0.0119885697435256,0.0,0.0,0.04888361669783576,0.0
9,C#[Pt] + [Pt] <=> C~[Pt] + [Pt],8.175978179816398e-10,2.0838875199241008e-08,-5.9393033857274563e-08,-3.9371765047851265e-08,5.752912530383102e-08,7.755041374742762e-08,2.0021282454029696e-08,6.660280175061418e-08,8.662409286620047e-08,-1.4531492675092812e-08,-1.4604395550975682e-08,0.0,0.0,1.8270214480599385e-06,0.0
10,C~[Pt] + [H][H] <=> C=[Pt],3.7345770248414102e-06,1.1569783826846354e-05,-1.2318541852837543e-05,-4.483336299884092e-06,1.8854775472139186e-05,2.6689983465612395e-05,7.83520650858371e-06,2.4680091135932613e-06,1.030321581690199e-05,-6.436051624202244e-06,-2.8105660249750055e-05,0.0,0.0,1.97729709591883e-05,0.0
11,C + O=[Pt] + [Pt] <=> C[Pt] + O[Pt],-1.211842733361016e-09,6.290319034811723e-08,-1.792823058573848e-07,-1.1516727282078743e-07,1.6651014035612204e-07,2.3062519147340906e-07,6.41150402902159e-08,1.9466327021891392e-07,2.587783249900747e-07,-4.2616742832701336e-08,-3.40402315913496e-08,0.0,0.0,-4.942007692480861e-06,0.0
12,O=C=[Pt] + O[Pt] <=> O=C=O.[Pt] + [Pt],1.1623145525370605e-06,2.1792815439947747e-06,2.414680435586839e-06,3.4316474295204847e-06,-1.7270588003416002e-08,9.996963891060187e-07,1.016966974006391e-06,-8.91168351267724e-06,-7.894716618417094e-06,-1.1536269954330382e-06,6.817831036113302e-07,0.0,0.0,-4.283795170956788e-07,0.0
13,O[Pt] + [Pt] <=> [Pt] + O=[Pt],1.3005936299475341e-08,7.48061671508227e-09,4.9693143920440247e-08,4.416781135039741e-08,-2.1549209272735663e-08,-2.7074516626134686e-08,-5.525318139836692e-09,-1.0130965599310718e-07,-1.0683496362238556e-07,-4.046658711024261e-09,-2.9352274491523843e-09,0.0,0.0,-1.0341313729230421e-08,0.0
14,C + O[Pt] + [Pt] <=> C[Pt] + O.[Pt],3.417481282615683e-07,-3.6011250500062818e-06,1.042242482809324e-05,6.479551239505151e-06,-9.153094172846694e-06,-1.3095966979644785e-05,-3.942873166140432e-06,-1.09608094560821e-05,-1.4903682186771695e-05,2.3492632132249694e-06,1.8121362084875348e-06,0.0,0.0,-0.00012640252437562312,0.0
15,O + [Pt] <=> O.[Pt],6.70857424911158e-10,-3.658523038438384e-08,1.4597972037918862e-07,1.0872364250357984e-07,-1.361934404577156e-07,-1.7344950761363227e-07,-3.7256088258002445e-08,-2.1621564767853933e-07,-2.5347172508235444e-07,2.046077845077189e-08,2.9786343688637256e-07,0.0,0.0,-1.243583153241832e-09,0.0
16,O.[Pt] + [Pt] <=> [Pt] + O[Pt],3.0051576872045267e-05,-0.00046833443475009383,0.0012797038908666197,0.0007813116511394278,-0.001146977704583994,-0.0016453578500448553,-0.0004983858618523913,-0.0012981188444580521,-0.001796498236656476,0.0003026849913279734,0.0003171805783408748,0.0,0.0,-0.007245098383822285,0.0
17,O.[Pt] + O=[Pt] <=> 2 O[Pt],8.585184625380028e-07,-3.825055747974853e-06,1.3426922041105752e-05,8.743347239935923e-06,-1.0979477488386423e-05,-1.5663051127563208e-05,-4.683574163837235e-06,-1.5425235479698853e-05,-2.0108808913804617e-05,2.607187112786818e-06,-9.60216172459734e-08,0.0,0.0,-0.0003132515177380075,0.0
18,[H] + [Pt] <=> [Pt],3.090991024144683e-10,-1.8211536117955767e-09,1.900824785798913e-09,-2.2943382432320005e-10,-1.1901361108728518e-09,-3.3203712555730166e-09,-2.1302454766805328e-09,1.1969322188172201e-09,-9.333129405141714e-10,2.225005455091314e-10,-3.3306899186314866e-09,0.0,0.0,1.1155455978193003e-10,0.0
19,C + [Pt] <=> C.[Pt],0.00031641250695102165,0.0014288489664346818,-0.002048403516870257,-0.0009359933643800454,0.002543798215846013,0.003656259453514986,0.0011124329396087803,0.001039711203182925,0.0021521557088800968,-0.0008298988230949382,-0.0033789006877054783,0.0,0.0,-0.044681253805659224,0.0
20,[CH3] + [Pt] <=> C[Pt],-2.744541621798806e-09,-6.343732473157748e-09,-3.4873268018906975e-09,-7.086529318345417e-09,-2.0449230983031975e-09,-5.644117967364865e-09,-3.599185720420782e-09,1.6873712610471022e-08,1.327453088695239e-08,2.2025125190716438e-09,2.5971226337683575e-08,0.0,0.0,8.580576587764707e-09,0.0
21,[H][H] + [Pt] <=> [H][H].[Pt],3.269405065597555e-06,7.436225670811519e-06,-3.6466473537691454e-06,5.201729654995736e-07,9.783533918480001e-06,1.3950354805037857e-05,4.166820472696309e-06,-5.364910251159304e-06,-1.1980899884132425e-06,-3.942547189279274e-06,-2.3276942957082282e-05,0.0,0.0,1.1949304421790717e-05,0.0
22,[OH] + [Pt] <=> O[Pt],-5.9288279527801106e-08,-3.0844612482575517e-07,4.812481006151787e-07,2.3209025126196338e-07,-5.684116092696627e-07,-8.175694357431392e-07,-2.491578408167163e-07,-2.886187313042663e-07,-5.377765683352397e-07,1.7928428673102693e-07,5.049706985678929e-07,0.0,0.0,-6.681823791729741e-08,0.0
23,[CH]=O + [Pt] <=> O=C[Pt],1.824150036013892e-09,-9.535851092617874e-10,4.0126992338782476e-09,1.2349631645159556e-09,-2.372125213515303e-10,-3.0149317913572764e-09,-2.777728749552024e-09,-1.4323086969083e-09,-4.210027257405199e-09,1.8007020892366913e-10,7.392137959378448e-11,0.0,0.0,1.4304885502379416e-10,0.0
24,O=C=O + 2 [Pt] <=> O=C=[Pt] + O=[Pt],0.009504031683666706,0.01940173199811314,0.016117485248796838,0.026015840080856417,0.003274916264482345,0.013172000098350742,0.00989675972326501,-0.06970890611275998,-0.05981904531242566,-0.010421143646144323,0.01057391060490168,0.0,0.0,-0.006595660987683522,0.0
25,O + 2 [Pt] <=> [Pt] + O[Pt],0.0005724073670930386,-0.006289622492405102,0.01798289011095438,0.011119665545768884,-0.015826272301085322,-0.022687176884724953,-0.006861990580961756,-0.018707086931534087,-0.0255677938339423,0.004103230212319299,0.0035892440223261293,0.0,0.0,-0.1294323247351872,0.0
26,CC + 2 [Pt] <=> 2 C[Pt],-1.2459143984702052e-05,-3.250557238840343e-05,9.994710801748082e-06,-1.0051722091285343e-05,-3.360810219431202e-05,-5.365452633956727e-05,-2.0046430893446857e-05,4.314997203432407e-05,2.310353250317005e-05,1.7016690817225826e-05,1.7697241420192834e-05,0.0,0.0,0.002184199866320171,0.0
27,C=O + 2 [Pt] <=> O=C[Pt] + [Pt],-1.5187175251702253e-07,9.055433044645551e-08,-9.300933228991722e-07,-6.876672402648401e-07,5.811237899570973e-07,8.235498882354792e-07,2.4242608876604064e-07,1.350988690457871e-06,1.59341478597162e-06,-9.201881245774774e-08,5.31314895282688e-07,0.0,0.0,-1.3399943728538503e-05,0.0
28,C=O + 2 [Pt] <=> C=[Pt] + O=[Pt],3.8899482529451076e-05,8.578301820102131e-05,4.989962726563666e-05,9.67831680894006e-05,2.853860668841511e-05,7.542213750422064e-05,4.6883517430508066e-05,-0.0002695521542988341,-0.000222668763236629,-4.668553385356448e-05,-4.336438102021832e-05,0.0,0.0,0.0003463767759645884,0.0
29,CO + 2 [Pt] <=> C[Pt] + O[Pt],9.620916288763664e-06,3.307927082564546e-05,-1.180853594892943e-05,1.164981355642272e-05,2.9805004672264074e-05,5.326336394528158e-05,2.345835227638296e-05,-5.036960729314633e-05,-2.6911266828346626e-05,-1.912092800280518e-05,-1.324714195523069e-05,0.0,0.0,0.0013721306516363341,0.0
30,CC=O + 2 [Pt] <=> C[Pt] + O=C[Pt],2.5808339453598812e-09,-3.6578075212103025e-09,5.11862089706527e-09,-1.1200232226681644e-09,1.905414594534834e-10,-6.048094519491037e-09,-6.238639415081999e-09,3.1871453570034672e-09,-3.0514950380687834e-09,6.516193004834582e-10,-4.021142662193665e-11,0.0,0.0,2.6137321658668565e-10,0.0
31,C=C + 2 [Pt] <=> 2 C=[Pt],-0.002371457201281389,-0.0023699521294280952,-0.00309744641361389,-0.003095941352690973,-0.0016876585547562005,-0.0016861534726077445,1.5051075441788307e-06,0.007117083073575221,0.0071185882882432334,0.0009209671008881163,-0.0006752243280018513,0.0,0.0,3.2134218113689727e-06,0.0
32,C.[Pt] + [Pt] <=> C[Pt] + [Pt],-8.446954729577217e-08,1.3746003451630882e-06,-3.822868731474364e-06,-2.363798895451823e-06,3.436674087022788e-06,4.895744029649544e-06,1.459069894714755e-06,3.971494437179508e-06,5.430564393647366e-06,-8.880524985663662e-07,-1.111974303225172e-06,0.0,0.0,4.00120245219649e-06,0.0
33,O=C[Pt] + [Pt] <=> O=C=[Pt] + [Pt],3.5806252393190624e-07,2.358338509461451e-06,-4.36258834323295e-06,-2.3623124503854346e-06,4.804374710910437e-06,6.804650786724483e-06,2.0002759779817948e-06,3.4279685389065155e-06,5.42824460027704e-06,-1.4052102313715161e-06,-3.1609773107178087e-06,0.0,0.0,-1.8701436137086235e-06,0.0
34,C[Pt] + [H][H].[Pt] <=> C.[Pt] + [Pt],6.141389276992143e-10,6.776081053787735e-08,-1.86618294139566e-07,-1.1947163424943333e-07,1.7696564782868101e-07,2.441123184615626e-07,6.714666610767148e-08,2.002821796159563e-07,2.674288551822616e-07,-4.541946826139083e-08,-5.665996705279865e-08,0.0,0.0,1.1167656338359127e-06,0.0
35,C#[Pt] + [H][H].[Pt] <=> C=[Pt] + [Pt],7.980719598624877e-06,2.9452543394719265e-05,-3.83803179303359e-05,-1.6908504101152925e-05,5.1647504414826235e-05,7.311933758360418e-05,2.1471822078258746e-05,1.7405814140010694e-05,3.887763996826264e-05,-1.672643052371878e-05,-6.308546109954301e-05,0.0,0.0,6.0720562366555146e-05,0.0
36,C=[Pt] + [H][H].[Pt] <=> C[Pt] + [Pt],4.675185803243371e-09,2.198260553473012e-09,1.2470211774723068e-09,-1.2298972045010425e-09,7.904124045502207e-09,5.42722233682652e-09,-2.4769174260087382e-09,3.4898728313180163e-10,-2.1279256656064484e-09,-2.4396704332170673e-09,-1.5564903726038082e-08,0.0,0.0,1.286556677590544e-09,0.0
37,C~[Pt] + [H][H].[Pt] <=> C#[Pt] + [Pt],3.009046384351133e-06,9.08290312643192e-06,-8.975356982046574e-06,-2.9015009747217403e-06,1.4296981056307954e-05,2.0370838475439768e-05,6.07385655803519e-06,5.918525114527952e-07,6.6657091164168105e-06,-5.041345488351275e-06,-2.3694371125047866e-05,0.0,0.0,5.772670318163443e-06,0.0
38,[H][H].[Pt] + O=[Pt] <=> [Pt] + O[Pt],5.7543112133988096e-08,1.0265249045846294e-07,1.1624945311013165e-07,1.6135880775160762e-07,2.2484661254636035e-09,4.7357851751723306e-08,4.5109373834901934e-08,-4.22256073465084e-07,-3.7714668784449557e-07,-5.608350650914661e-08,-3.4544997737772533e-09,0.0,0.0,7.668487080599928e-07,0.0
39,[H][H].[Pt] + O[Pt] <=> O.[Pt] + [Pt],2.9501811359539666e-08,-9.214655099852994e-07,2.3451120855269658e-06,1.3941447405402734e-06,-2.1515377078704654e-06,-3.1025050039587384e-06,-9.509673226311685e-07,-2.25984965415463e-06,-3.2108169544384337e-06,5.86897091494201e-07,7.86011741498137e-07,0.0,0.0,-6.2378016174319225e-06,0.0
40,O=C=[Pt] + [H][H].[Pt] <=> O=C[Pt] + [Pt],2.1093048487347579e-07,1.4354693493942453e-06,-2.6529854847588104e-06,-1.428446658484395e-06,2.9084111626210293e-06,4.132950066154132e-06,1.224538862403936e-06,2.05406742674298e-06,3.278606327330928e-06,-8.588708603386608e-07,-2.2080617482459227e-06,0.0,0.0,6.1340002467244405e-06,0.0
41,C.[Pt] + O=C=[Pt] <=> C[Pt] + O=C[Pt],5.343930671428787e-08,3.031104834934671e-07,-5.458644445751447e-07,-2.961932843601022e-07,6.179147658916253e-07,8.675859432674372e-07,2.496711803728118e-07,4.2709607563097576e-07,6.767672662312828e-07,-1.8044223997342171e-07,-4.3665546829911213e-07,0.0,0.0,-2.5105751036853974e-07,0.0
42,O=C[Pt] + C#[Pt] <=> C=[Pt] + O=C=[Pt],4.7678264278843766e-08,2.301079312826873e-06,-5.5279319363351005e-06,-3.274531012806146e-06,5.299264161103011e-06,7.55266534240957e-06,2.253401054063472e-06,5.270590607748988e-06,7.523991784407725e-06,-1.4425830788132429e-06,-1.9013146864898369e-06,0.0,0.0,-1.339550980271118e-06,0.0
43,C=[Pt] + O=C[Pt] <=> C[Pt] + O=C=[Pt],3.2129549757099692e-09,6.3857980864372326e-09,-8.72618846949293e-09,-5.553359532700037e-09,1.4458259988259852e-08,1.763110144432286e-08,3.172839945099247e-09,7.93383588570587e-09,1.1106678570306461e-08,-4.3578215526935576e-09,-1.1967747339684313e-08,0.0,0.0,-3.831560638420248e-08,0.0
44,O=C[Pt] + C~[Pt] <=> C#[Pt] + O=C=[Pt],3.1130942831498174e-09,-1.3274621783545743e-09,3.550209216530134e-09,-8.903504379669024e-10,2.7013941213758285e-09,-1.739156344045471e-09,-4.440550750124831e-09,1.5509209587678814e-09,-2.8896272665610174e-09,-4.0219059213387656e-10,-5.096159451197225e-09,0.0,0.0,3.767541860708982e-11,0.0
45,O=C[Pt] + O=[Pt] <=> O=C=[Pt] + O[Pt],3.1329665485934427e-07,4.559725486872788e-07,1.005393030616654e-06,1.1480689348849383e-06,-3.385788234102796e-07,-1.9590292441107202e-07,1.4267590043166708e-07,-2.7901234959021866e-06,-2.647447585936662e-06,-2.3176657914284961e-07,-4.3488714262783304e-08,0.0,0.0,-6.720264492277287e-07,0.0
46,O=C[Pt] + O[Pt] <=> O=C=[Pt] + O.[Pt],5.6248215105451574e-09,-2.885140093102665e-08,8.074014011977737e-08,4.626390806398923e-08,-6.512518909859166e-08,-9.960141450090971e-08,-3.447622452163939e-08,-7.632866988143758e-08,-1.1080488152422764e-07,1.76324765474159e-08,1.7625720550026064e-08,0.0,0.0,-5.956895756671916e-08,0.0
47,C.[Pt] + O=[Pt] <=> C[Pt] + O[Pt],0.0004243878984350364,0.00026212688106879117,0.0020161291136654856,0.0018538655135326193,-0.0010748499278350895,-0.0012371085125161333,-0.00016226032874688202,-0.0041004040183723256,-0.004262657693789076,-8.06751412988241e-05,-0.00019228420516768487,0.0,0.0,-0.0008855970661348356,0.0
48,C=[Pt] + C.[Pt] <=> 2 C[Pt],8.554901799200053e-09,4.472160395776456e-08,-8.426127467147422e-08,-4.809458352032172e-08,9.597710417928461e-08,1.321438167055699e-07,3.616670430590051e-08,6.922133573531984e-08,1.0538804376668784e-07,-2.8307264940180143e-08,-8.550328514176091e-08,0.0,0.0,-2.536806613890584e-07,0.0
49,C.[Pt] + C#[Pt] <=> C=[Pt] + C[Pt],6.583486040251038e-06,4.073303325211493e-05,-7.515588642418436e-05,-4.1006367141707186e-05,8.357260835536868e-05,0.00011772218186149819,3.414954496312552e-05,6.0133212134352444e-05,9.428277764744934e-05,-2.4123670269554387e-05,-6.005278552339005e-05,0.0,0.0,-2.7076903036526622e-05,0.0
50,C.[Pt] + C~[Pt] <=> C[Pt] + C#[Pt],1.903429698492555e-09,-2.291602325775762e-09,3.056360916531638e-09,-1.1386621321569953e-09,8.174885898681581e-10,-3.377524867245141e-09,-4.195027266856715e-09,2.671129949962068e-09,-1.523897706302746e-09,2.3872080359655553e-10,-6.958455844222233e-10,0.0,0.0,1.7601484630499776e-10,0.0
51,C.[Pt] + O[Pt] <=> C[Pt] + O.[Pt],1.3547485451419195e-06,-1.3707346961137526e-05,3.993191336820699e-05,2.4869812036290225e-05,-3.4980520128224853e-05,-5.0042610159437745e-05,-1.506209530098538e-05,-4.21272679985186e-05,-5.7189356948802104e-05,8.960094623318545e-06,6.867000741809611e-06,0.0,0.0,-0.00039209266695450315,0.0
52,C#[Pt] + O[Pt] <=> C=[Pt] + O=[Pt],6.361577973030247e-05,9.822775931982995e-05,0.00013702343033015064,0.00017163543532025983,-5.525815300804975e-06,2.9086140352268987e-05,3.461195756973356e-05,-0.00042926444306644253,-0.00039465263407310576,-4.89551591055214e-05,-0.00010297685876913919,0.0,0.0,-0.001212972618241393,0.0
53,C=[Pt] + O[Pt] <=> C[Pt] + O=[Pt],-1.89749919361279e-08,1.1470173876362628e-07,-3.7869203642539804e-07,-2.450153154281879e-07,3.198372558205321e-07,4.53513998647621e-07,1.3367673693347778e-07,4.276578668348842e-07,5.613346111269164e-07,-7.770075979337303e-08,-1.5098864565721597e-08,0.0,0.0,-1.3898067509616892e-06,0.0
54,C~[Pt] + O[Pt] <=> C#[Pt] + O=[Pt],2.808623746730825e-09,-3.018756367524322e-09,5.9025141751176485e-09,7.512914286267264e-11,-1.0547852248739846e-10,-5.932856993200171e-09,-5.8273771829448635e-09,9.557035962372108e-10,-4.8716741360530335e-09,5.274329495016174e-10,-5.148565838509646e-12,0.0,0.0,1.751318286813941e-10,0.0
55,2 C=[Pt] <=> C[Pt] + C#[Pt],3.827480029770303e-08,1.3225282002679686e-07,-1.6298686838968966e-07,-6.90088577983666e-08,2.278402295189974e-07,3.218182578548242e-07,9.397801581039951e-08,5.6140370100769336e-08,1.5011838374558914e-07,-7.813980500837482e-08,-3.467425680493716e-07,0.0,0.0,-5.726039629156974e-07,0.0
56,C[Pt] + C~[Pt] <=> C=[Pt] + C#[Pt],1.801708322402222e-05,5.0312171282559495e-05,-3.9377864985953956e-05,-7.082795450923356e-06,7.207654750799908e-05,0.00010437165304057815,3.229508224869419e-05,-1.6017728646969383e-05,1.6277348432657513e-05,-2.767751726379915e-05,-0.00014950539797424422,0.0,0.0,-0.0001172121761414692,0.0
57,C=[Pt] + C~[Pt] <=> 2 C#[Pt],2.987801229304363e-09,-3.4419005839848516e-09,5.646276946869914e-09,-7.834395648219922e-10,4.838097232752477e-10,-5.945881234452836e-09,-6.429693007567483e-09,2.2509195750050993e-09,-4.1787635907426335e-09,4.6145367051058494e-10,-5.084866429047793e-10,0.0,0.0,1.3156962591694649e-10,0.0
58,C#[Pt] + O.[Pt] <=> C=[Pt] + O[Pt],-9.34020279550482e-06,-0.00016312175824065487,0.0003597463843050876,0.00020596426125437701,-0.00035697747402691263,-0.0005107584948706604,-0.00015378156980887115,-0.00031981198596563,-0.00047359306395359217,0.00010081278935651632,0.00017884999604805477,0.0,0.0,-0.0007218885059070717,0.0
59,C=[Pt] + O.[Pt] <=> C[Pt] + O[Pt],-7.818737040711015e-09,-2.8465166894858813e-07,6.521406880383111e-07,3.7530776061601616e-07,-6.294248783455133e-07,-9.062577964847589e-07,-2.768329262163216e-07,-5.900997135097024e-07,-8.669326304187973e-07,1.761028985324814e-07,2.8720246695996984e-07,0.0,0.0,-3.1952949312524286e-06,0.0
60,C~[Pt] + O.[Pt] <=> C#[Pt] + O[Pt],-0.0003661551550783117,-0.003575863925570499,0.007177790863159691,0.003967839953085248,-0.0074716878394385155,-0.010681168542173129,-0.003209720523045844,-0.005913851471786793,-0.009123382176728083,0.0021726629960460543,0.0045386294301187685,0.0,0.0,-0.007708890377883731,0.0
61,CO + [Pt] <=> CO.[Pt],-3.35289150052555e-07,7.859077421536811e-08,-1.0811729869883633e-06,-6.672930642332908e-07,3.672479531132779e-07,7.811278938110191e-07,4.138799339207158e-07,1.139373327026609e-06,1.5532532636601531e-06,-1.382299687066478e-07,2.414786888632217e-06,0.0,0.0,-9.710024974294518e-05,0.0
62,CO.[Pt] + [Pt] <=> C.[Pt] + O[Pt],2.231550474530143e-09,-1.891669920904426e-09,3.6416432327039707e-09,-4.815688845622841e-10,9.034046796135328e-10,-3.2198085080207525e-09,-4.123214074122167e-09,8.701361502512088e-10,-3.2530696808855374e-09,-3.4214606903160215e-11,-2.2711939886885435e-10,0.0,0.0,2.4110796212498148e-08,0.0
63,CO.[Pt] + [Pt] <=> C[Pt] + O[Pt],3.204242380894955e-09,-2.5529901960950858e-11,5.619103170610633e-09,2.3893170281656848e-09,9.297202371719063e-10,-2.300053996425535e-09,-3.2297636843594892e-09,-5.814244886525018e-09,-9.04400916967876e-09,-8.798434006041675e-10,-8.469014996622929e-10,0.0,0.0,1.129232370985157e-08,0.0
64,CO.[Pt] + [Pt] <=> C[Pt] + O[Pt],5.956593160830513e-09,6.149383776389638e-09,7.3543848011323435e-09,7.547165273789475e-09,4.64003360935765e-09,4.832818773481937e-09,1.927865363256029e-10,-2.270324054099971e-08,-2.2510444391306233e-08,-4.688182590458515e-09,-3.4027134692118057e-09,0.0,0.0,6.917560063311132e-08,0.0
65,CO.[Pt] + [Pt] <=> C[Pt] + O.[Pt],2.7512740814285894e-09,-1.2085441422834382e-09,5.396188901794468e-09,1.4363589711465552e-09,2.6005538661110474e-10,-3.69975479915873e-09,-3.9598182653249894e-09,-2.4607754229940804e-09,-6.420590101676848e-09,-1.382945962974649e-10,2.039884333681048e-10,0.0,0.0,-2.1645705346604574e-09,0.0
66,CO.[Pt] + [Pt] <=> C[Pt] + O[Pt],5.790459818789682e-09,6.064958925050247e-09,6.939276664078583e-09,7.213767754317462e-09,4.708405994064109e-09,4.982912650498544e-09,2.744983042749128e-10,-2.2130053055718093e-08,-2.1855555739371044e-08,-4.6735463419499415e-09,-3.3422272158024533e-09,0.0,0.0,6.923829488438719e-08,0.0
67,CO.[Pt] + [Pt] <=> C[Pt] + O[Pt],3.788171871174498e-09,-1.800538061422751e-10,6.777458740100776e-09,2.8092341351879893e-09,9.725941683902974e-10,-2.9956205027718146e-09,-3.968219577061888e-09,-6.600822973735046e-09,-1.0569042404589051e-08,-9.108899883496278e-10,-8.428427762275554e-10,0.0,0.0,1.1100708885529575e-08,0.0
68,[CH]C + 2 [Pt] <=> C[Pt] + C#[Pt],-7.531743672470662e-07,-4.170033168949009e-07,-1.0060475486529011e-06,-6.698764967419021e-07,-5.149968072358382e-07,-1.788257433470296e-07,3.3617105828882087e-07,1.2013657389471064e-06,1.5375368151326305e-06,6.525006434131302e-08,-1.7442566896956276e-07,0.0,0.0,1.6600731323748952e-10,0.0
69,C.[Pt] + C~[Pt] <=> CC#[Pt] + [Pt],2.6765487298759566e-09,-3.1081882940667084e-09,5.36989540279429e-09,-4.148352163155207e-10,1.3973681225859612e-10,-5.644988250766541e-09,-5.784732900927205e-09,1.6353150424503386e-09,-4.149404681744337e-09,4.785609739621651e-10,1.982949463277091e-10,0.0,0.0,6.710933939387875e-11,0.0
70,CC#[Pt] + [Pt] <=> C[Pt] + C~[Pt],2.0560486178941894e-09,-2.4554913150589845e-09,4.135325683363795e-09,-3.7621921922071186e-10,9.760788769254245e-11,-4.4139273644373886e-09,-4.511532129816122e-09,1.3706338408282282e-09,-3.1408904434466298e-09,3.908913238047465e-10,4.156433443351583e-11,0.0,0.0,2.766788553958159e-10,0.0
71,CO.[Pt] + C~[Pt] <=> CC#[Pt] + O[Pt],2.3267578494050033e-09,-1.619819736040572e-09,4.858479830538033e-09,9.118887333762182e-10,-5.7846161683109615e-11,-4.004429014176445e-09,-3.9465785743864774e-09,-1.003752782567369e-09,-4.950318649614285e-09,1.9424181462244723e-10,2.861775829215398e-11,0.0,0.0,2.875694060869278e-10,0.0
72,[CH]C + 2 [Pt] <=> CC#[Pt] + [Pt],-7.525415655452462e-07,-4.1824836323357163e-07,-1.0051104488588405e-06,-6.708172518889482e-07,-5.146506314834642e-07,-1.8035741212420655e-07,3.3429321261656604e-07,1.2029040462611113e-06,1.537197273763997e-06,6.535885411918845e-08,-1.7448981934829516e-07,0.0,0.0,1.5393940571490607e-10,0.0
73,CO + 2 [Pt] <=> OC[Pt] + [Pt],-4.86913212409595e-07,3.902859654140496e-07,-1.7366516353626292e-06,-8.594524628161973e-07,6.901971858342781e-07,1.5673963866219886e-06,8.771991890188065e-07,1.1401546543175109e-06,2.017353860486408e-06,-3.84377221692556e-07,4.2514619698926985e-06,0.0,0.0,-0.0001522903093746102,0.0
74,C=O + [Pt] <=> OC[Pt],2.901937617334809e-09,-2.833556400756746e-09,5.872265807272223e-09,1.3676498971078131e-10,1.0422883390928391e-10,-5.631258779860792e-09,-5.7354895687663726e-09,6.525214440300379e-10,-5.082955716966542e-09,3.9944497553053653e-10,3.823843606338369e-11,0.0,0.0,9.801495622000711e-11,0.0
75,OC[Pt] + [Pt] <=> C=[Pt] + O[Pt],4.046331995948914e-09,-2.44084098390948e-09,7.418351615293864e-09,9.31164870539881e-10,8.702759160571694e-10,-5.616899103733141e-09,-6.487171288856562e-09,-2.100802535295341e-09,-8.58796622890671e-09,-2.1272192637569735e-10,-6.328038384798881e-10,0.0,0.0,7.596894955070221e-10,0.0
76,C=[Pt] + O.[Pt] <=> OC[Pt] + [Pt],8.99145477798086e-08,3.307693505597113e-07,-1.2792815529486486e-07,1.1292665287054375e-07,2.950974233805615e-07,5.359522390814709e-07,2.4085480779087827e-07,-5.034505154820049e-07,-2.6259569744397744e-07,-1.942256788448707e-07,-2.7941980840270183e-08,0.0,0.0,-3.152372916265094e-10,0.0
77,OC[Pt] + [Pt] <=> CO.[Pt] + [Pt],-5.214302854145964e-07,3.5475733607504845e-07,-1.8843287344196324e-06,-1.0081411293328968e-06,7.622638662698976e-07,1.6384515002205537e-06,8.761876350404521e-07,1.4848346711032877e-06,2.3610223261589625e-06,-3.6758762832223775e-07,4.208491400531364e-06,0.0,0.0,-0.00017168959816604013,0.0
78,CO.[Pt] + [Pt] <=> OC[Pt] + [H][H].[Pt],2.70835465128872e-09,-3.770018549139155e-09,5.2837813230993835e-09,-1.19461072200723e-09,2.8259784596247857e-10,-6.195772609823682e-09,-6.478367934148756e-09,3.3111110843729714e-09,-3.167245696128195e-09,6.40890275602714e-10,9.43653198576476e-11,0.0,0.0,-1.7363069872126787e-09,0.0
79,CO.[Pt] + O=C=[Pt] <=> OC[Pt] + O=C[Pt],3.910111071049969e-09,-5.442907100757151e-09,7.633789906228367e-09,-1.719224336004404e-09,4.0283230666069104e-10,-8.950189566355173e-09,-9.353016766790978e-09,4.667899250019372e-09,-4.685117774819937e-09,9.071939659989778e-10,1.22306624244012e-10,0.0,0.0,-2.9993165281737916e-10,0.0
80,CO.[Pt] + O=[Pt] <=> OC[Pt] + O[Pt],1.6341313133012181e-09,-2.6455747255430617e-09,3.0029701871207955e-09,-1.2767493692930526e-09,3.4485396637797313e-10,-3.934851356701087e-09,-4.279705834660309e-09,4.0953864480622926e-09,-1.8430361899554755e-10,5.285311961429534e-10,3.855956376477102e-09,0.0,0.0,-3.2757304782825264e-07,0.0
81,C=[Pt] + CO.[Pt] <=> OC[Pt] + C[Pt],6.560064110219299e-09,-7.625203738536663e-09,1.2955576243166436e-08,-1.2296901055067222e-09,5.362365623744183e-10,-1.3649029710637743e-08,-1.4185268278985677e-08,4.489372175535036e-09,-9.695894165297216e-09,1.2124009316517977e-09,2.125192687355624e-11,0.0,0.0,1.8572804016463812e-10,0.0
82,C=[Pt] + CO.[Pt] <=> OC[Pt] + C[Pt],2.7221660942057023e-09,-3.903818725396971e-09,5.3696912805313095e-09,-1.256294360930951e-09,2.2850075001371258e-10,-6.397483295491407e-09,-6.625987022225487e-09,3.597646158898603e-09,-3.02832659147936e-09,7.025399284115564e-10,1.4105942974340115e-10,0.0,0.0,-4.050107500262156e-10,0.0
83,C[Pt] + CO.[Pt] <=> OC[Pt] + C.[Pt],2.1152051565529483e-09,-2.2150126198929093e-09,4.305589165972421e-09,-2.464478032412099e-11,5.211441695464196e-11,-4.2781031342310185e-09,-4.3302107499367495e-09,7.951436320259041e-10,-3.5350653900850253e-09,3.463067341920482e-10,8.248979573378593e-11,0.0,0.0,9.639609057673372e-10,0.0
84,CO.[Pt] + C#[Pt] <=> C=[Pt] + OC[Pt],2.2240754642058983e-09,-2.841546085571402e-09,4.605648892553786e-09,-4.599827970773558e-10,-1.9093799525230823e-11,-5.0847057987221435e-09,-5.065616661480538e-09,1.7658955998060765e-09,-3.299717928682582e-09,4.777372889811631e-10,9.968112013397745e-10,0.0,0.0,-2.6702452937774914e-09,0.0
85,CO.[Pt] + C~[Pt] <=> OC[Pt] + C#[Pt],2.111591409839903e-09,-2.3684083867599784e-09,4.365996598173219e-09,-1.1400003102741422e-10,-1.1787927837791967e-11,-4.491787719114903e-09,-4.479992551925949e-09,1.1016258657117967e-09,-3.378362442243834e-09,3.931511774705725e-10,5.448836211135135e-10,0.0,0.0,-5.795539002918739e-10,0.0
86,CO.[Pt] + O[Pt] <=> OC[Pt] + O.[Pt],3.045942948680691e-09,-4.00111670526752e-09,6.002725448599648e-09,-1.0443365055900138e-09,2.609806368083626e-10,-6.786064834339659e-09,-7.047050784722338e-09,3.157679296155699e-09,-3.8893686306165636e-09,6.801314729027583e-10,1.1244167145124716e-10,0.0,0.0,-1.592375114565281e-10,0.0
87,C=[Pt] + CO.[Pt] <=> OC[Pt] + C[Pt],2.692216549529092e-09,-4.638699735051388e-09,5.000191711612259e-09,-2.330739874156769e-09,5.18380435190974e-10,-6.812548458545828e-09,-7.330920849284617e-09,5.347364025944556e-09,-1.9835486976503817e-09,7.933564775989571e-10,9.545516226141972e-11,0.0,0.0,9.830929542787501e-11,0.0
88,C=[Pt] + CO.[Pt] <=> OC[Pt] + C[Pt],2.0622860437276655e-09,-1.922206898068372e-09,4.155788940227592e-09,1.7128679899479564e-10,9.04462108410399e-11,-3.8940380661397386e-09,-3.984495385608289e-09,2.1465196640472038e-10,-3.769845087183696e-09,2.4338835182223357e-10,6.768297135150272e-11,0.0,0.0,1.1096588136619424e-10,0.0
89,C=O + [Pt] <=> C=O.[Pt],-1.0862231799752066e-06,5.531135783857237e-07,-6.335280648473742e-06,-4.6959439840771305e-06,3.8577874510321915e-06,5.497124294908093e-06,1.6393367851991906e-06,9.256758527215476e-06,1.0896095467691436e-05,-5.88377527966722e-07,3.8025098849133703e-06,0.0,0.0,-8.783358023520874e-05,0.0
90,O=C[Pt] + [Pt] <=> C=O.[Pt] + [Pt],-9.860765063909282e-08,5.5565785256202106e-08,-6.087069277968857e-07,-4.5453348089326396e-07,3.818474158946284e-07,5.360208714311134e-07,1.541734421323812e-07,8.909326330478619e-07,1.0451060799115365e-06,-6.01350017294183e-08,3.536228934674751e-07,0.0,0.0,-8.434791261125365e-06,0.0
91,C=O.[Pt] + C[Pt] <=> C.[Pt] + O=C[Pt],1.4306724230187926e-09,-7.658352430852788e-10,3.1723406348288822e-09,9.758345305455923e-10,-2.097674375783225e-10,-2.4062585812024565e-09,-2.1964993855759775e-09,-1.2761195072776975e-09,-3.472611316670058e-09,1.109862711580907e-10,6.901708877680996e-11,0.0,0.0,1.972072692714858e-11,0.0
92,C=O.[Pt] + [Pt] <=> C=[Pt] + O=[Pt],1.5658661527903994e-09,-8.958182971976019e-10,2.777874361619027e-09,3.161764415596828e-10,4.2428128850621466e-10,-2.037408467754268e-09,-2.4616813837664086e-09,-8.514210215096699e-10,-3.313087862287546e-09,-1.3147279504455084e-10,-6.243481646575183e-10,0.0,0.0,1.0861116770325113e-10,0.0
93,C=O.[Pt] + C#[Pt] <=> C=[Pt] + O=C[Pt],2.6348668842268563e-09,-5.170500574204076e-09,5.2897901722158724e-09,-2.5155836919336114e-09,1.342213597840329e-10,-7.671143053843966e-09,-7.805373145607866e-09,5.900516349893147e-09,-1.904849239156506e-09,9.694138622562062e-10,1.2338331337739375e-09,0.0,0.0,5.274558604992575e-10,0.0
94,C=O.[Pt] + C=[Pt] <=> C[Pt] + O=C[Pt],2.285063627910995e-09,-2.3222165726187666e-09,4.683291898335001e-09,7.600533091556641e-11,2.6207411431421284e-11,-4.581066792217853e-09,-4.607273811095039e-09,7.421369899632694e-10,-3.865137915329759e-09,3.793597340707184e-10,4.973815246180669e-11,0.0,0.0,1.1390927344487314e-10,0.0
95,C=O.[Pt] + C~[Pt] <=> O=C[Pt] + C#[Pt],2.547765687766533e-09,-2.7061541539249793e-09,5.200065679994498e-09,-5.386166921516035e-11,4.961503979841288e-11,-5.204309746907625e-09,-5.253925270923273e-09,1.1854186012136872e-09,-4.068507425945536e-09,4.5011216192601883e-10,4.324419496622664e-10,0.0,0.0,1.8749407541184544e-10,0.0
96,C=O.[Pt] + [Pt] <=> O=C[Pt] + [H][H].[Pt],3.1138863372239096e-09,-4.157726890783425e-09,5.710613732633087e-09,-1.561000704343661e-09,6.680666911291743e-10,-6.60354539816751e-09,-7.2716125793003704e-09,3.8079126836938245e-09,-3.4636919226075685e-09,5.792617429215896e-10,-1.6591911078116852e-11,0.0,0.0,1.6962768549426458e-09,0.0
97,C=O.[Pt] + O=[Pt] <=> O=C[Pt] + O[Pt],3.0788008169106083e-09,-4.99621108611957e-09,9.655659193974728e-09,1.580643247420352e-09,-3.115846128565719e-09,-1.1190839218173217e-08,-8.075005343579724e-09,-1.5407860418710134e-09,-9.61578445353268e-09,1.4486929205607832e-09,2.942950297910149e-10,0.0,0.0,-7.283776905740361e-08,0.0
98,C=O.[Pt] + O[Pt] <=> O=C[Pt] + O.[Pt],2.981885575438487e-09,-2.6513544975366426e-09,6.1217032126344186e-09,4.884668741423386e-10,2.4525138345497864e-11,-5.6087064358484e-09,-5.633232018648607e-09,3.6667571985773894e-13,-5.632862917636453e-09,3.7156640694277636e-10,7.608227401505677e-11,0.0,0.0,-8.683006632102732e-11,0.0
99,C=O.[Pt] + O=C=[Pt] <=> 2 O=C[Pt],2.693775905987461e-09,-4.22170618504392e-09,5.189527868168128e-09,-1.7259630186657506e-09,3.430635471650975e-10,-6.572410259228246e-09,-6.9154856883804735e-09,4.230645787603415e-09,-2.684829187697039e-09,7.141348785287385e-10,1.1608700638800216e-10,0.0,0.0,8.800742315249888e-11,0.0
100,C=O.[Pt] + OC[Pt] <=> CO.[Pt] + O=C[Pt],2.1643620125262934e-09,-3.785967010896843e-09,4.170600561935116e-09,-1.779745034421557e-09,2.7471519493129454e-10,-5.675613223573788e-09,-5.950333014289015e-09,4.261622552416997e-09,-1.6886958742170794e-09,6.759285674868763e-10,1.9115459954437455e-10,0.0,0.0,8.447535265808421e-11,0.0
101,C=O.[Pt] + [Pt] <=> OC[Pt] + [Pt],3.3774918337577092e-09,-9.959288933858826e-10,3.849490726983885e-09,-5.239445249386007e-10,2.932922962944203e-09,-1.4404990884083077e-09,-4.373423437533967e-09,-3.9501241948834504e-10,-4.768432607654156e-09,-1.0587942427587827e-09,3.2817409623931007e-10,0.0,0.0,-4.090049330769829e-08,0.0
102,C=O.[Pt] + [H][H].[Pt] <=> OC[Pt] + [Pt],1.7735823337210704e-09,-2.564147937751143e-09,3.5155084318234454e-09,-8.222307995273798e-10,1.328995737879502e-10,-4.20481926985542e-09,-4.337724794427507e-09,2.292163259974698e-09,-2.045563211604364e-09,4.436705229720288e-10,1.4990970167748158e-10,0.0,0.0,-0.0,0.0
103,C=O.[Pt] + O=C[Pt] <=> OC[Pt] + O=C=[Pt],3.199490056450402e-09,-4.617017863107554e-09,6.2505171182165635e-09,-1.5660029415910906e-09,3.2577218308907037e-10,-7.490739306631062e-09,-7.816505576836793e-09,4.171654997792702e-09,-3.644845365466056e-09,7.84971786894911e-10,1.1041230973387839e-10,0.0,0.0,1.1067154215832635e-10,0.0
104,C=O.[Pt] + O[Pt] <=> OC[Pt] + O=[Pt],2.8447240863265574e-09,-4.7658083571027315e-09,5.438748393625907e-09,-2.17179936136184e-09,4.014504394829682e-10,-7.20908258709905e-09,-7.610534803775562e-09,5.140969596751032e-09,-2.4695549416795825e-09,8.253534710917272e-10,1.015996185723418e-10,0.0,0.0,-2.295845821369536e-11,0.0
105,C=O.[Pt] + C[Pt] <=> C=[Pt] + OC[Pt],2.9150560129369605e-09,-4.8405590446239904e-09,7.4235057024341225e-09,-3.321071334304785e-10,-1.331374952672451e-09,-9.08698911416687e-09,-7.755616862070358e-09,1.714986342861028e-09,-6.040627577610305e-09,1.100569855384987e-09,3.560778198531306e-10,0.0,0.0,5.9179841133917815e-09,0.0
106,C=O.[Pt] + C.[Pt] <=> OC[Pt] + C[Pt],1.664971918811182e-09,-2.3679756765572504e-09,3.2581740464121907e-09,-7.747732684442793e-10,1.6435808049471818e-10,-3.868589779083839e-09,-4.032948495378028e-09,2.032703520603362e-09,-2.0002336421902745e-09,3.8096486377728644e-10,-4.152675366097196e-12,0.0,0.0,-3.7381079399221934e-11,0.0
107,C=O.[Pt] + C=[Pt] <=> OC[Pt] + C#[Pt],2.9338672971966492e-09,-2.916173141606167e-09,5.972630172451457e-09,1.2257074325390233e-10,7.170088216932178e-11,-5.778336674744006e-09,-5.850044088373625e-09,7.903475136101649e-10,-5.059695695489413e-09,4.4062922458063677e-10,1.417734644217346e-10,0.0,0.0,-3.679240098348615e-11,0.0
108,C=O.[Pt] + C#[Pt] <=> OC[Pt] + C~[Pt],3.6297610563560645e-09,9.18483039459061e-09,-2.2565588596082145e-08,-1.7010537888565743e-08,2.8302790706065858e-08,3.385786557606567e-08,5.555069319683862e-09,2.4799877640117467e-08,3.0354950736889256e-08,-8.60227025979689e-09,4.071482107016174e-09,0.0,0.0,-5.554169078898755e-07,0.0
109,C=O.[Pt] + O.[Pt] <=> OC[Pt] + O[Pt],3.365759532785219e-09,-2.864356094829491e-09,7.150683540319221e-09,9.205550297539311e-10,-1.99193149609661e-10,-6.429308659197517e-09,-6.2301133313886115e-09,-3.844814928140308e-10,-6.614582343791609e-09,4.71168929260865e-10,1.0909698269484308e-10,0.0,0.0,1.371620708664364e-10,0.0
110,2 C=O.[Pt] <=> OC[Pt] + O=C[Pt],4.3861974488039e-09,-5.482948248445301e-09,8.739992237526987e-09,-1.1291674398020012e-09,2.854096452632363e-10,-9.583725873002696e-09,-9.86914289658142e-09,3.6061823696568913e-09,-6.262953089981064e-09,8.872988056886216e-10,6.790845598676591e-11,0.0,0.0,1.995619829344289e-10,0.0
111,C=O.[Pt] + CO.[Pt] <=> 2 OC[Pt],2.2676013107462445e-09,-1.0566783150617287e-09,4.879874395226679e-09,1.5556001997994612e-09,-1.928485768284641e-10,-3.5171153238966946e-09,-3.3242715096242404e-09,-2.1860619736766624e-09,-5.510335717886854e-09,1.0258046032632665e-10,8.545867676475135e-11,0.0,0.0,2.469505954011591e-10,0.0
112,OC=[Pt] + [Pt] <=> O=C[Pt] + [Pt],1.4188287394421332e-08,3.8228756457959585e-08,-1.1679633492558076e-08,1.2360814990852854e-08,3.855291666730624e-08,6.259337809384359e-08,2.4040464443541816e-08,-6.03479593191081e-08,-3.630748327252713e-08,-2.4505557470429247e-08,-4.423294509185576e-09,0.0,0.0,3.908824680485569e-09,0.0
113,OC=[Pt] + [Pt] <=> C#[Pt] + O[Pt],3.763674170824158e-06,8.786187435215532e-06,3.932704280352405e-06,8.95521755612503e-06,3.6044671768991804e-06,8.62698044557561e-06,5.022513080027495e-06,-2.5613455175274808e-05,-2.0590943371581642e-05,-4.827899458396766e-06,-3.916743764616848e-06,0.0,0.0,1.3401562594181776e-05,0.0
114,C#[Pt] + O.[Pt] <=> OC=[Pt] + [Pt],0.0015861746552079817,0.005972868130940344,-0.002262866788587877,0.002123657844159376,0.005211530631534536,0.00959838313799307,0.004386623896218246,-0.009269205649221816,-0.004882988358190597,-0.003495807843510687,-0.00047690365303169126,0.0,0.0,-1.5320402863796894e-06,0.0
115,CO.[Pt] + C#[Pt] <=> OC=[Pt] + C[Pt],-1.0593228207186431e-09,-7.937002347473797e-09,2.997344067247395e-09,-3.8803501338128106e-09,-4.880226157318531e-09,-1.175790387879619e-08,-6.877679785564429e-09,1.0651284312600368e-08,3.773617972557152e-09,2.6406073283261206e-09,2.2567780043407163e-08,0.0,0.0,-8.101568960880504e-08,0.0
116,OC[Pt] + [Pt] <=> OC=[Pt] + [Pt],3.726639170293463e-09,1.7091743929039e-09,4.200874445063415e-09,2.18341283573565e-09,3.279963884333877e-09,1.2624961229931314e-09,-2.017465491565562e-09,-6.659711094344198e-09,-8.677178484509147e-09,-1.9987244067206606e-09,-1.61860387346431e-10,0.0,0.0,-6.568179423571948e-09,0.0
117,OC=[Pt] + [H][H].[Pt] <=> OC[Pt] + [Pt],2.8144403938374397e-09,-4.187305723927045e-09,5.418565804873708e-09,-1.5831762274278085e-09,3.616406485282233e-10,-6.640097301037895e-09,-7.001744700966256e-09,4.082831471414363e-09,-2.9189129156491503e-09,7.235122152355305e-10,1.1535418132339678e-10,0.0,0.0,1.5099601363622717e-10,0.0
118,OC=[Pt] + O=C[Pt] <=> OC[Pt] + O=C=[Pt],1.959776920357268e-09,-3.1407188289503655e-09,3.5437410923219387e-09,-1.5567631403060292e-09,4.678641776679593e-10,-4.632638586210264e-09,-5.100497355094461e-09,3.2390079708201457e-09,-1.861479372339309e-09,4.079141467454546e-10,8.686795573514632e-11,0.0,0.0,1.8778841461971333e-10,0.0
119,OC[Pt] + O=[Pt] <=> OC=[Pt] + O[Pt],2.767783458535448e-09,-4.511374757898679e-09,5.137999754406983e-09,-2.141148710202429e-09,5.352992959408324e-10,-6.743856089358382e-09,-7.27915435089257e-09,4.902953053476977e-09,-2.37620350115287e-09,7.277573609068487e-10,4.545394439180596e-11,0.0,0.0,-9.717608947758364e-09,0.0
120,OC=[Pt] + C[Pt] <=> C=[Pt] + OC[Pt],6.197786002236486e-09,9.363802425226066e-09,8.816844269539154e-09,1.1982843395526354e-08,3.730933233724634e-09,6.896950943622147e-09,3.166019078144537e-09,-3.3871112274764454e-08,-3.0705078162541435e-08,-5.99989036264035e-09,-4.706465630303606e-09,0.0,0.0,2.1935629466354446e-08,0.0
121,OC=[Pt] + C.[Pt] <=> OC[Pt] + C[Pt],2.572170853924498e-09,-3.134583616433115e-09,4.786858431514743e-09,-9.198859406953576e-10,4.861769218318685e-10,-5.220575043587221e-09,-5.706750428121832e-09,2.2156747048123733e-09,-3.4910728140314326e-09,3.7469218584504036e-10,3.6923109024348376e-11,0.0,0.0,5.415841424769162e-11,0.0
122,OC=[Pt] + C=[Pt] <=> OC[Pt] + C#[Pt],1.917661920136399e-09,-2.7123511821854765e-09,3.195636088091534e-09,-1.4343835653545764e-09,7.139446814295716e-10,-3.916065239133878e-09,-4.630010034277405e-09,2.9568583379040125e-09,-1.6731464582847313e-09,2.832209126983818e-10,-5.3965989372991616e-11,0.0,0.0,-1.0861116770325113e-10,0.0
123,OC=[Pt] + C=[Pt] <=> OC[Pt] + C#[Pt],1.750835530780736e-09,-1.9600535868712585e-09,2.6196540925262513e-09,-1.0912364624576365e-09,9.32508004000008e-10,-2.7783647549638118e-09,-3.710884348579518e-09,2.027878068130034e-09,-1.682999916201814e-09,2.684368232957817e-11,-8.372996122773351e-11,0.0,0.0,-5.542407284152355e-10,0.0
124,OC[Pt] + C~[Pt] <=> OC=[Pt] + C#[Pt],2.3552804591637564e-08,7.472511125749027e-08,-3.917487680075128e-08,1.1997419978588132e-08,8.26350924647166e-08,1.338073934376457e-07,5.117230660814654e-08,-8.732047860155543e-08,-3.6148161282897565e-08,-4.572359810053003e-08,-1.97221827367719e-08,0.0,0.0,-1.1973041995887638e-07,0.0
125,OC=[Pt] + O.[Pt] <=> OC[Pt] + O[Pt],2.0559248594451126e-09,-3.4159997875644195e-09,4.3261799992505814e-09,-1.1457672207313702e-09,-8.23833162649355e-11,-5.5543137232436614e-09,-5.471929606010293e-09,3.204863127786993e-09,-2.2670645499857762e-09,6.899100920361924e-10,6.66495001065464e-11,0.0,0.0,-8.08255464805224e-09,0.0
126,OC=[Pt] + C=O.[Pt] <=> OC[Pt] + O=C[Pt],3.0412153759259536e-09,-3.6019879050583927e-09,6.126168387137118e-09,-5.170465353585462e-10,1.355431457801156e-10,-6.507649170234577e-09,-6.6432055522209134e-09,2.1367514228701937e-09,-4.506455168907031e-09,5.942359134736518e-10,2.063184412658245e-11,0.0,0.0,-1.4128281977658684e-10,0.0
127,OC=[Pt] + CO.[Pt] <=> 2 OC[Pt],1.6730162180011805e-09,-1.5528269242967937e-09,3.3865286769026294e-09,1.606928889007165e-10,5.907181778856811e-11,-3.166766235177235e-09,-3.2258402995054587e-09,1.1880293323390742e-10,-3.1070260499732355e-09,1.9409397372842123e-10,7.651445289931124e-11,0.0,0.0,1.668903308610932e-10,0.0
128,C=O.[Pt] + OC[Pt] <=> OC=[Pt] + OC[Pt],3.4531701253682344e-09,-3.733299997650523e-09,6.9752404552874635e-09,-2.1122504351488053e-10,1.3578347050667606e-10,-7.050676003107815e-09,-7.186462650772263e-09,1.7543233140873662e-09,-5.432130763786587e-09,6.23804092278852e-10,6.315448825996687e-11,0.0,0.0,9.448288572559245e-11,0.0
129,OC=[Pt] + C=[Pt] <=> OC[Pt] + C#[Pt],2.878844290737059e-09,-4.654184578734724e-09,5.030006319648851e-09,-2.5030303067394246e-09,8.526841460729417e-10,-6.6803254010360474e-09,-7.533023691694701e-09,5.475641859779587e-09,-2.0573763721183388e-09,6.707963764514022e-10,3.763714370268183e-11,0.0,0.0,-3.7969757814957715e-11,0.0
130,OC=[Pt] + C=[Pt] <=> OC[Pt] + C#[Pt],2.8103811167077173e-09,-2.3510381629076125e-09,4.767517847097339e-09,-3.9391821788916593e-10,9.66970569788782e-10,-4.194435888580253e-09,-5.161413796962339e-09,9.507168064471456e-10,-4.210686596596677e-09,2.988498072097019e-11,-8.654851916852346e-11,0.0,0.0,-6.242934598877931e-10,0.0
131,OC#[Pt] + [Pt] <=> O=C=[Pt] + [Pt],6.837211850291649e-06,2.2466516326735248e-05,-1.0503834591296727e-05,5.125467154921299e-06,2.3170490478483895e-05,3.8799797496477357e-05,1.562930340248747e-05,-2.741895465689722e-05,-1.1789655529673036e-05,-1.2850711072321352e-05,-1.400632867281972e-05,0.0,0.0,0.0005361060533134495,0.0
132,OC#[Pt] + [Pt] <=> C~[Pt] + O[Pt],0.010779144318500921,0.026341983284023887,0.008023843404268618,0.02358625361295781,0.013374322048314742,0.02893756485364664,0.015561161605454763,-0.06978284741241213,-0.05423254482860717,-0.014563892428153957,-0.012839682093777793,0.0,0.0,0.10581933407186873,0.0
133,C~[Pt] + O.[Pt] <=> OC#[Pt] + [Pt],0.0007990852982141891,0.002927406011597575,-0.0014393029501332086,0.0006889701235518105,0.002907390530051193,0.005035756114586387,0.0021283037064254474,-0.0037123968456989048,-0.0015841721503393742,-0.0017011075763046374,-0.000452844060327813,0.0,0.0,-2.8529593004535623e-07,0.0
134,CO.[Pt] + C~[Pt] <=> C[Pt] + OC#[Pt],-1.378328291947921e-07,-1.4246317360185276e-07,-2.1056602009357213e-07,-2.151963578992756e-07,-6.932648588714048e-08,-7.39568185183871e-08,-4.630342759494708e-09,4.970691259260615e-07,4.924387938112122e-07,5.530789093883077e-08,8.485414682049484e-07,0.0,0.0,-1.093754488904009e-06,0.0
135,OC[Pt] + C~[Pt] <=> C=[Pt] + OC#[Pt],1.7019261917055446e-09,-3.2904674669658703e-09,3.117788960047338e-09,-1.8746123045121457e-09,3.6835772463558895e-10,-4.624040786397156e-09,-4.992389386572453e-09,4.196882287318914e-09,-7.954927345177991e-10,5.753967595491956e-10,7.86001857754958e-11,0.0,0.0,2.1722233540650226e-10,0.0
136,OC=[Pt] + [Pt] <=> OC#[Pt] + [Pt],2.784787869438614e-09,-4.6083482051171824e-09,4.984168113968288e-09,-2.4089755019342468e-09,7.132237072498901e-10,-6.679920269107681e-09,-7.393140464920263e-09,5.411077599027037e-09,-1.9820468694920157e-09,7.254763871133046e-10,-7.253089100966143e-12,0.0,0.0,2.2075440590091693e-10,0.0
137,OC#[Pt] + [H][H].[Pt] <=> OC=[Pt] + [Pt],3.3011993289644156e-07,1.2819979818731852e-06,-4.761028672780774e-07,4.757751786813293e-07,1.089489425159079e-06,2.041367491982695e-06,9.518780470051295e-07,-2.0512307353719882e-06,-1.0993526990709899e-06,-7.562726168647956e-07,-6.527286003710577e-08,0.0,0.0,1.721233876377764e-07,0.0
138,OC#[Pt] + O=C[Pt] <=> OC=[Pt] + O=C=[Pt],3.698096041383852e-06,1.4101818965052765e-05,-2.7505375682174724e-06,7.653184681347988e-06,9.771969961271126e-06,2.01756935228569e-05,1.040372253532906e-05,-2.800813801844894e-05,-1.7604418390337573e-05,-8.314961314057285e-06,-6.91324805389059e-08,0.0,0.0,-5.124945985633327e-08,0.0
139,OC#[Pt] + O[Pt] <=> OC=[Pt] + O=[Pt],2.5918583480036515e-08,2.2737020319250543e-08,8.518977581520685e-08,8.20082067807847e-08,-2.990807576583563e-08,-3.308963040567946e-08,-3.181560118502728e-09,-1.8904326079471193e-07,-1.9222481015209492e-07,-1.0569377835323706e-08,-3.309949090264527e-08,0.0,0.0,2.1913259686556486e-08,0.0
140,OC=[Pt] + C=[Pt] <=> C[Pt] + OC#[Pt],2.6770190119824486e-09,-2.9560906578078232e-09,4.81298608117625e-09,-8.201279482004348e-10,6.651827944104484e-10,-4.967907764262754e-09,-5.633107246692118e-09,2.368607814050639e-09,-3.2644982268711503e-09,3.5842968750218027e-10,1.3322383866800507e-11,0.0,0.0,-4.682936797178118e-10,0.0
141,C.[Pt] + OC#[Pt] <=> OC=[Pt] + C[Pt],1.870490966492011e-06,7.199054828790197e-06,-2.646766721410129e-06,2.6817968841813964e-06,6.125230085538228e-06,1.1453794162603552e-05,5.328563758249896e-06,-1.1501559281814107e-05,-6.172996129076832e-06,-4.230405321699931e-06,-3.3015507271202866e-07,0.0,0.0,2.3025861892297107e-08,0.0
142,OC=[Pt] + C#[Pt] <=> C=[Pt] + OC#[Pt],4.161164416389523e-06,1.5949864202363343e-05,-7.206439676786406e-06,4.582258759451775e-06,1.4868144840313716e-05,2.665684589459519e-05,1.1788699293211902e-05,-2.2329086543170616e-05,-1.0540389867644557e-05,-9.340359291501597e-06,-1.1618882773313252e-06,0.0,0.0,-5.347057295282515e-07,0.0
143,OC=[Pt] + C~[Pt] <=> OC#[Pt] + C#[Pt],2.6274166255924265e-09,-3.7241667215858006e-09,5.124846626086176e-09,-1.2267429275106248e-09,2.7511173073011934e-10,-6.076468759362917e-09,-6.351585762805621e-09,3.2511816047194228e-09,-3.1003960281033767e-09,6.055774220582179e-10,7.45038815682144e-11,0.0,0.0,1.7925257759154455e-10,0.0
144,OC=[Pt] + C~[Pt] <=> OC#[Pt] + C#[Pt],7.672776325869717e-10,-1.4919229632628304e-09,1.410408291346777e-09,-8.488191242597379e-10,1.6153426495763244e-10,-2.0976680908772005e-09,-2.259204225486858e-09,1.94383599313864e-09,-3.153655982792739e-10,2.6313567123856367e-10,1.669901627986687e-10,0.0,0.0,2.3547136629431137e-10,0.0
145,OC#[Pt] + O.[Pt] <=> OC=[Pt] + O[Pt],5.400496945748366e-09,-1.828676587748719e-08,4.9876917745329894e-08,2.6189643237599535e-08,-3.6491182854380135e-08,-6.017844668839685e-08,-2.368726276182404e-08,-4.4026137668109354e-08,-6.771340236565423e-08,9.834312910226428e-09,2.7612848434331005e-09,0.0,0.0,-5.414496294589206e-07,0.0
146,C=O.[Pt] + OC#[Pt] <=> OC=[Pt] + O=C[Pt],2.3766077526931787e-09,-2.979735179599745e-09,4.652431163700634e-09,-7.0391355100298e-10,2.3305490358203383e-10,-5.123268356348123e-09,-5.356335320098969e-09,1.975663445622292e-09,-3.3806701294140063e-09,4.242400054714687e-10,1.2037121445800288e-10,0.0,0.0,-5.47470926634274e-11,0.0
147,CO.[Pt] + OC#[Pt] <=> OC=[Pt] + OC[Pt],2.6534306515883913e-09,-3.771563942720326e-09,5.073548149870883e-09,-1.3514483834752138e-09,3.739452745281203e-10,-6.051035477193252e-09,-6.424993263873079e-09,3.478051206109803e-09,-2.946934831286951e-09,6.129694667595179e-10,5.411631246316708e-11,0.0,0.0,2.2369779797959583e-11,0.0
148,OC=[Pt] + C=O.[Pt] <=> OC[Pt] + OC#[Pt],1.96951671029962e-09,-3.132203710318111e-09,3.788215775165421e-09,-1.3135014754389785e-09,2.5651059689433753e-10,-4.845197804626464e-09,-5.101717347557906e-09,3.250858930085948e-09,-1.8508566853655021e-09,5.365568446757934e-10,1.1135182904747505e-10,0.0,0.0,1.7984125600728032e-10,0.0
149,2 OC=[Pt] <=> OC[Pt] + OC#[Pt],2.698057948325522e-09,-3.5556879133664987e-09,5.330321199058942e-09,-9.234225542906743e-10,2.187675985880128e-10,-6.034965244034721e-09,-6.253736821817119e-09,2.6687832253549785e-09,-3.584955388906835e-09,5.712360943887496e-10,8.094898405948743e-11,0.0,0.0,1.8249030887809133e-10,0.0
150,OC=[Pt] + C~[Pt] <=> OC#[Pt] + C#[Pt],3.2560724193683615e-09,-4.138533102505277e-09,6.435821860078566e-09,-9.587886902438408e-10,2.611128154079709e-10,-7.1335029751293755e-09,-7.394610001296685e-09,3.029328127176696e-09,-4.365283322020648e-09,6.901635335688083e-10,9.968299917260464e-11,0.0,0.0,-1.501129960126235e-11,0.0
151,OC=[Pt] + C~[Pt] <=> OC#[Pt] + C#[Pt],1.9242458696272896e-09,-2.1786031471205124e-09,3.8685123703653826e-09,-2.3434047741940515e-10,9.296962046992502e-11,-4.009875787880037e-09,-4.102848518113084e-09,1.0582701285958176e-09,-3.044571976558268e-09,3.2277891191419603e-10,1.021633301604998e-10,0.0,0.0,1.504073352204914e-10,0.0
