,Reaction,SYNGAS Selec,SYNGAS Yield,CO Selectivity,CO % Yield,H2 Selectivity,H2 % Yield,CH4 Conversion,H2O+CO2 Selectivity,H2O+CO2 yield,Exit Temp,Peak Temp,Dist to peak temp,O2 Conversion,Max CH4 Conv,Dist to 50 CH4 Conv
0,[H][H] + 2 [Pt] <=> 2 [Pt],2.3107231999865017e-06,2.3107227914248988e-06,8.278218628261136e-06,8.278218221758498e-06,-5.245979719421113e-06,-5.245980115044409e-06,-4.1078252696185485e-13,-9.820715977943402e-06,-9.820716384102236e-06,-6.394006511682e-07,0.00024307782687165298,0.0,3.3306690930666995e-13,0.005660423403299251,0.0
1,O=C=O + [Pt] <=> O=C=O.[Pt],2.532326122706874e-06,2.532325677223796e-06,9.106142459175775e-06,9.106142007114307e-06,-5.792167424353868e-06,-5.79216786150666e-06,-4.440892183371404e-13,-1.079920994663567e-05,-1.0799210386059574e-05,-6.810498308134839e-07,-3.0874673331080916e-06,0.0,3.552713699271146e-13,9.958010251510429e-06,0.0
2,[C-]#[O+] + [Pt] <=> O=C=[Pt],1.8622467068001371e-06,1.86224634454304e-06,6.675336330168508e-06,6.675335966690605e-06,-4.23261985331917e-06,-4.232620214030348e-06,-3.552713746697123e-13,-7.9187770289031e-06,-7.91877738414872e-06,-6.337506589871567e-07,-9.930580140774567e-05,0.0,2.9976021837600294e-13,0.0006663590518287757,0.0
3,[O][O] + 2 [Pt] <=> 2 O=[Pt],2.4342847076120222e-06,2.4342842876929704e-06,8.703759656634827e-06,8.70375923371221e-06,-5.5048180893945506e-06,-5.504818505510156e-06,-4.2188475742028334e-13,-1.0326974819231898e-05,-1.0326975235065945e-05,-6.569316660207562e-07,-0.002920531155739179,0.0,3.552713699271146e-13,0.1308757138410241,0.0
4,O=C=[Pt] + O=[Pt] <=> O=C=O.[Pt] + [Pt],2.710454233916766e-06,2.710453750681358e-06,9.709221099869299e-06,9.709220622504516e-06,-6.152158670917298e-06,-6.152159146041147e-06,-4.773959097124259e-13,-1.1516841629852958e-05,-1.1516842097556543e-05,-7.327546590980217e-07,-8.12453982695505e-05,0.0,3.774758305475593e-13,0.00010546632009510049,0.0
5,C=[Pt] + [Pt] <=> C[Pt] + [Pt],3.2647952519189565e-07,3.264794216804515e-07,1.1809179666756406e-06,1.1809178664815022e-06,-7.555049571654492e-07,-7.55505049332037e-07,-9.992007412585659e-14,-1.3991187005339538e-06,-1.3991188000971798e-06,-2.3644659344726059e-07,0.0005272032820307061,0.0,7.771561217155632e-14,0.01374352689293167,0.0
6,C[Pt] + [Pt] <=> C + 2 [Pt],4.905895434939874e-07,4.905894431188826e-07,1.7698911752433353e-06,1.769891074028892e-06,-1.129403729147542e-06,-1.129403828459784e-06,-9.992007412585659e-14,-2.098494402261445e-06,-2.0984945006257022e-06,-1.609153539723805e-07,0.0004954137022516699,0.0,7.771561217155632e-14,0.00825280408525195,0.0
7,C=[Pt] + [Pt] <=> C#[Pt] + [Pt],4.778225554869122e-07,4.778224685866725e-07,1.7535174530996927e-06,1.7535173761249075e-06,-1.1376034558271273e-06,-1.1376035242048833e-06,-7.771561320899957e-14,-2.0761656295316676e-06,-2.07616569833944e-06,-1.4511313944277164e-07,0.00016894975791340784,0.0,7.771561217155632e-14,0.00023689689776592587,0.0
8,O=C=[Pt] + [Pt] <=> C~[Pt] + O=[Pt],7.99730545895828e-07,7.997303965533488e-07,2.877345922502638e-06,2.8773457687952457e-06,-1.8311758935335425e-06,-1.8311760373486853e-06,-1.4432899595957062e-13,-3.4109866299899305e-06,-3.410986768002367e-06,-2.4132660201000755e-07,-0.00016993682550703684,0.0,1.2212453341244566e-13,0.0017251805002983052,0.0
9,C#[Pt] + [Pt] <=> C~[Pt] + [Pt],2.5997335080311702e-06,2.5997330501174713e-06,9.283530619946779e-06,9.283530158999122e-06,-5.864029833139974e-06,-5.864030287211739e-06,-4.551914487955689e-13,-1.1013837310425678e-05,-1.1013837753951369e-05,-6.994407943343926e-07,1.35065229252285e-08,0.0,3.552713699271146e-13,6.194080447172343e-07,0.0
10,C~[Pt] + [H][H] <=> C=[Pt],2.5546139564504783e-06,2.5546134976744904e-06,9.115921996947014e-06,9.115921532796154e-06,-5.7540401868937275e-06,-5.754040638863459e-06,-4.551914487955689e-13,-1.0816882663043998e-05,-1.0816883117370526e-05,-6.936842780476488e-07,1.479212488688997e-05,0.0,3.552713699271146e-13,3.6340119063846985e-05,0.0
11,C + O=[Pt] + [Pt] <=> C[Pt] + O[Pt],1.0143078772205232e-06,1.014307690822302e-06,3.639069358759286e-06,3.639069158227893e-06,-2.3094555229234454e-06,-2.3094557225158746e-06,-1.8873791779328466e-13,-4.315844030283772e-06,-4.315844214718875e-06,-3.125921389728765e-07,3.1878483483160033e-06,0.0,1.5543122434311265e-13,0.0003490620747264658,0.0
12,O=C=[Pt] + O[Pt] <=> O=C=O.[Pt] + [Pt],2.878794900838264e-06,2.8787943933823335e-06,1.0322864334773683e-05,1.03228638200312e-05,-6.5477093955832875e-06,-6.5477099093577785e-06,-5.107026010877114e-13,-1.2243843743482365e-05,-1.224384425420959e-05,-7.769400052514334e-07,1.7455841686096457e-07,0.0,3.9968029116800397e-13,4.618046735377005e-06,0.0
13,O[Pt] + [Pt] <=> [Pt] + O=[Pt],1.8317705399193212e-06,1.8317702182363605e-06,6.563760706963854e-06,6.563760378182477e-06,-4.160398931999134e-06,-4.1603992602388915e-06,-3.2196468329442676e-13,-7.786123912159873e-06,-7.786124235740578e-06,-5.170466743226531e-07,-5.135195931607346e-06,0.0,2.5535129713511363e-13,-1.917678401584014e-06,0.0
14,C + O[Pt] + [Pt] <=> C[Pt] + O.[Pt],9.709786227848786e-07,9.70978517871728e-07,3.5283365396602396e-06,3.528336447499218e-06,-2.2674309112836337e-06,-2.2674310012537484e-06,-9.992007412585659e-14,-4.18171289890894e-06,-4.18171299339137e-06,7.94771078172534e-09,7.460127714673504e-07,0.0,7.771561217155632e-14,0.00016254320101179363,0.0
15,O + [Pt] <=> O.[Pt],3.249654572364631e-07,3.249652713829385e-07,1.1761427846765632e-06,1.1761425984571371e-06,-7.528894572826893e-07,-7.52889627127273e-07,-1.7763568733485615e-13,-1.3928635808845955e-06,-1.3928637531526673e-06,-4.799443270602829e-07,-5.634134622175183e-08,0.0,1.2212453341244566e-13,1.3583780525222615e-08,0.0
16,O.[Pt] + [Pt] <=> [Pt] + O[Pt],2.320521934894366e-06,2.3205215128011714e-06,8.358263399747944e-06,8.358262970222479e-06,-5.325134287449313e-06,-5.3251347001309455e-06,-4.2188475742028334e-13,-9.911397836960326e-06,-9.911398259417075e-06,-6.617053375153288e-07,-0.0004967852397765137,0.0,3.3306690930666995e-13,-0.0014897670434436733,0.0
17,O.[Pt] + O=[Pt] <=> 2 O[Pt],2.5895457337709793e-06,2.5895452756625796e-06,9.2880504305709e-06,9.28804996970962e-06,-5.892841994047494e-06,-5.892842448669894e-06,-4.551914487955689e-13,-1.1016572172025152e-05,-1.101657261560311e-05,-6.948118898850244e-07,-2.822439036351446e-06,0.0,3.552713699271146e-13,-7.26829865171256e-05,0.0
18,[H] + [Pt] <=> [Pt],2.530297378104926e-06,2.5302968914265044e-06,9.07622251444731e-06,9.076222012708877e-06,-5.758877230166538e-06,-5.758877713319904e-06,-4.884981401708544e-13,-1.0764622470040353e-05,-1.0764622952497882e-05,-8.36593417159485e-07,3.039609579092013e-06,0.0,3.9968029116800397e-13,-1.02695607405573e-07,0.0
19,C + [Pt] <=> C.[Pt],2.3611496582523795e-06,2.3611493055299163e-06,8.453241209419741e-06,8.453240867643443e-06,-5.35333064066424e-06,-5.353330976156758e-06,-3.441691442112838e-13,-1.0027556870871304e-05,-1.0027557208158727e-05,-4.0096240732797397e-07,0.006819753713187657,0.0,2.775557577555583e-13,0.6146745339481018,0.0
20,[CH3] + [Pt] <=> C[Pt],1.2793463618009416e-06,1.2793461118736364e-06,4.582188292704322e-06,4.582188048815615e-06,-2.9030775047958513e-06,-2.9030777468243017e-06,-2.442490700854272e-13,-5.43489633402704e-06,-5.4348965689783295e-06,-3.979656920847363e-07,1.6358865784075553e-06,0.0,1.9984014558400199e-13,-1.5438521215660897e-07,0.0
21,[H][H] + [Pt] <=> [H][H].[Pt],1.8827579896936035e-06,1.8827576827039314e-06,6.775690418080288e-06,6.775690105625431e-06,-4.313214378809557e-06,-4.3132146788786075e-06,-3.1086245283599827e-13,-8.035063811353996e-06,-8.035064110562486e-06,-4.1812086836686793e-07,-1.861899883713684e-05,0.0,2.5535129713511363e-13,2.6632242682799107e-05,0.0
22,[OH] + [Pt] <=> O[Pt],1.011803691903637e-06,1.0118035054575576e-06,3.60034958554611e-06,3.600349396551026e-06,-2.2660994931724114e-06,-2.266099660845062e-06,-1.7763568733485615e-13,-4.27455218039484e-06,-4.274552349475928e-06,-2.765357928406586e-07,-0.00017827149548469332,0.0,1.4432899403289032e-13,5.131691140390237e-06,0.0
23,[CH]=O + [Pt] <=> O=C[Pt],2.811407599920901e-07,2.811406418953102e-07,1.0244666616981794e-06,1.0244665462377792e-06,-6.601407475046967e-07,-6.601408689399524e-07,-1.110223045842851e-13,-1.2132307383193774e-06,-1.213230848894939e-06,-3.014398145030647e-07,4.652650213747671e-09,0.0,7.771561217155632e-14,7.647599676724138e-11,0.0
24,O=C=O + 2 [Pt] <=> O=C=[Pt] + O=[Pt],2.3255295921475648e-06,2.3255292387443594e-06,8.333556041214772e-06,8.333555697151148e-06,-5.282498189792584e-06,-5.282498539477005e-06,-3.441691442112838e-13,-9.885032597794872e-06,-9.885032932358485e-06,-5.759613628176045e-07,0.0003541440771239527,0.0,2.775557577555583e-13,0.007883418228112187,0.0
25,O + 2 [Pt] <=> [Pt] + O[Pt],1.432313416691806e-06,1.4323130599370252e-06,5.1612011951373405e-06,5.161200827275078e-06,-3.2896168361262163e-06,-3.289617194361071e-06,-3.552713746697123e-13,-6.119130127012916e-06,-6.119130476994879e-06,-6.48917220249717e-07,-0.003257255166007607,0.0,2.775557577555583e-13,-0.01940948823797253,0.0
26,CC + 2 [Pt] <=> 2 C[Pt],1.8823748220121563e-06,1.8823744327020169e-06,6.735417436438558e-06,6.735417037280008e-06,-4.2630846509871465e-06,-4.263085043371736e-06,-3.885780660449978e-13,-7.991221695122108e-06,-7.991222080881988e-06,-7.270636807604247e-07,8.594631852547094e-09,0.0,3.2196467899644765e-13,1.5383761043941496e-07,0.0
27,C=O + 2 [Pt] <=> O=C[Pt] + [Pt],2.5401227275957483e-06,2.5401222822616732e-06,9.096525434925433e-06,9.096524994956461e-06,-5.762319740208546e-06,-5.762320176790913e-06,-4.440892183371404e-13,-1.0791413265794489e-05,-1.0791413705069389e-05,-6.886035158735503e-07,6.922433121455783e-08,0.0,3.552713699271146e-13,-4.804497217400458e-07,0.0
28,C=O + 2 [Pt] <=> C=[Pt] + O=[Pt],2.257573548567482e-06,2.2575731527089825e-06,8.093686870055774e-06,8.093686484579092e-06,-5.132758812236301e-06,-5.132759190150215e-06,-3.885780660449978e-13,-9.598364408142293e-06,-9.598364795486843e-06,-6.199720907366455e-07,-1.6781262850751702e-07,0.0,3.2196467899644765e-13,2.5410982314692196e-06,0.0
29,CO + 2 [Pt] <=> C[Pt] + O[Pt],1.5476954261241487e-06,1.547695140168744e-06,5.538376981884656e-06,5.5383766948884145e-06,-3.5057470701512666e-06,-3.505747339243052e-06,-2.7755576146071275e-13,-6.570463577507029e-06,-6.57046384872525e-06,-4.3504825077684465e-07,-8.119499112831796e-08,0.0,2.2204460620444664e-13,7.137547996830727e-06,0.0
30,CC=O + 2 [Pt] <=> C[Pt] + O=C[Pt],2.416252792622777e-07,2.4162524272345436e-07,8.841067978627392e-07,8.841067656539219e-07,-5.719559137873807e-07,-5.719559402637409e-07,-3.3306691375285526e-14,-1.0463452512573983e-06,-1.0463452858191894e-06,-3.850598908076998e-08,6.046480882426834e-10,0.0,4.4408921240889326e-14,-5.419673235119893e-11,0.0
31,C=C + 2 [Pt] <=> 2 C=[Pt],1.400248235738703e-06,1.400247988121978e-06,5.038056593093328e-06,5.038056345640522e-06,-3.2063471778469843e-06,-3.2063474256712818e-06,-2.442490700854272e-13,-5.974441032509774e-06,-5.974441277772411e-06,-3.811423648851154e-07,-9.046232643050165e-10,0.0,1.9984014558400199e-13,1.2228248729451475e-09,0.0
32,C.[Pt] + [Pt] <=> C[Pt] + [Pt],2.875892470815874e-06,2.875891963304474e-06,1.024785507628188e-05,1.0247854560105881e-05,-6.459302166570229e-06,-6.459302663109556e-06,-5.107026010877114e-13,-1.2163018971127055e-05,-1.216301948030962e-05,-8.031237376674428e-07,1.5865403281587877e-05,0.0,4.2188475178844863e-13,0.00011578192263073496,0.0
33,O=C[Pt] + [Pt] <=> O=C=[Pt] + [Pt],2.5147571231159483e-06,2.514756677297106e-06,9.024325249281855e-06,9.024324807933051e-06,-5.728378201096268e-06,-5.728378637029972e-06,-4.440892183371404e-13,-1.0702967304806121e-05,-1.0702967742390714e-05,-6.859202381165576e-07,-7.20265184464916e-08,0.0,3.552713699271146e-13,6.82458766624497e-07,0.0
34,C[Pt] + [H][H].[Pt] <=> C.[Pt] + [Pt],1.9124895793190357e-06,1.912489204303283e-06,6.870205362531368e-06,6.870204978225067e-06,-4.365518655685444e-06,-4.365519034482074e-06,-3.774758355865693e-13,-8.147025684536639e-06,-8.147026058709242e-06,-6.807735888565968e-07,3.2857944403567026e-09,0.0,2.9976021837600294e-13,9.163445309923757e-09,0.0
35,C#[Pt] + [H][H].[Pt] <=> C=[Pt] + [Pt],2.5359578197400183e-06,2.535957374326347e-06,9.12510509119108e-06,9.12510463949201e-06,-5.807949437732869e-06,-5.807949875187275e-06,-4.440892183371404e-13,-1.0818770606150806e-05,-1.0818771045948538e-05,-6.80772092556388e-07,1.1084585166018566e-05,0.0,3.552713699271146e-13,1.9219710749997695e-05,0.0
36,C=[Pt] + [H][H].[Pt] <=> C[Pt] + [Pt],-8.58368042007574e-08,-8.583680584120173e-08,-2.7789503938236457e-07,-2.7789504469327226e-07,1.5736858086429386e-07,1.573685838717963e-07,0.0,3.3255569531626946e-07,3.325557016718079e-07,-2.2238362840372406e-08,2.4125903769567932e-08,0.0,0.0,4.4567295238300785e-08,0.0
37,C~[Pt] + [H][H].[Pt] <=> C#[Pt] + [Pt],2.542468364080036e-06,2.5424679187907888e-06,9.032658934776542e-06,9.032658493587006e-06,-5.6761289556300645e-06,-5.676129390565222e-06,-4.440892183371404e-13,-1.0723456970463105e-05,-1.072345740843928e-05,-6.657846883054984e-07,-9.31740534376237e-06,0.0,3.552713699271146e-13,3.5257123536251325e-06,0.0
38,[H][H].[Pt] + O=[Pt] <=> [Pt] + O[Pt],1.900548068668221e-06,1.9005477208619665e-06,6.807904457587176e-06,6.807904108919098e-06,-4.313689514404347e-06,-4.313689861119268e-06,-3.441691442112838e-13,-8.076134682922597e-06,-8.076135026610632e-06,-5.330852419394153e-07,-0.0003529455025040722,0.0,2.775557577555583e-13,1.9235319554214394e-07,0.0
39,[H][H].[Pt] + O[Pt] <=> O.[Pt] + [Pt],3.520838515057402e-07,3.5208377592134034e-07,1.2894204908729902e-06,1.2894204295813346e-06,-8.348755157038589e-07,-8.348755627505245e-07,-6.661338275057105e-14,-1.526282926699537e-06,-1.5262829849983908e-06,-1.1550200670674906e-07,-1.4952980724517558e-06,0.0,6.6613381861334e-14,-1.643602991414064e-06,0.0
40,O=C=[Pt] + [H][H].[Pt] <=> O=C[Pt] + [Pt],1.7328923431298809e-06,1.7328920332760965e-06,6.186653716543106e-06,6.186653405107341e-06,-3.906953049442004e-06,-3.906953357292509e-06,-3.1086245283599827e-13,-7.343468871056658e-06,-7.343469171612816e-06,-4.676873838996379e-07,3.5812412460505366e-08,0.0,2.442490668248913e-13,6.335424863224095e-06,0.0
41,C.[Pt] + O=C=[Pt] <=> C[Pt] + O=C[Pt],1.9918693564416923e-06,1.9918689966618395e-06,7.136636753638604e-06,7.136636386700416e-06,-4.523004294887284e-06,-4.523004645602461e-06,-3.552713746697123e-13,-8.465640228736187e-06,-8.46564057986814e-06,-5.583267541139235e-07,3.3575214534007437e-09,0.0,2.775557577555583e-13,-7.636201734204047e-09,0.0
42,O=C[Pt] + C#[Pt] <=> C=[Pt] + O=C=[Pt],-4.244817592305991e-07,-4.2448172618638247e-07,-1.5134496392996914e-06,-1.5134496068420813e-06,9.544898290461821e-07,9.544898628332246e-07,3.3306691375285526e-14,1.7959392666921925e-06,1.795939301014747e-06,-4.724818539671133e-08,3.1943286774913924e-06,0.0,-2.2204460620444663e-14,2.9755017200380415e-05,0.0
43,C=[Pt] + O=C[Pt] <=> C[Pt] + O=C=[Pt],1.9302119282956833e-06,1.9302115810563405e-06,6.926067648244173e-06,6.926067301834336e-06,-4.396093298534442e-06,-4.3960936312786014e-06,-3.441691442112838e-13,-8.214150471015677e-06,-8.21415081734136e-06,-5.247066839817253e-07,1.9920379134547745e-09,0.0,2.775557577555583e-13,7.428772095853988e-08,0.0
44,O=C[Pt] + C~[Pt] <=> C#[Pt] + O=C=[Pt],1.707676370225503e-06,1.7076760598898111e-06,6.086572456890004e-06,6.0865721435415655e-06,-3.837366329356662e-06,-3.8373666358772814e-06,-3.1086245283599827e-13,-7.223828627532179e-06,-7.2238289403667455e-06,-4.811908573567554e-07,4.3843476690915486e-10,0.0,2.442490668248913e-13,-2.5448409057251973e-10,0.0
45,O=C[Pt] + O=[Pt] <=> O=C=[Pt] + O[Pt],1.3115841259775533e-06,1.3115839041040655e-06,4.7213714864638966e-06,4.721371257511437e-06,-3.0062658750834953e-06,-3.0062660879928067e-06,-2.220446091685702e-13,-5.5982273792718115e-06,-5.598227602779676e-06,-3.48366594614919e-07,-1.1346552319021005e-06,0.0,1.776356849635573e-13,-6.989074474476153e-06,0.0
46,O=C[Pt] + O[Pt] <=> O=C=[Pt] + O.[Pt],2.5302023338622815e-06,2.5302018883386154e-06,9.0872626307334e-06,9.087262190587405e-06,-5.773072831023856e-06,-5.773073267811728e-06,-4.440892183371404e-13,-1.0776899525651451e-05,-1.0776899964648978e-05,-6.838644712596437e-07,-1.008490209874376e-08,0.0,3.552713699271146e-13,-3.747215674151648e-08,0.0
47,C.[Pt] + O=[Pt] <=> C[Pt] + O[Pt],1.342574530501454e-06,1.3425742817825151e-06,4.8593405429119395e-06,4.859340292043655e-06,-3.1107436592820893e-06,-3.1107439052792893e-06,-2.442490700854272e-13,-5.758197142103822e-06,-5.758197383233779e-06,-3.873285437768252e-07,-0.00047430242176705445,0.0,1.9984014558400199e-13,-0.001757848303087778,0.0
48,C=[Pt] + C.[Pt] <=> 2 C[Pt],1.1788825394969412e-06,1.1788823150873667e-06,4.243008947914352e-06,4.24300870981981e-06,-2.7012533230873842e-06,-2.701253545713136e-06,-2.220446091685702e-13,-5.0316632892837134e-06,-5.031663501963859e-06,-4.080049811750402e-07,4.007218358522518e-09,0.0,1.776356849635573e-13,1.3711837862431346e-08,0.0
49,C.[Pt] + C#[Pt] <=> C=[Pt] + C[Pt],2.869679515926123e-06,2.8696790082959867e-06,1.0313067205079537e-05,1.0313066690149821e-05,-6.55596144873886e-06,-6.555961947125461e-06,-5.107026010877114e-13,-1.2229985976288917e-05,-1.2229986486751303e-05,-7.801883358439545e-07,4.197191963768534e-07,0.0,4.2188475178844863e-13,3.2519956557566752e-06,0.0
50,C.[Pt] + C~[Pt] <=> C[Pt] + C#[Pt],2.1998704712569792e-06,2.1998700742957047e-06,7.817846034477982e-06,7.817845631453362e-06,-4.914231742681204e-06,-4.914232131964399e-06,-3.885780660449978e-13,-9.28140737612377e-06,-9.281407757410891e-06,-6.269862847564175e-07,8.660659769932171e-09,0.0,3.2196467899644765e-13,6.314266423396519e-09,0.0
51,C.[Pt] + O[Pt] <=> C[Pt] + O.[Pt],2.1917447098274326e-06,2.1917443127108656e-06,7.829906384082364e-06,7.829905981288232e-06,-4.9479193755747374e-06,-4.9479197655017435e-06,-3.885780660449978e-13,-9.289029627992878e-06,-9.28903000942567e-06,-5.915934854209744e-07,-2.057652924560006e-08,0.0,3.2196467899644765e-13,-7.192565881519602e-07,0.0
52,C#[Pt] + O[Pt] <=> C=[Pt] + O=[Pt],9.896735289857705e-07,9.896733832733298e-07,3.592569069657975e-06,3.5925689173430648e-06,-2.306400766681361e-06,-2.3064009195786214e-06,-1.4432899595957062e-13,-4.257549739645734e-06,-4.25754987927213e-06,-1.976165930254365e-07,-0.0002569008552802586,0.0,1.2212453341244566e-13,-0.0002148674193247888,0.0
53,C=[Pt] + O[Pt] <=> C[Pt] + O=[Pt],1.5249197360998445e-06,1.524919422271454e-06,5.497487104417386e-06,5.497486792087109e-06,-3.5055845875823377e-06,-3.5055849033078066e-06,-3.1086245283599827e-13,-6.516251588973933e-06,-6.516251888285853e-06,-5.519973044772181e-07,-4.797041314566663e-08,0.0,2.442490668248913e-13,2.5167581350946933e-06,0.0
54,C~[Pt] + O[Pt] <=> C#[Pt] + O=[Pt],2.540600733736982e-06,2.540600288412042e-06,9.122484017440831e-06,9.122483565691668e-06,-5.794108074370594e-06,-5.794108511560475e-06,-4.440892183371404e-13,-1.0820312851891869e-05,-1.0820313291719076e-05,-6.542253203022107e-07,-1.0000417023400262e-08,0.0,3.552713699271146e-13,1.5664098767873327e-09,0.0
55,2 C=[Pt] <=> C[Pt] + C#[Pt],5.094027062438975e-07,5.094026199471923e-07,1.8421961267418247e-06,1.8421960391855056e-06,-1.1783277871844155e-06,-1.1783278718860587e-06,-7.771561320899957e-14,-2.1834025982172597e-06,-2.1834026690744592e-06,-1.3674713793766737e-07,3.900604473570465e-10,0.0,7.771561217155632e-14,1.6423886262038393e-08,0.0
56,C[Pt] + C~[Pt] <=> C=[Pt] + C#[Pt],1.5853569404926735e-06,1.5853566003815955e-06,5.622421847278023e-06,5.62242150050653e-06,-3.526821286307066e-06,-3.526821633529586e-06,-3.441691442112838e-13,-6.675129277296415e-06,-6.675129623339312e-06,-6.620595491822645e-07,2.526542212262433e-06,0.0,2.775557577555583e-13,3.417547167432148e-05,0.0
57,C=[Pt] + C~[Pt] <=> 2 C#[Pt],9.293973702575499e-07,9.293971959554444e-07,3.3541069577005893e-06,3.354106763999513e-06,-2.1410381895543596e-06,-2.1410383703825353e-06,-1.7763568733485615e-13,-3.9764970384853994e-06,-3.976497216435173e-06,-2.8396054669939725e-07,3.2443801877373406e-09,0.0,1.4432899403289032e-13,-9.444470785061475e-11,0.0
58,C#[Pt] + O.[Pt] <=> C=[Pt] + O[Pt],1.969145043537582e-06,1.9691448205120148e-06,7.120367932389058e-06,7.1203677001791405e-06,-4.553903281050303e-06,-4.553903507991227e-06,-2.220446091685702e-13,-8.440705930518494e-06,-8.440706150090024e-06,-1.294601683898253e-07,-8.843956532283504e-07,0.0,1.9984014558400199e-13,-6.899500934057371e-06,0.0
59,C=[Pt] + O.[Pt] <=> C[Pt] + O[Pt],2.6108212804799036e-06,2.610820822778105e-06,9.361150112225168e-06,9.361149652760913e-06,-5.937191900384764e-06,-5.937192355854745e-06,-4.551914487955689e-13,-1.1103663701366886e-05,-1.1103664146609269e-05,-6.751289459488e-07,-2.43004123038888e-08,0.0,3.552713699271146e-13,-2.6997413662324133e-07,0.0
60,C~[Pt] + O.[Pt] <=> C#[Pt] + O[Pt],-5.667425082158855e-07,-5.667424230150126e-07,-2.0260179102943733e-06,-2.026017826251109e-06,1.281153432081625e-06,1.2811535187483897e-06,8.881784366742807e-14,2.4049735051531226e-06,2.4049735948096856e-06,1.0786775834960556e-07,-0.00033407421689150206,0.0,-5.551115155111166e-14,-0.0014301742793050567,0.0
61,OC#[Pt] + [Pt] <=> O=C=[Pt] + [Pt],2.532623478936568e-06,2.532623019740316e-06,9.094971489919507e-06,9.094971025368258e-06,-5.777347590090948e-06,-5.7773480425061125e-06,-4.551914487955689e-13,-1.0784604112772658e-05,-1.0784604566482306e-05,-6.961737225817557e-07,7.5605169880070135e-06,0.0,3.552713699271146e-13,0.00013886533772260106,0.0
62,OC#[Pt] + [Pt] <=> C~[Pt] + O[Pt],1.5989170156341726e-06,1.5989167306576736e-06,5.745309690726362e-06,5.745309383132272e-06,-3.651704126483546e-06,-3.6517044139103422e-06,-2.8865799191914124e-13,-6.813527000170281e-06,-6.813527290598614e-06,-4.907689991918658e-07,0.0004608441169740146,0.0,2.442490668248913e-13,0.01623161849636794,0.0
63,C~[Pt] + O.[Pt] <=> OC#[Pt] + [Pt],2.5638082659480604e-06,2.5638078073477866e-06,9.192896468420533e-06,9.192896005740748e-06,-5.8306766326522356e-06,-5.830677086086581e-06,-4.551914487955689e-13,-1.0903534842858126e-05,-1.0903535298840683e-05,-6.95497307603185e-07,2.6284056030473705e-05,0.0,3.552713699271146e-13,-2.334064841137877e-06,0.0
64,[CH]C + 2 [Pt] <=> C[Pt] + C#[Pt],2.5897480320391716e-06,2.5897475739346382e-06,9.302168384512056e-06,9.302167923920588e-06,-5.910261238501359e-06,-5.910261693456662e-06,-4.551914487955689e-13,-1.1030904652268601e-05,-1.1030905096120469e-05,-6.901217992262834e-07,-6.135502981863259e-09,0.0,3.552713699271146e-13,-7.831161442238923e-10,0.0
65,C.[Pt] + C~[Pt] <=> CC#[Pt] + [Pt],2.524074888609425e-06,2.5240744429686562e-06,9.081387898309332e-06,9.081387458051064e-06,-5.779520320309698e-06,-5.7795207572207886e-06,-4.440892183371404e-13,-1.0770628544850575e-05,-1.0770628983728256e-05,-6.58027631108715e-07,6.961488616045361e-09,0.0,3.552713699271146e-13,1.3554187850096089e-09,0.0
66,CC#[Pt] + [Pt] <=> C[Pt] + C~[Pt],6.153544006783386e-08,6.153540008727758e-08,2.437734731782959e-07,2.437734410082302e-07,-1.6923454980288138e-07,-1.6923456858275296e-07,-3.3306691375285526e-14,-2.8639407865938993e-07,-2.863941132624799e-07,-7.312629849506689e-08,1.7854735113601723e-09,0.0,2.2204460620444663e-14,1.3046285198988337e-10,0.0
67,[CH]C + 2 [Pt] <=> CC#[Pt] + [Pt],1.5176223055488553e-06,1.517622019018717e-06,5.458127552374971e-06,5.458127276121356e-06,-3.472281397276789e-06,-3.472281665729005e-06,-2.7755576146071275e-13,-6.473563156683091e-06,-6.473563426049429e-06,-4.29192704354613e-07,-9.37448077306488e-09,0.0,2.2204460620444664e-13,1.2892267675416566e-09,0.0
68,OC=[Pt] + [Pt] <=> O=C[Pt] + [Pt],5.655656086137262e-07,5.655654547960741e-07,2.0571675709457943e-06,2.057167401563809e-06,-1.3232658297017985e-06,-1.323265994901363e-06,-1.5543122641799914e-13,-2.437059231012197e-06,-2.437059379541467e-06,-4.5007650402343527e-07,1.2583009816743668e-08,0.0,1.2212453341244566e-13,3.198091540555868e-09,0.0
69,OC=[Pt] + [Pt] <=> C#[Pt] + O[Pt],2.0239129576324277e-07,2.0239124475575346e-07,7.482893330241693e-07,7.482892736671378e-07,-4.888852080451895e-07,-4.888852640251613e-07,-4.4408921833714036e-14,-8.86138925686207e-07,-8.861389717511408e-07,-9.345202806266857e-08,5.131670948223801e-09,0.0,4.4408921240889326e-14,1.7475338387319561e-07,0.0
70,C#[Pt] + O.[Pt] <=> OC=[Pt] + [Pt],1.2874966113905803e-06,1.287496389056751e-06,4.63564781392372e-06,4.6356475833329784e-06,-2.9523028675735383e-06,-2.9523030949971485e-06,-2.220446091685702e-13,-5.497115014368948e-06,-5.497115235944434e-06,-3.4179213828818577e-07,9.645635708917083e-07,0.0,1.776356849635573e-13,-4.38136975049887e-07,0.0
71,OC=[Pt] + [Pt] <=> OC#[Pt] + [Pt],1.9193953776536886e-06,1.9193949616133417e-06,6.886764824935711e-06,6.886764416393301e-06,-4.370837379248942e-06,-4.370837789238411e-06,-4.1078252696185485e-13,-8.168566788695127e-06,-8.168567192409163e-06,-7.329528565298499e-07,-8.122138498782315e-12,0.0,3.2196467899644765e-13,1.3451186613158153e-09,0.0
72,C.[Pt] + OC#[Pt] <=> OC=[Pt] + C[Pt],2.5526269446121167e-06,2.5526265818301568e-06,9.131545785115398e-06,9.131545419473447e-06,-5.778327942008703e-06,-5.778328301169025e-06,-3.552713746697123e-13,-1.0829260012401064e-05,-1.0829260365009996e-05,-3.8129729430257153e-07,-3.184484052232622e-09,0.0,2.9976021837600294e-13,-1.936863996403155e-08,0.0
73,OC=[Pt] + C#[Pt] <=> C=[Pt] + OC#[Pt],-9.41550686344593e-08,-9.415504299616073e-08,-2.961099962596865e-07,-2.961099896424141e-07,1.6158258774239133e-07,1.6158260637602474e-07,2.2204460916857018e-14,3.5455903042480264e-07,3.545590517657289e-07,3.791758149281531e-08,5.7263178035204954e-09,0.0,-2.2204460620444663e-14,-3.812902372071613e-09,0.0
74,OC=[Pt] + C=[Pt] <=> C[Pt] + OC#[Pt],2.1106582519943305e-07,2.1106577435772443e-07,7.807387458303566e-07,7.80738699369762e-07,-5.103170817271419e-07,-5.103171381167025e-07,-4.4408921833714036e-14,-9.236286580172752e-07,-9.236287047986826e-07,-1.0990755220179018e-07,1.8111750729111136e-09,0.0,4.4408921240889326e-14,6.169096028013146e-10,0.0
75,OC=[Pt] + C~[Pt] <=> OC#[Pt] + C#[Pt],2.183829916983826e-06,2.1838295059971403e-06,7.83301363572716e-06,7.833013220716122e-06,-4.969791516079751e-06,-4.969791921970357e-06,-4.1078252696185485e-13,-9.290281450078034e-06,-9.290281860664504e-06,-6.637724513154931e-07,1.5732100136066072e-09,0.0,3.2196467899644765e-13,-2.008039788454609e-10,0.0
76,OC=[Pt] + C~[Pt] <=> OC#[Pt] + C#[Pt],2.88179897387361e-06,2.8817984664750904e-06,1.0318988673337875e-05,1.0318988170797614e-05,-6.535993441645673e-06,-6.535993939650662e-06,-5.107026010877114e-13,-1.224066634264713e-05,-1.2240666853313629e-05,-7.903132133062036e-07,-5.827788903669666e-10,0.0,4.2188475178844863e-13,-2.008039788454609e-10,0.0
77,OC#[Pt] + [H][H].[Pt] <=> OC=[Pt] + [Pt],-1.8637673872447374e-07,-1.8637678344292923e-07,-6.593986110328588e-07,-6.593986604636269e-07,4.1261585598958e-07,4.126158016927792e-07,-4.4408921833714036e-14,7.842350179546587e-07,7.842349746828202e-07,-2.0633456174716318e-07,2.386468491647924e-08,0.0,2.2204460620444663e-14,1.3096219811190381e-08,0.0
78,OC#[Pt] + O[Pt] <=> OC=[Pt] + O=[Pt],1.5812102512792981e-06,1.581209965964402e-06,5.6821924616330945e-06,5.6821921773853385e-06,-3.6119071365618036e-06,-3.6119074076824354e-06,-2.7755576146071275e-13,-6.73801894697654e-06,-6.738019221396945e-06,-4.412159503609753e-07,-2.8220351670323948e-08,0.0,2.2204460620444664e-13,-1.1596018096265505e-08,0.0
79,OC#[Pt] + O.[Pt] <=> OC=[Pt] + O[Pt],1.5568280419209262e-06,1.556827701264627e-06,5.616426095191695e-06,5.616425748305616e-06,-3.5838841633785707e-06,-3.5838844961460346e-06,-3.441691442112838e-13,-6.658138240846336e-06,-6.658138586564513e-06,-6.340528742218354e-07,8.160412685680685e-09,0.0,2.5535129713511363e-13,-1.7677111029835285e-08,0.0
80,OC#[Pt] + O=C[Pt] <=> OC=[Pt] + O=C=[Pt],1.5675811016918239e-06,1.567580843554173e-06,5.624495361686039e-06,5.624495088611911e-06,-3.5697325565578074e-06,-3.5697328113268357e-06,-2.553513005438557e-13,-6.6706608748557435e-06,-6.6706611188591e-06,-3.774892476786e-07,-9.316698618813268e-09,0.0,2.2204460620444664e-13,-1.5851223601255228e-07,0.0
81,OC=[Pt] + C~[Pt] <=> OC#[Pt] + C#[Pt],9.046421314531979e-07,9.046419703968475e-07,3.2553506779772523e-06,3.2553505192176946e-06,-2.0720850924145766e-06,-2.0720852563793796e-06,-1.5543122641799914e-13,-3.860432894750862e-06,-3.860433041352756e-06,-2.4053301425591684e-07,3.784694016090126e-09,0.0,1.2212453341244566e-13,-2.008039788454609e-10,0.0
82,OC=[Pt] + C~[Pt] <=> OC#[Pt] + C#[Pt],2.8826400221327862e-06,2.882639501031483e-06,1.033146997691049e-05,1.0331469450056184e-05,-6.5498925568969235e-06,-6.549893070713138e-06,-5.2180483154614e-13,-1.2254511016015771e-05,-1.2254511526946858e-05,-8.073875573350245e-07,3.845097012597052e-10,0.0,4.2188475178844863e-13,-2.008039788454609e-10,0.0
83,CO + [Pt] <=> CO.[Pt],1.7259451412842145e-07,1.7259447627033734e-07,6.481707534508737e-07,6.481707167330355e-07,-4.296327493289195e-07,-4.2963277308531323e-07,-3.3306691375285526e-14,-7.656847239866811e-07,-7.656847531847128e-07,-7.860826863182685e-08,2.56718421887631e-08,0.0,4.4408921240889326e-14,-8.745437714851342e-07,0.0
84,CO.[Pt] + [Pt] <=> C.[Pt] + O[Pt],1.0273770093384536e-06,1.0273767957522844e-06,3.644815435669003e-06,3.6448152229711353e-06,-2.2871130970495794e-06,-2.287113311760614e-06,-2.1094237871014167e-13,-4.3269300576081e-06,-4.326930271384826e-06,-3.589497264852912e-07,-2.533897049741118e-09,0.0,1.5543122434311265e-13,-4.466992515416512e-10,0.0
85,CO.[Pt] + [Pt] <=> C[Pt] + O[Pt],1.1653437971783799e-06,1.1653435999477788e-06,4.232151699237209e-06,4.232151497764043e-06,-2.718187653766603e-06,-2.7181878456247977e-06,-1.8873791779328466e-13,-5.015784179271096e-06,-5.0157843625180175e-06,-3.081922183321332e-07,1.2258890749527422e-08,0.0,1.5543122434311265e-13,1.192957743112047e-09,0.0
86,CO.[Pt] + [Pt] <=> C[Pt] + O[Pt],2.2181810573924198e-06,2.2181807156565126e-06,7.899139083637528e-06,7.899138743547963e-06,-4.975676503521531e-06,-4.975676847342222e-06,-3.441691442112838e-13,-9.374554544553613e-06,-9.374554883926256e-06,-4.5181362128171006e-07,3.6369749401054227e-09,0.0,2.775557577555583e-13,4.221452419399418e-09,0.0
87,CO.[Pt] + [Pt] <=> C[Pt] + O.[Pt],7.087089054012029e-07,7.08708754319191e-07,2.5709803998974824e-06,2.5709802526113668e-06,-1.6495053022427819e-06,-1.6495054425859817e-06,-1.4432899595957062e-13,-3.046146631275738e-06,-3.046146776880522e-06,-2.4904859590523063e-07,5.494657600584907e-09,0.0,1.2212453341244566e-13,2.1683536258830884e-10,0.0
88,CO.[Pt] + C~[Pt] <=> C[Pt] + OC#[Pt],1.2243545010812498e-06,1.2243542912595567e-06,4.370359873252861e-06,4.3703596621447276e-06,-2.759465548250278e-06,-2.759465756442939e-06,-2.1094237871014167e-13,-5.185144093359265e-06,-5.185144294407735e-06,-2.611870694968414e-07,2.5115333533266625e-09,0.0,1.5543122434311265e-13,-1.9947012897150914e-08,0.0
89,CO.[Pt] + C~[Pt] <=> CC#[Pt] + O[Pt],1.505944032329892e-06,1.5059437730142828e-06,5.4197954643853846e-06,5.419795199675487e-06,-3.4502076459378257e-06,-3.4502079139681856e-06,-2.553513005438557e-13,-6.4269293467000064e-06,-6.426929600610238e-06,-4.0198621333836186e-07,4.182134854137847e-09,0.0,2.2204460620444664e-13,-1.2542580090451727e-10,0.0
90,CO.[Pt] + C#[Pt] <=> OC=[Pt] + C[Pt],1.560643887174195e-06,1.5606436014662508e-06,5.639232985894171e-06,5.639232713101697e-06,-3.6041168497885e-06,-3.6041171207602495e-06,-2.7755576146071275e-13,-6.688911481905769e-06,-6.688911755387672e-06,-4.435740571442521e-07,9.698055891888515e-09,0.0,2.2204460620444664e-13,2.4032868547108057e-09,0.0
91,CO.[Pt] + [Pt] <=> C[Pt] + O[Pt],2.5257612654112227e-06,2.525760792364968e-06,9.060264086902426e-06,9.060263597135298e-06,-5.748949159674194e-06,-5.748949627092225e-06,-4.773959097124259e-13,-1.0747115239769359e-05,-1.0747115707327426e-05,-7.5337659376113e-07,2.601037588838358e-09,0.0,3.774758305475593e-13,5.3460063629964135e-09,0.0
92,CO.[Pt] + [Pt] <=> C[Pt] + O[Pt],1.8320120192436618e-06,1.832011697565316e-06,6.5690351042769675e-06,6.5690347755963906e-06,-4.1665306902311155e-06,-4.1665310030424615e-06,-3.2196468329442676e-13,-7.791571467615376e-06,-7.79157179130019e-06,-5.298905661785492e-07,2.651414627472358e-09,0.0,2.5535129713511363e-13,7.725092770345156e-10,0.0
93,CO + 2 [Pt] <=> OC[Pt] + [Pt],-8.579849017638413e-07,-8.579847535346729e-07,-3.039636481427405e-06,-3.03963633082158e-06,1.9046636721047973e-06,1.9046638173243798e-06,1.5543122641799914e-13,3.6093292519309593e-06,3.609329408298839e-06,1.9219482403374522e-07,2.8515765097366414e-08,0.0,-1.1102230310222332e-13,-8.749649464489645e-07,0.0
94,C=O + [Pt] <=> OC[Pt],1.2830863829304953e-06,1.283086119355809e-06,4.606545457802152e-06,4.60654518982636e-06,-2.9254452078087413e-06,-2.9254454658102616e-06,-2.553513005438557e-13,-5.463983530310566e-06,-5.463983780382626e-06,-4.572165493599385e-07,5.0683627728017854e-09,0.0,1.9984014558400199e-13,5.973425966620078e-10,0.0
95,OC[Pt] + [Pt] <=> C=[Pt] + O[Pt],2.884522880407326e-06,2.884522373060864e-06,1.0330839638547906e-05,1.0330839123957842e-05,-6.544827211001908e-06,-6.544827724721317e-06,-5.107026010877114e-13,-1.225448599355635e-05,-1.225448650448696e-05,-7.848154572022405e-07,-3.7552219031813025e-10,0.0,4.2188475178844863e-13,-4.784875643207726e-10,0.0
96,C=[Pt] + O.[Pt] <=> OC[Pt] + [Pt],2.5286349544277904e-06,2.5286344677175974e-06,9.056773250314745e-06,9.056772760480903e-06,-5.738015973129736e-06,-5.738016440338822e-06,-4.773959097124259e-13,-1.0744082366212836e-05,-1.0744082833712943e-05,-7.894266803708076e-07,8.508811631149001e-09,0.0,3.774758305475593e-13,-1.6622752913543328e-09,0.0
97,OC[Pt] + C~[Pt] <=> C=[Pt] + OC#[Pt],-2.9311051776986854e-07,-2.931104684961324e-07,-9.796608933942869e-07,-9.796608384590435e-07,5.762755218988053e-07,5.762755795489109e-07,5.551115229214255e-14,1.1693699207848719e-06,1.1693699868275674e-06,5.283275185112352e-08,1.2210541154902249e-08,0.0,-3.3306690930667e-14,-1.5941620909403594e-09,0.0
98,OC[Pt] + [Pt] <=> OC=[Pt] + [Pt],2.234861294538846e-06,2.234860898246288e-06,8.015664555888796e-06,8.015664156644724e-06,-5.085431364632058e-06,-5.085431757187084e-06,-3.885780660449978e-13,-9.506794892670539e-06,-9.506795278265087e-06,-6.151230181807161e-07,2.245456052094864e-09,0.0,3.2196467899644765e-13,-1.8506319420369178e-10,0.0
99,OC=[Pt] + C.[Pt] <=> OC[Pt] + C[Pt],2.5365684597926103e-06,2.5365680006717513e-06,9.082451614245163e-06,9.082451149454645e-06,-5.752552986365433e-06,-5.7525534383067425e-06,-4.551914487955689e-13,-1.0773800046910453e-05,-1.0773800500413623e-05,-6.986659726787543e-07,7.188278008374375e-10,0.0,3.552713699271146e-13,-4.3005438080763687e-10,0.0
100,OC=[Pt] + C=[Pt] <=> OC[Pt] + C#[Pt],8.895692504911282e-07,8.895690068335723e-07,3.1961954617403982e-06,3.1961952159162848e-06,-2.0313360591053145e-06,-2.031336300019336e-06,-2.442490700854272e-13,-3.7899370528263095e-06,-3.7899372854702095e-06,-5.490666882957055e-07,1.524946956225715e-09,0.0,1.776356849635573e-13,-4.74241588566121e-10,0.0
101,OC=[Pt] + C=[Pt] <=> OC[Pt] + C#[Pt],1.9022445837054855e-06,1.9022442633693683e-06,6.812914411347365e-06,6.812914075051324e-06,-4.3161888265029345e-06,-4.316189142174426e-06,-3.2196468329442676e-13,-8.082193861275921e-06,-8.08219417595e-06,-4.690899533695547e-07,3.2440340387602236e-09,0.0,2.5535129713511363e-13,-1.6246104189756174e-10,0.0
102,OC=[Pt] + C[Pt] <=> C=[Pt] + OC[Pt],2.6845249078759795e-07,2.6845241360490245e-07,1.0218334466975775e-06,1.021833355739433e-06,-6.85561854292823e-07,-6.855619295771178e-07,-7.771561320899957e-14,-1.2069756914944062e-06,-1.2069757582557931e-06,-1.789007702600221e-07,1.2902480597695772e-08,0.0,6.6613381861334e-14,-1.911803052814008e-09,0.0
103,OC[Pt] + C~[Pt] <=> OC=[Pt] + C#[Pt],2.8790733662016017e-06,2.87907287246985e-06,1.0320455972292246e-05,1.0320455469780028e-05,-6.544028571555279e-06,-6.544029054168233e-06,-4.884981401708544e-13,-1.224232229638627e-05,-1.224232277795466e-05,-7.05823499789364e-07,6.9052888571177145e-09,0.0,3.9968029116800397e-13,8.596890073581599e-11,0.0
104,OC=[Pt] + [H][H].[Pt] <=> OC[Pt] + [Pt],1.2338616828360133e-06,1.2338614594771565e-06,4.425947648855321e-06,4.425947426533247e-06,-2.8083107279332727e-06,-2.8083109526050197e-06,-2.220446091685702e-13,-5.248300708112884e-06,-5.24830092493323e-06,-3.9653324648731646e-07,5.155641764889157e-09,0.0,1.776356849635573e-13,5.733197376394925e-10,0.0
105,OC[Pt] + O=[Pt] <=> OC=[Pt] + O[Pt],-3.0027381905406554e-07,-3.0027382479265854e-07,-1.0442022334553338e-06,-1.0442022411350019e-06,6.417706411286048e-07,6.417706378480158e-07,0.0,1.2420686275959742e-06,1.2420686367685186e-06,-1.1332929151934656e-07,3.710407973108112e-09,0.0,0.0,-4.3747983361598074e-08,0.0
106,OC=[Pt] + O.[Pt] <=> OC[Pt] + O[Pt],1.5026258523402171e-06,1.5026255655234785e-06,5.39603333104143e-06,5.396033053601119e-06,-3.4276374304464203e-06,-3.4276376980454367e-06,-2.7755576146071275e-13,-6.4004037482340735e-06,-6.400404016202247e-06,-4.352570844093239e-07,7.175915544905908e-10,0.0,2.2204460620444664e-13,-8.391759397008966e-09,0.0
107,OC=[Pt] + O=C[Pt] <=> OC[Pt] + O=C=[Pt],2.5276325998457187e-06,2.5276321405540848e-06,9.083396127409587e-06,9.08339566263712e-06,-5.774000467825725e-06,-5.7740009201769215e-06,-4.551914487955689e-13,-1.077410305462046e-05,-1.077410350812942e-05,-6.968100117763931e-07,5.8485702047601575e-09,0.0,3.552713699271146e-13,1.8895883659759833e-09,0.0
108,2 OC=[Pt] <=> OC[Pt] + OC#[Pt],2.0994374889439524e-06,2.0994371312198557e-06,7.4500043894412e-06,7.4500040284918445e-06,-4.676042276903812e-06,-4.676042646089325e-06,-3.552713746697123e-13,-8.844256402200479e-06,-8.844256746003364e-06,-5.587967669478543e-07,6.944861102680275e-10,0.0,2.9976021837600294e-13,-1.783051506641589e-09,0.0
109,OC[Pt] + [Pt] <=> CO.[Pt] + [Pt],5.055515486522097e-07,5.055514622819043e-07,1.7189174553397746e-06,1.718917377703742e-06,-1.0309465988066337e-06,-1.0309466806916455e-06,-7.771561320899957e-14,-2.0487738869348657e-06,-2.0487739552191484e-06,-1.1837733459554531e-07,1.920443178769846e-08,0.0,6.6613381861334e-14,-8.425787744525569e-07,0.0
110,CO.[Pt] + [Pt] <=> OC[Pt] + [H][H].[Pt],1.4628284902516258e-06,1.462828230112027e-06,5.2347713778644175e-06,5.234771109618487e-06,-3.3136228894968783e-06,-3.31362315491694e-06,-2.553513005438557e-13,-6.210952124634878e-06,-6.210952374417526e-06,-3.981815209206918e-07,8.741732805358372e-09,0.0,1.9984014558400199e-13,4.033967566020069e-09,0.0
111,CO.[Pt] + O=C=[Pt] <=> OC[Pt] + O=C[Pt],4.239869749270161e-07,4.2398690071677125e-07,1.5428805334818577e-06,1.5428804402052584e-06,-9.928798492603573e-07,-9.928799148722716e-07,-7.771561320899957e-14,-1.827950871890037e-06,-1.8279509505190049e-06,-1.513291570544792e-07,5.236158489459278e-09,0.0,6.6613381861334e-14,-2.596341524194165e-10,0.0
112,CO.[Pt] + O=[Pt] <=> OC[Pt] + O[Pt],1.9460322674731474e-06,1.9460319205361505e-06,7.053000823726016e-06,7.053000479742024e-06,-4.520976309712478e-06,-4.5209766603888974e-06,-3.441691442112838e-13,-8.363228822415549e-06,-8.36322915702542e-06,-5.167886872283137e-07,1.651437209942368e-08,0.0,2.775557577555583e-13,-3.572754503818982e-09,0.0
113,C=[Pt] + CO.[Pt] <=> OC[Pt] + C[Pt],1.502396747425066e-06,1.502396488041664e-06,5.4198759968447495e-06,5.419875732136391e-06,-3.4583488900854255e-06,-3.4583491427257782e-06,-2.553513005438557e-13,-6.425756422555877e-06,-6.425756676443693e-06,-3.939178259447943e-07,5.428975832176945e-09,0.0,2.2204460620444664e-13,-3.526581535536459e-10,0.0
114,C=[Pt] + CO.[Pt] <=> OC[Pt] + C[Pt],2.2305576067237346e-06,2.2305572103489283e-06,8.048575041577426e-06,8.048574642962314e-06,-5.136859755995013e-06,-5.1368601495328965e-06,-3.885780660449978e-13,-9.542691693487097e-06,-9.542692079767673e-06,-5.944493863453927e-07,1.3122359372945914e-08,0.0,3.2196467899644765e-13,2.4910800720256165e-11,0.0
115,C[Pt] + CO.[Pt] <=> OC[Pt] + C.[Pt],2.875784242751465e-06,2.8757837215191395e-06,1.0313867508670765e-05,1.0313866969203765e-05,-6.543139689924128e-06,-6.543140219156883e-06,-5.2180483154614e-13,-1.2232737470978413e-05,-1.2232737981493383e-05,-8.576422338030045e-07,3.2554569550050864e-09,0.0,4.2188475178844863e-13,-7.660515192327641e-10,0.0
116,CO.[Pt] + C#[Pt] <=> C=[Pt] + OC[Pt],1.3531388050784959e-06,1.353138529123738e-06,4.865945162130451e-06,4.86594487455952e-06,-3.0951652465733193e-06,-3.0951655233639895e-06,-2.7755576146071275e-13,-5.769513440140281e-06,-5.769513710616262e-06,-4.755942332164937e-07,2.0271967595590927e-09,0.0,2.2204460620444664e-13,-9.576854819997379e-11,0.0
117,CO.[Pt] + C~[Pt] <=> OC[Pt] + C#[Pt],2.1884758354105158e-06,2.1884754382314763e-06,7.846603242719209e-06,7.846602840244172e-06,-4.976471085567616e-06,-4.97647147604028e-06,-3.885780660449978e-13,-9.306694173504969e-06,-9.306694555275351e-06,-6.129296041737581e-07,2.2666576769432835e-10,0.0,3.2196467899644765e-13,-3.4116334466652834e-10,0.0
118,CO.[Pt] + O[Pt] <=> OC[Pt] + O.[Pt],2.524850429325497e-06,2.5248499562618347e-06,9.05212860210232e-06,9.052128124456002e-06,-5.74071133073892e-06,-5.740711797999518e-06,-4.773959097124259e-13,-1.073582651304587e-05,-1.0735826980388198e-05,-7.779320024132151e-07,3.0198407637595887e-09,0.0,3.774758305475593e-13,-4.531570093434026e-10,0.0
119,CO.[Pt] + OC#[Pt] <=> OC=[Pt] + OC[Pt],1.8503981414068164e-06,1.8503978337987086e-06,6.652240148703085e-06,6.652239833888945e-06,-4.230225473993285e-06,-4.230225788021914e-06,-3.1086245283599827e-13,-7.887281748610066e-06,-7.887282059559141e-06,-4.627076843354775e-07,5.4077494824015884e-09,0.0,2.5535129713511363e-13,-1.3681405678790591e-09,0.0
120,OC=[Pt] + CO.[Pt] <=> 2 OC[Pt],1.522304963075112e-06,1.522304676634465e-06,5.476954519114598e-06,5.476954230944499e-06,-3.4855098288817228e-06,-3.485510113132346e-06,-2.7755576146071275e-13,-6.494489506495111e-06,-6.494489776261377e-06,-4.254578517491902e-07,4.415847226009201e-09,0.0,2.2204460620444664e-13,-2.5377373721432707e-10,0.0
121,C=[Pt] + CO.[Pt] <=> OC[Pt] + C[Pt],2.5284771052569083e-06,2.5284766459814138e-06,9.058260731489117e-06,9.058260266236282e-06,-5.740257352700226e-06,-5.740257804406551e-06,-4.551914487955689e-13,-1.0745466262606507e-05,-1.0745466715568182e-05,-7.03086405101527e-07,4.739335807588556e-09,0.0,3.552713699271146e-13,-2.7698937651162345e-10,0.0
122,C=[Pt] + CO.[Pt] <=> OC[Pt] + C[Pt],4.5235344222957837e-07,4.523533685614507e-07,1.648240020650409e-06,1.6482399416636458e-06,-1.0620104615603586e-06,-1.0620105440390381e-06,-7.771561320899957e-14,-1.951944557277652e-06,-1.95194462371141e-06,-1.5612200613006172e-07,1.952168968768971e-09,0.0,7.771561217155632e-14,2.1149156800735955e-12,0.0
123,OC=[Pt] + C=[Pt] <=> OC[Pt] + C#[Pt],1.7300027128012532e-06,1.730002416611102e-06,6.200879038912556e-06,6.200878752301233e-06,-3.931515526328708e-06,-3.931515819103036e-06,-2.8865799191914124e-13,-7.3548681015051915e-06,-7.354868387714324e-06,-4.2429956575753356e-07,-2.3065884339464295e-10,0.0,2.442490668248913e-13,-2.255210468316645e-10,0.0
124,OC=[Pt] + C=[Pt] <=> OC[Pt] + C#[Pt],-1.5681795182426555e-07,-1.5681789994581493e-07,-5.571911716896262e-07,-5.571911209567692e-07,3.5017891303297516e-07,3.5017896636210323e-07,5.551115229214255e-14,6.619925406045616e-07,6.619925969506666e-07,1.1387805962093559e-07,-1.7994183701526022e-09,0.0,-3.3306690930667e-14,-7.577855892465222e-10,0.0
