,Reaction,SYNGAS Selec,SYNGAS Yield,CO Selectivity,CO % Yield,H2 Selectivity,H2 % Yield,CH4 Conversion,H2O+CO2 Selectivity,H2O+CO2 yield,Exit Temp,Peak Temp,Dist to peak temp,O2 Conversion,Max CH4 Conv,Dist to 50 CH4 Conv
0,[H][H] + 2 [Pt] <=> 2 [Pt],0.018836146615374166,0.021795234725234886,0.0006434464912603163,0.003601996364471195,0.9472656797572906,0.9502522357411957,0.0029585308366552295,-0.0054189594623691465,-0.002460588947293859,-1.9479509298324733e-06,-1.9479509298324733e-06,0.0,-0.0016854859153019126,0.00366150176197462,0.0
1,O=C=O + [Pt] <=> O=C=O.[Pt],-7.623992667821775e-05,-6.511236916336207e-05,-7.800644418912129e-05,-6.687888687465132e-05,1.3910904155958824e-05,2.5038471722944113e-05,1.1127566005224245e-05,2.1970862189119454e-05,3.30984306434609e-05,1.6003592096367102e-08,1.6005864404761183e-08,-0.04997501249376093,2.0681797894933535e-05,1.1381222173100506e-05,0.0
2,[C-]#[O+] + [Pt] <=> O=C=[Pt],0.04553281467905786,0.0375331570316392,0.04658152679444892,0.038581785291821366,-0.007986195311426575,-0.015981573569766955,-0.007996016835886119,-0.0131383244195975,-0.021133290712853255,-1.0417723876468255e-05,-1.0417723876468255e-05,0.0,-0.013711942458009696,0.002104364752822257,0.0
3,[O][O] + 2 [Pt] <=> 2 O=[Pt],0.6360850647265457,-0.6204058708473893,0.6786930045455289,-0.5783299120780672,-1.5383293654785366,-2.7676716692274335,-1.2485491012153265,-0.1927403958777781,-1.4388830386126827,-0.000860696178622417,-0.000860696178622417,0.0,-1.3285568239157732,-1.3027864365199895,0.0
4,O=C=[Pt] + O=[Pt] <=> O=C=O.[Pt] + [Pt],-0.66531276590196,-0.5680789299634768,-0.680725545442025,-0.5835067963147913,0.12124885580232184,0.21925261819662917,0.097885077857384,0.19174247200240932,0.2898152371278061,0.00014027743611134182,0.00014027743611134182,0.0,0.1813499109250286,0.09545732987371743,0.0
5,C=[Pt] + [Pt] <=> C[Pt] + [Pt],-0.15494454259602036,0.4105632631978789,-0.165779361549769,0.399667077412645,0.3979896471765864,0.966629191432397,0.5663853890442857,0.05001663396458915,0.6166853099157424,0.0003764539781033008,0.0003764540157262355,-0.04997501249376093,0.5887047857801947,0.5920739398890346,0.0
6,C[Pt] + [Pt] <=> C + 2 [Pt],-1.0310065082647635e-08,-4.663133238899116e-09,-1.026925875937644e-08,-4.6223204792056286e-09,-1.2392908060458485e-08,-6.7459563460556106e-09,5.646933085683292e-09,-9.257196617106224e-09,-3.6102599877857323e-09,-2.678077750169697e-12,-2.678077750169697e-12,0.0,-4.323859028658132e-09,-6.968095208020718e-07,0.0
7,C=[Pt] + [Pt] <=> C#[Pt] + [Pt],-1.3801958441074421e-08,3.086023363444263e-08,-1.611370790967192e-08,2.8548490698641824e-08,1.0417355339662509e-07,1.4883577537150325e-07,4.46621987517949e-08,-5.034106164411829e-09,3.9628094057061194e-08,2.3226237942380828e-11,2.3226237942380828e-11,0.0,3.741231493527676e-08,-4.6453968053471454e-07,0.0
8,O=C=[Pt] + [Pt] <=> C~[Pt] + O=[Pt],0.002186381524290921,-0.005643289573637609,0.002336885019083502,-0.005492797862530232,-0.0054942754672813714,-0.01332334520815258,-0.007829499915188423,-0.0006938259666749366,-0.008523271558764124,-5.202360587995492e-06,-5.202360587995492e-06,0.0,-0.008135849776132123,-0.008013309489223826,0.0
9,C#[Pt] + [Pt] <=> C~[Pt] + [Pt],-9.63519550981328e-07,1.847890049243081e-06,-9.849924948505648e-07,1.8264170901309824e-06,1.323109876060797e-07,2.9437206253574018e-06,2.8114096285142355e-06,3.217299415601558e-07,3.1331395795762854e-06,1.900980740941668e-09,1.900980740941668e-09,0.0,2.9624992756390207e-06,1.8581587221388582e-06,0.0
10,C~[Pt] + [H][H] <=> C=[Pt],8.600812187818916e-05,9.968837643786474e-05,2.6782022533890677e-06,1.6358445413629687e-05,0.004338590632456269,0.004352271468804404,1.368024279974575e-05,-2.4740401795605237e-05,-1.1060162383601942e-05,-8.807467335467178e-09,-8.807467335467178e-09,0.0,-7.554102038861526e-06,1.4865269777110865e-05,0.0
11,C + O=[Pt] + [Pt] <=> C[Pt] + O[Pt],-1.8928828836632666e-06,4.85598884612592e-06,-2.0202473892375966e-06,4.728624321568181e-06,4.606920286878612e-06,1.135579246923838e-05,6.748871865189479e-06,5.63708396104746e-07,7.312580309266819e-06,4.4546496065353e-09,4.4546496065353e-09,0.0,6.98269376418712e-06,6.271285687218646e-06,0.0
12,O=C=[Pt] + O[Pt] <=> O=C=O.[Pt] + [Pt],-0.00010311061296079582,-8.80953960115879e-05,-0.00010550692736130163,-9.049171076434853e-05,1.918069285560366e-05,3.4195928190405945e-05,1.501523243598469e-05,2.9708653838914157e-05,4.47238907377604e-05,2.1623530139711088e-08,2.1623530139711088e-08,0.0,2.7930225462422077e-05,1.4168460256308792e-05,0.0
13,O[Pt] + [Pt] <=> [Pt] + O=[Pt],-6.278555534922585e-09,-1.4016656378782253e-09,-6.214392502722991e-09,-1.3375000810134087e-09,-9.553363323793855e-09,-4.676443044626738e-09,4.87689021156221e-09,-5.752437688828031e-09,-8.755415754836929e-10,-1.7042312955625345e-12,-1.7042312955625345e-12,0.0,-1.2458704594395381e-09,-1.1613492013367863e-06,0.0
14,C + O[Pt] + [Pt] <=> C[Pt] + O.[Pt],-0.0009285769836438053,0.002194084433363562,-0.0009332547287048199,0.0021894065422226228,-0.0006898572425649451,0.0024328116289505032,0.0031226904135916887,0.0002795286578295931,0.003402227800246869,2.0783251920201056e-06,2.0783275779439196e-06,-0.04997501249376093,0.003246795885189652,0.0032608362875134285,0.0
15,O + [Pt] <=> O.[Pt],-2.98958359223961e-08,7.66260985869216e-08,-3.012897876728906e-08,7.63929626693209e-08,-1.7997879486717034e-08,8.852407641507332e-08,1.0652193770768585e-07,1.5105574650380325e-08,1.2162751486596362e-07,7.269763783642468e-11,7.269763783642468e-11,0.0,1.1623103353646992e-07,-1.1613492013367863e-06,0.0
16,O.[Pt] + [Pt] <=> [Pt] + O[Pt],-1.5743969974043057e-06,3.7758286322307144e-06,-1.580977858340895e-06,3.769247776548649e-06,-1.2385557609023712e-06,4.111669904420982e-06,5.350225723288367e-06,4.717491543971301e-07,5.8219749006205e-06,3.550725327368932e-09,3.5570553293238785e-09,-0.04997501249376093,5.559413077797715e-06,4.877666645614503e-06,0.0
17,O.[Pt] + O=[Pt] <=> 2 O[Pt],-0.12574384281634376,0.28315632822136527,-0.1264713172376023,0.2824258754108325,-0.08861858198713889,0.32043358543173495,0.4094149851731415,0.03787291866900211,0.4474429612465003,0.000273061463854125,0.0002730614663212027,-0.04997501249376093,0.4262962956730908,0.40349614700452957,0.0
18,[H] + [Pt] <=> [Pt],-1.8553437385671168e-09,-2.1120355519343953e-09,-2.7691272057857287e-09,-3.025830604680872e-09,4.4777903429110754e-08,4.4521218241491696e-08,-2.5669295584152186e-10,-1.0037395127274316e-09,-1.2604279869114485e-09,-1.947692909214325e-12,-1.947692909214325e-12,0.0,7.32792435202931e-11,-4.6453968053471454e-07,0.0
19,C + [Pt] <=> C.[Pt],-0.00013412443795563777,0.0003440522445020389,-0.00014319007662550332,0.00033498656248425005,0.00032852303147456807,0.0008067019262288615,0.00047817732381049284,3.991831069775351e-05,0.0005180958253866532,3.162429048986661e-07,3.162429048986661e-07,0.0,0.0004946300906281966,0.0004965929184916098,0.0
20,[CH3] + [Pt] <=> C[Pt],-8.30971427573749e-06,-7.86954607693559e-07,-8.355523594444852e-06,-8.327639351287499e-07,-5.971924009626919e-06,1.5508358497790428e-06,7.522760298534317e-06,-6.921402493821833e-06,6.013572836017816e-07,-2.3281422574808565e-10,-2.3281422574808565e-10,0.0,5.103356444631004e-06,5.10993648588186e-06,0.0
21,[H][H] + [Pt] <=> [H][H].[Pt],1.1908053505254786e-07,1.4038490442883096e-07,-6.358465918869384e-10,2.066852672911728e-08,6.228575906530794e-06,6.249880287781405e-06,2.130437554373601e-08,-4.148909669097011e-08,-2.0184724641985355e-08,-1.606846650101818e-11,-1.606846650101818e-11,0.0,-1.4034208330081684e-08,-9.290793610694291e-07,0.0
22,[OH] + [Pt] <=> O[Pt],-6.328759162276464e-09,-2.7352717189239634e-09,-6.321246953031566e-09,-2.7277635427130876e-09,-6.711945047606048e-09,-3.118437081220558e-09,3.5934974191615674e-09,-4.902798720263142e-09,-1.3092987116145931e-09,-6.800694408006685e-12,-4.236232077541157e-12,-0.04997501249376093,-5.496491351108896e-10,-1.1613492013367863e-06,0.0
23,[CH]=O + [Pt] <=> O=C[Pt],1.8434164202903568e-10,-1.612425861820886e-09,1.8804420964053242e-10,-1.6087390147263815e-09,-4.467671170651282e-12,-1.8012111270393271e-09,-1.7967667062825252e-09,9.379186218710983e-10,-8.588428997011655e-10,-5.193847757904867e-13,-5.193847757904867e-13,0.0,-5.862887568710361e-10,-4.6453968053471454e-07,0.0
24,O=C=O + 2 [Pt] <=> O=C=[Pt] + O=[Pt],-0.013554197471926908,-0.01156139199702185,-0.013868190253794111,-0.01187539103699128,0.0024698214967549107,0.004462946342492028,0.001993075620316907,0.0039062978507334025,0.0058994513265269765,2.8555892970689708e-06,2.8555892970689708e-06,0.0,0.0036918439068960533,0.001953621626488742,0.0
25,O + 2 [Pt] <=> [Pt] + O[Pt],-0.19520150657708824,0.46922261876672416,-0.1960337337398778,0.4683848512710896,-0.1527303906378397,0.5119764749598223,0.6657236278951133,0.058775122657767444,0.7248900304317372,0.00044291356041194473,0.00044291356041194473,0.0,0.6920168355856402,0.7087303058141133,0.0
26,CC + 2 [Pt] <=> 2 C[Pt],-0.004512801623171817,-0.0004587350103898657,-0.0045386446577764345,-0.0004845790927470726,-0.0031939519534556135,0.0008601681287881601,0.004054249573021703,-0.0037156050459949646,0.0003384938871328865,1.2039765972186085e-07,1.2039765972186085e-07,0.0,0.00023327585910636931,0.004146248918612595,0.0
27,C=O + 2 [Pt] <=> O=C[Pt] + [Pt],1.0654997429448033e-06,1.0619062138411574e-06,1.068910741324328e-06,1.065317210140935e-06,8.91425596279441e-07,8.878320972587003e-07,-3.5935214147638896e-09,7.655255392526678e-07,7.619320169797057e-07,4.0906420325773863e-10,4.0906420325773863e-10,0.0,4.825127420433021e-07,-2.3226984026735727e-07,0.0
28,C=O + 2 [Pt] <=> C=[Pt] + O=[Pt],1.8568699794854615e-06,-5.877394341989315e-06,2.005285674806097e-06,-5.72897866308771e-06,-5.717240440993086e-06,-1.3451504146386381e-05,-7.734264172186055e-06,-9.222975423063103e-07,-8.656561636375441e-06,-5.2726157053083425e-09,-5.269759089041495e-09,-0.04997501249376093,-8.187949655077383e-06,-9.523063450961648e-06,0.0
29,CO + 2 [Pt] <=> C[Pt] + O[Pt],-9.043819407302729e-05,1.3815906465017665e-05,-9.138139830600966e-05,1.2872701252615436e-05,-4.230357660468784e-05,6.195057415210558e-05,0.0001042541948332799,-7.204412537534845e-05,3.220999435996334e-05,2.854228719956465e-08,2.854228719956465e-08,0.0,5.152062104953869e-05,0.00010173419003710248,0.0
30,CC=O + 2 [Pt] <=> C[Pt] + O=C[Pt],-1.3212986958100136e-09,-1.0646381058434474e-09,-1.269033764085153e-09,-1.0123816718349746e-09,-3.988539173031942e-09,-3.731867651756602e-09,2.5666896023919967e-10,-2.396706095589399e-09,-2.1400381955350046e-09,-1.9639236834577777e-12,-1.9639236834577777e-12,0.0,-6.962213243286485e-10,-9.290793610694291e-07,0.0
31,C=C + 2 [Pt] <=> 2 C=[Pt],1.520294985581642e-08,-7.822838529884042e-08,1.7002973960246466e-08,-7.642835682500601e-08,-7.665796960209379e-08,-1.7008928350143734e-07,-9.343132882563906e-08,-1.4664161847433458e-08,-1.0809549238691077e-07,-6.795825175733649e-11,-6.795825175733649e-11,0.0,-1.041389306923336e-07,-4.6453968053471454e-07,0.0
32,C.[Pt] + [Pt] <=> C[Pt] + [Pt],-0.0005142030913789366,0.0008385056173214742,-0.00045398064222078294,0.0008987288811187952,-0.0035875401977107867,-0.0022348730624977774,0.001352715664406963,0.00017018882929237803,0.001522906795879925,9.290333031517639e-07,9.290333031517639e-07,0.0,0.0014432774143398799,0.0011306895824214952,0.0
33,O=C[Pt] + [Pt] <=> O=C=[Pt] + [Pt],1.111360167763676e-08,-1.8147874215126865e-08,1.0022436210693386e-08,-1.9239046487113768e-08,6.679915757098297e-08,3.753769688448623e-08,-2.9261473245186033e-08,2.5982389645894443e-10,-2.9001641164168093e-08,-1.9217236704248006e-11,-1.9217236704248006e-11,0.0,-2.575991495661654e-08,-9.290793610694291e-07,0.0
34,C[Pt] + [H][H].[Pt] <=> C.[Pt] + [Pt],9.357686697857627e-07,1.0777123686038695e-06,3.28529087481708e-08,1.747965978932909e-07,4.701434160789424e-05,4.715628539372822e-05,1.419437059546359e-07,-2.6653867394822983e-07,-1.245949622356675e-07,-9.962449230631273e-11,-9.962449230631273e-11,0.0,-8.504801608968215e-08,-4.6453968053471454e-07,0.0
35,C#[Pt] + [H][H].[Pt] <=> C=[Pt] + [Pt],1.351602567569763e-07,1.603148197583914e-07,-6.399519096588517e-10,2.4514603289395342e-08,7.065463055527421e-06,7.090617632989056e-06,2.51545659187391e-08,-4.6755247661199e-08,-2.1600671810690804e-08,-1.749677463444202e-11,-1.749677463444202e-11,0.0,-1.6086205276953137e-08,-4.6453968053471454e-07,0.0
36,C=[Pt] + [H][H].[Pt] <=> C[Pt] + [Pt],-2.364128696438725e-09,-4.417576984995656e-09,-2.330568243428285e-09,-4.38403424384828e-09,-4.077007297549401e-09,-6.130445482518038e-09,-2.053447664322886e-09,-1.8850533313753494e-09,-3.938499715420643e-09,-4.349847497245326e-12,4.706924530601285e-13,-0.04997501249376093,-4.030714650222614e-09,-6.968095208020718e-07,0.0
37,C~[Pt] + [H][H].[Pt] <=> C#[Pt] + [Pt],-2.2499581774349598e-09,3.1681764754712537e-10,-5.470839413442743e-09,-2.904064664271098e-09,1.621213690796523e-07,1.646881642712196e-07,2.5667735870001243e-09,-6.173644873777924e-09,-3.606866842001136e-09,-4.009001238132819e-12,-4.009001238132819e-12,0.0,-4.140647217680227e-09,-4.6453968053471454e-07,0.0
38,[H][H].[Pt] + O=[Pt] <=> [Pt] + O[Pt],0.0007325740541193335,0.0008472453963585235,2.16879487235143e-05,0.00013635847577485357,0.03701128202208267,0.0371259949653213,0.00011467050219898712,-0.0002107077781361037,-9.60375175505258e-05,-7.626480493810223e-08,-7.626480493810223e-08,0.0,-6.632553243683582e-05,0.00013239380895239364,0.0
39,[H][H].[Pt] + O[Pt] <=> O.[Pt] + [Pt],-6.9080697706805076e-09,-5.624696828936547e-09,-2.8709597422160816e-09,-1.5875890186607057e-09,-2.129345609633063e-07,-2.1165116814036008e-07,1.2833807945994815e-09,-7.572309731643354e-10,5.261575227281029e-10,-1.395846584936933e-12,-1.395846584936933e-12,0.0,9.526986766496744e-10,-2.3226984026735727e-07,0.0
40,O=C=[Pt] + [H][H].[Pt] <=> O=C[Pt] + [Pt],2.7541811259911572e-08,3.139198484023758e-08,-1.0418082983510455e-09,2.8083595369554414e-09,1.4862516653534952e-06,1.4901018513433026e-06,3.850178377201928e-09,-1.27289578814613e-08,-8.878778596718573e-09,-6.752002085276327e-12,-6.752002085276327e-12,0.0,-7.328582056533606e-09,-6.968095208020718e-07,0.0
41,C.[Pt] + O=C=[Pt] <=> C[Pt] + O=C[Pt],-4.841225050696191e-09,-4.776894227139023e-10,-4.829790170417185e-09,-4.662625451919176e-10,-5.425008690301577e-09,-1.0614722851698843e-09,4.363540293282649e-09,-5.024715639788775e-09,-6.61176448740166e-10,-3.0189240092822037e-12,-3.0189240092822037e-12,0.0,-1.392442648657297e-09,-6.968095208020718e-07,0.0
42,O=C[Pt] + C#[Pt] <=> C=[Pt] + O=C=[Pt],-2.600725160684522e-09,-5.937587437317826e-09,-2.5429087047881282e-09,-5.879768662181539e-09,-5.551709374099678e-09,-8.888535767452579e-09,-3.3368524545246896e-09,-3.51257951999213e-09,-6.849426073397762e-09,-9.722233771828172e-12,-7.36877150652753e-12,-0.04997501249376093,-6.156004542791533e-09,-1.1613492013367863e-06,0.0
43,C=[Pt] + O=C[Pt] <=> C[Pt] + O=C=[Pt],-2.2096357381736325e-08,8.853244347974471e-08,-2.4098254050544087e-08,8.653054920700892e-08,8.006641152671895e-08,1.906952309061365e-07,1.106288090407293e-07,6.605245596042807e-09,1.1723405085325836e-07,6.977609847260319e-11,6.977609847260319e-11,0.0,1.1403246440038071e-07,-9.290793610694291e-07,0.0
44,O=C[Pt] + C~[Pt] <=> C#[Pt] + O=C=[Pt],-1.218840246239373e-09,-6.095777332078658e-09,-1.1843841771969908e-09,-6.061315429201749e-09,-2.977136655712845e-09,-7.854040543933523e-09,-4.8769262049656935e-09,7.425201203492716e-10,-4.134406757456297e-09,-4.1469628192021674e-11,-1.4120773591803856e-11,-0.0999500249875041,-4.690296352791116e-09,-9.290793610694291e-07,0.0
45,O=C[Pt] + O=[Pt] <=> O=C=[Pt] + O[Pt],-1.0240881571963753e-08,1.7737163387245094e-08,-7.924476821398228e-09,2.005355850578286e-08,-1.284545638519513e-07,-1.0047651666324652e-07,2.7978044459381905e-08,5.156953414550273e-09,3.313499541807083e-08,2.1668083615009367e-11,2.1668083615009367e-11,0.0,3.231896904094686e-08,-6.968095208020718e-07,0.0
46,O=C[Pt] + O[Pt] <=> O=C=[Pt] + O.[Pt],-1.1743673028048799e-08,1.8603219195478996e-09,-1.172672402723155e-08,1.8772574674150754e-09,-1.2608797460898344e-08,9.95214396843152e-10,1.3603994793729831e-08,-8.782379130593135e-09,4.82161303288663e-09,5.03154001547034e-13,5.03154001547034e-13,0.0,4.836841137654529e-09,-6.968095208020718e-07,0.0
47,C.[Pt] + O=[Pt] <=> C[Pt] + O[Pt],-4.3216777772597597e-07,8.976882592284964e-07,-4.2229670132952855e-07,9.075593336823211e-07,-9.35919277586382e-07,3.9393676452729406e-07,1.3298560410737347e-06,1.247275355254282e-07,1.4545835844889444e-06,8.86346350660709e-10,8.86346350660709e-10,0.0,1.3844392891837104e-06,-4.6453968053471454e-07,0.0
48,C=[Pt] + C.[Pt] <=> 2 C[Pt],-9.293817934357045e-07,2.41284082727188e-06,-9.935715891193229e-07,2.3486510211841845e-06,2.3464214135347134e-06,5.688644168532637e-06,3.3422226583265924e-06,3.00023583993391e-07,3.6422462619746427e-06,2.2212950706362073e-09,2.2212950706362073e-09,0.0,3.4767080720468157e-06,1.8581587221388582e-06,0.0
49,C.[Pt] + C#[Pt] <=> C=[Pt] + C[Pt],-4.8600871802470294e-08,1.218342418794705e-07,-4.952710872194771e-08,1.2090799835300962e-07,-1.3322307194032402e-09,1.6910289088186805e-07,1.7043511233009852e-07,1.2050514282069342e-08,1.8248562668377328e-07,1.0980118775695757e-10,1.0980118775695757e-10,0.0,1.7463970153422898e-07,2.3226984026735727e-07,0.0
50,C.[Pt] + C~[Pt] <=> C[Pt] + C#[Pt],-2.3612418295946684e-09,-1.5912307967759481e-09,-2.3186008548290284e-09,-1.5485815061279687e-09,-4.537445076629794e-09,-3.767399501205156e-09,7.700188785187601e-10,-2.385658419562276e-09,-1.615640081732248e-09,-1.5743851016149127e-12,-1.5743851016149127e-12,0.0,-2.4917272167019036e-09,-6.968095208020718e-07,0.0
51,C[Pt] + O.[Pt] <=> C.[Pt] + O[Pt],-2.7691328842449598e-05,6.53977989857202e-05,-2.7829552470423577e-05,6.525957523359351e-05,-2.0637351264184805e-05,7.24517831462813e-05,9.308915361214438e-05,8.338193593546113e-06,0.00010142735497660324,6.195715021165926e-08,6.195715021165926e-08,0.0,9.679331030733783e-05,9.685652339148798e-05,0.0
52,C#[Pt] + O[Pt] <=> C=[Pt] + O=[Pt],-3.937804860918445e-05,0.00010539806854263767,-4.0192525062119e-05,0.00010458359092829883,2.187193942426244e-06,0.00014696337130041124,0.00014477617417173928,1.2694158675915722e-05,0.00015747035122726954,9.632079936292915e-08,9.632079936292915e-08,0.0,0.00015064621068140838,0.00016398250722875424,0.0
53,C=[Pt] + O[Pt] <=> C[Pt] + O=[Pt],-0.0014717503127705523,0.0036291402558951444,-0.001570391132569699,0.003530494404450921,0.0035621946015599376,0.008663341950042607,0.0051009656421507265,0.0004734961855650131,0.0055744859805998215,3.398984792813347e-06,3.398984792813347e-06,0.0,0.005311103188746335,0.004932946867598134,0.0
54,C~[Pt] + O[Pt] <=> C#[Pt] + O=[Pt],1.1719159983267687e-09,-2.678295443360941e-09,1.185662247824096e-09,-2.6645507246566387e-09,4.702172436244453e-10,-3.3799866467762677e-09,-3.85020237280425e-09,2.0170149142361693e-09,-1.833178428144703e-09,-3.0838471062560146e-12,-3.0838471062560146e-12,0.0,-1.5756544596352029e-09,-9.290793610694291e-07,0.0
55,2 C=[Pt] <=> C[Pt] + C#[Pt],-8.638316452473039e-07,2.390863296252381e-06,-9.25652476041943e-07,2.32904246361805e-06,2.291075985426071e-06,5.545771046882464e-06,3.2546949795380807e-06,2.7306444895895647e-07,3.527759433904263e-06,2.1552195886911115e-09,2.1552195886911115e-09,0.0,3.3747677241927484e-06,2.55496824294093e-06,0.0
56,C[Pt] + C~[Pt] <=> C=[Pt] + C#[Pt],-8.794071476750682e-05,0.00024124906285599476,-9.421620062977707e-05,0.00023497355634059206,0.00023231666115001426,0.0005615074930592086,0.0003291900671205104,2.843534428622798e-05,0.00035762550501110827,2.184639977008021e-07,2.184639977008021e-07,0.0,0.00034180817544191683,0.00035699874449092813,0.0
57,C=[Pt] + C~[Pt] <=> 2 C#[Pt],-7.571314766405829e-10,-3.5806250523915698e-09,-7.448053402987257e-10,-3.5682945209220774e-09,-1.3861104219543667e-09,-4.209578571925599e-09,-2.8234905384439683e-09,6.523652694016174e-10,-2.1711263228855425e-09,-3.7119780694776344e-11,-9.819618417288888e-12,-0.0999500249875041,-1.9787177033511606e-09,-6.968095208020718e-07,0.0
58,C#[Pt] + O.[Pt] <=> C=[Pt] + O[Pt],-4.303299489124325e-06,1.0870046805600995e-05,-4.320385597261985e-06,1.085296069818265e-05,-3.431342795278996e-06,1.1742003670782569e-05,1.517334695831126e-05,1.2969540069656636e-06,1.6470301157998712e-05,1.0070075494639608e-08,1.0070075494639608e-08,0.0,1.5750552798700475e-05,1.6723428499249723e-05,0.0
59,C=[Pt] + O.[Pt] <=> C[Pt] + O[Pt],-1.9443643294465413e-08,3.0095459860723015e-08,-2.02578325533537e-08,2.928127667710463e-08,2.21069016629317e-08,7.164602519367329e-08,4.953911295895944e-08,-2.2142450041519664e-09,4.732486403611232e-08,2.8063008666929732e-11,2.8063008666929732e-11,0.0,4.3898089776086783e-08,-1.3936190416041435e-06,0.0
60,C~[Pt] + O.[Pt] <=> C#[Pt] + O[Pt],-1.0589082029295376e-07,2.562838165764274e-07,-1.0622347071291338e-07,2.559511696702605e-07,-8.891476810444547e-08,2.732598908472773e-07,3.6217463619733655e-07,2.95649474716689e-08,3.91739591954128e-07,2.381541504741816e-10,2.381541504741816e-10,0.0,3.741965382137053e-07,-6.968095208020718e-07,0.0
61,CO + 2 [Pt] <=> CO[Pt] + [Pt],-8.103746805234226e-05,7.702694296835278e-06,-8.177118803903756e-05,6.968973676783876e-06,-4.359347679857624e-05,4.514671879439278e-05,8.874023427127747e-05,-6.671114436720381e-05,2.2029030703222542e-05,2.1596570823692713e-08,2.1596570823692713e-08,0.0,4.008893842640513e-05,8.64043805794569e-05,0.0
62,C=O + [Pt] <=> CO[Pt],-5.375848732991774e-08,2.812222530285954e-08,-5.5056274631281984e-08,2.6824431190855496e-08,1.2471184953503722e-08,9.435193382464187e-08,8.188072170722632e-08,-2.8657846051347145e-08,5.322287402412084e-08,3.2380394615688156e-11,3.2380394615688156e-11,0.0,5.8811731241475026e-08,-4.6453968053471454e-07,0.0
63,C.[Pt] + O=[Pt] <=> CO[Pt] + [Pt],-0.026034816037036057,0.06693711457829817,-0.02780619467552443,0.06516408862601428,0.06436409292782987,0.1574200910409263,0.09299614198982306,0.008260475888851563,0.10126429980257108,6.180510783339507e-05,6.180510783339507e-05,0.0,0.09664943383426598,0.09516211490673761,0.0
64,CO[Pt] + [Pt] <=> C[Pt] + O=[Pt],-9.095529813280979e-10,-1.4229291182396416e-09,-9.24006333984036e-10,-1.4373905637510326e-09,-1.7234504778581511e-10,-6.857068466372502e-10,-5.133739138818826e-10,4.769398032235631e-10,-3.642919015962472e-11,-7.466156151988246e-13,-7.466156151988246e-13,0.0,7.32792435202931e-11,-0.0,0.0
65,C.[Pt] + C~[Pt] <=> CC#[Pt] + [Pt],3.6419901756030343e-07,-1.8021805311452535e-07,3.726652426593092e-07,-1.7175182157973325e-07,-6.785883976063007e-08,-6.122758744254586e-07,-5.444170605994905e-07,-1.3822765026641435e-07,-6.826447093202162e-07,-4.0479550963171054e-10,-4.0479550963171054e-10,0.0,-6.123749343683149e-07,-1.1613492013367863e-06,0.0
66,CC#[Pt] + [Pt] <=> C[Pt] + C~[Pt],-3.275504962089385e-09,-3.5322006913883183e-09,-3.262410828631036e-09,-3.5191165947139593e-09,-3.943883049671838e-09,-4.2005565525446424e-09,-2.5669295584152186e-10,-1.786089412437647e-09,-2.0427837253848377e-09,-6.995463698928117e-12,-4.528386013923306e-12,-0.04997501249376093,-2.52836683846205e-09,-6.968095208020718e-07,0.0
67,CO[Pt] + C~[Pt] <=> CC#[Pt] + O=[Pt],-1.0677862047937796e-09,-3.3779241527300376e-09,-1.0578810047222155e-09,-3.3680252639809332e-09,-1.5732996675007328e-09,-3.88341755314597e-09,-2.310128622363247e-09,3.5681086284442487e-10,-1.9533209233326333e-09,-3.781770398724481e-12,-3.781770398724481e-12,0.0,-2.4917272167019036e-09,-4.6453968053471454e-07,0.0
68,C=O + [Pt] <=> C=O.[Pt],-0.0017754359689090655,-0.00266703510431971,-0.0017028382697698904,-0.0025944380524638134,-0.005480320206336021,-0.006371886308428965,-0.0008916149654607397,-0.005599850287315791,-0.006491415323668457,-3.4309423108368965e-06,-3.4309423108368965e-06,0.0,-0.004207534059366478,-0.0012512376295202535,0.0
69,O=C[Pt] + [Pt] <=> C=O.[Pt] + [Pt],8.042242348960007e-05,7.604526587732556e-05,7.98170462322967e-05,7.543988864176355e-05,0.00011131668988017618,0.00010693953093422047,-4.377154090279928e-06,7.815435019270773e-05,7.377719268788004e-05,3.876051720149849e-08,3.876051720149849e-08,0.0,4.411363998579287e-05,3.7163174442777163e-06,0.0
70,C=O.[Pt] + C[Pt] <=> C.[Pt] + O=C[Pt],-1.1689278379092364e-10,-2.6837002533627165e-09,-7.470903756623378e-11,-2.6415173186510775e-09,-2.269885779886979e-09,-4.836681228551898e-09,-2.5668095804036074e-09,-3.883984944325017e-10,-2.9552100522677543e-09,-3.1000778804994673e-12,-3.1000778804994673e-12,0.0,-2.1252898925689193e-09,-2.3226984026735727e-07,0.0
71,C=O.[Pt] + [Pt] <=> C=[Pt] + O=[Pt],-4.0089337425366604e-09,-2.982237328346874e-09,-3.981267462258234e-09,-2.9545679530295054e-09,-5.42103513944473e-09,-4.394313040285861e-09,1.0266998365591209e-09,-3.5515661872352143e-09,-2.5248617709297123e-09,-3.8629242699417444e-12,-3.8629242699417444e-12,0.0,-1.2458704594395381e-09,-4.6453968053471454e-07,0.0
72,C=O.[Pt] + C#[Pt] <=> C=[Pt] + O=C[Pt],-2.663122001945535e-09,-1.8931065392042404e-09,-2.6279584956100305e-09,-1.8579490277350653e-09,-4.457994647839272e-09,-3.6879478829329053e-09,7.700188785187601e-10,-3.188257546516942e-09,-2.4182290228471193e-09,-1.4445389076672912e-12,1.0322772418835923e-11,-0.04997501249376093,-2.6382994059196623e-09,-4.6453968053471454e-07,0.0
73,C=O.[Pt] + C=[Pt] <=> C[Pt] + O=C[Pt],-2.6455602286441907e-09,-8.488151484814016e-10,-2.657986700444843e-09,-8.612484875477289e-10,-2.011852034348857e-09,-2.150933967087596e-10,1.796742710680203e-09,-1.6898001940117742e-09,1.0694692824783316e-10,-6.816925182250138e-13,-6.816925182250138e-13,0.0,6.229146764540098e-10,-4.6453968053471454e-07,0.0
74,C=O.[Pt] + C~[Pt] <=> O=C[Pt] + C#[Pt],-7.687536480272476e-09,-2.553971130256804e-09,-7.694217551650285e-09,-2.560656251898666e-09,-7.346848474152335e-09,-2.2132648852028884e-09,5.1335711696025705e-09,-6.023585453214777e-09,-8.900095720930134e-10,-3.3760010426381636e-12,-3.3760010426381636e-12,0.0,7.32792435202931e-11,-6.968095208020718e-07,0.0
75,C=O.[Pt] + [Pt] <=> O=C[Pt] + [H][H].[Pt],3.378466081018398e-08,3.71214665678921e-08,9.94648783191299e-10,4.331452228563628e-09,1.7071598664090153e-06,1.7104966912111909e-06,3.3368164611212065e-09,-8.488772603756514e-09,-5.151957767628652e-09,-6.216386535242387e-12,-6.216386535242387e-12,0.0,-3.994075028462468e-09,-2.3226984026735727e-07,0.0
76,C=O.[Pt] + O=[Pt] <=> O=C[Pt] + O[Pt],0.011832206929378107,0.01277046066210329,0.011788557393321979,0.012726810716559712,0.014059777224055617,0.014998051854594074,0.000938142729742046,0.013075990142297662,0.014014255543494752,7.499606787626773e-06,7.499606787626773e-06,0.0,0.008999358407089184,0.0022367585617746504,0.0
77,C=O.[Pt] + O[Pt] <=> O=C[Pt] + O.[Pt],-1.4692037732901822e-08,2.843008054394802e-08,-1.4714246392600478e-08,2.8407862756463715e-08,-1.3558620234109524e-08,2.956353332541636e-08,4.31221250013539e-08,1.3664812332285225e-09,4.4488602594404584e-08,2.5255084722812415e-11,2.5255084722812415e-11,0.0,4.276216558628203e-08,-6.968095208020718e-07,0.0
78,C=O.[Pt] + O=C=[Pt] <=> 2 O=C[Pt],1.6066680156843461e-09,-2.756904641994362e-09,1.6488660266173338e-09,-2.714705233796549e-09,-5.472176591923521e-10,-4.9107708081785e-09,-4.363564288884972e-09,1.2282980643945331e-09,-3.135266704967029e-09,-1.996385231944683e-12,-1.996385231944683e-12,0.0,-1.6122940813953493e-09,-1.3936190416041435e-06,0.0
79,C=O.[Pt] + [Pt] <=> CO[Pt] + [Pt],-0.1461375720618483,0.3700337081905888,-0.1559941286979482,0.36012620038110704,0.3568728779319171,0.8756443535262477,0.5169267043875746,0.046397482782454695,0.5635640281486921,0.0003438342848403234,0.0003438342848403234,0.0,0.5375452485212667,0.51978901062959,0.0
80,C=O.[Pt] + [H][H].[Pt] <=> CO[Pt] + [Pt],2.8661649699775164e-09,-4.064198192322595e-09,2.9120645591524716e-09,-4.018303935892021e-09,5.239116510578948e-10,-6.406434728907881e-09,-6.930361871487418e-09,3.235733480601921e-09,-3.6946173621527806e-09,-1.9152313607274195e-12,-1.9152313607274195e-12,0.0,-3.224574460613526e-09,-9.290793610694291e-07,0.0
81,C=O.[Pt] + O=C[Pt] <=> CO[Pt] + O=C=[Pt],-3.163031209202571e-05,0.00012671080574262812,-3.446060731948121e-05,0.00012388050605078904,0.00011280837260719382,0.00027114971916472125,0.00015834116792919517,1.0225213542082034e-05,0.00016856639766702638,1.0362547554196929e-07,1.0362547554196929e-07,0.0,0.00016285626023608934,0.00023250211010762461,0.0
82,C=O.[Pt] + O[Pt] <=> CO[Pt] + O=[Pt],-0.0006210991881817206,0.0014654912910122913,-0.0006611257061899448,0.0014254639378025403,0.0014215773345589338,0.0035082104363088375,0.0020866034390708216,0.0001968184838881356,0.00228342602978366,1.391516766215104e-06,1.391516766215104e-06,0.0,0.002173689330401835,0.0019364336583089575,0.0
83,C=O.[Pt] + C[Pt] <=> C=[Pt] + CO[Pt],5.708841502460681e-05,-0.00015068907033649256,6.107428418483241e-05,-0.00014670320946170594,-0.0001463227672888123,-0.00035409982998812556,-0.0002077773667372473,-1.8461750563705068e-05,-0.00022623907893673273,-1.3811025496141806e-07,-1.3811025496141806e-07,0.0,-0.00021597560786854996,-0.00021763684033051375,0.0
84,C=O.[Pt] + C.[Pt] <=> CO[Pt] + C[Pt],-1.875653100048989e-09,-2.3890354852912237e-09,-1.8652988959447762e-09,-2.3786769981515195e-09,-2.4039776800457433e-09,-2.917338382885712e-09,-5.133739138818826e-10,-1.0723368590063707e-09,-1.5857144209930997e-09,-2.0450775546750413e-12,-2.0450775546750413e-12,0.0,-9.5272608100402e-10,-1.1613492013367863e-06,0.0
85,C=O.[Pt] + C=[Pt] <=> CO[Pt] + C#[Pt],-3.699747897815828e-07,9.603945912078321e-07,-3.949841512910324e-07,9.353852227673602e-07,9.063301384833155e-07,2.2366995749826434e-06,1.3303693909920142e-06,1.0739204561463639e-07,1.4377614359014775e-06,8.757801166282212e-10,8.757801166282212e-10,0.0,1.374215930368936e-06,-0.0,0.0
86,C=O.[Pt] + C#[Pt] <=> CO[Pt] + C~[Pt],-0.14508558043710904,0.3796468296418013,-0.15505929734562968,0.3696207013668379,0.3639039191916392,0.8913110427626137,0.52549482729927,0.04611065393642327,0.571847790336969,0.0003490916514086146,0.0003490916514086146,0.0,0.5459848837501516,0.547743150445447,0.0
87,C=O.[Pt] + O.[Pt] <=> CO[Pt] + O[Pt],-5.533693242369243e-09,-2.7102453961562476e-09,-5.513338489245065e-09,-2.6898860761442816e-09,-6.5723354706097975e-09,-3.748865981737e-09,2.8234545450404848e-09,-4.835873061804096e-09,-2.012418212414353e-09,-2.3210007168137375e-12,-2.3210007168137375e-12,0.0,-2.6016460819823432e-09,-9.290793610694291e-07,0.0
88,2 C=O.[Pt] <=> CO[Pt] + O=C[Pt],-4.001881177483417e-09,-3.745218620774759e-09,-3.918409625052429e-09,-3.661753507494611e-09,-8.261918118625916e-09,-8.005234459354714e-09,2.5666896023919967e-10,-5.5147672900866344e-09,-5.25808782744686e-09,-4.220001303297704e-12,-4.220001303297704e-12,0.0,-5.239931785724833e-09,-9.290793610694291e-07,0.0
89,[CH]C + 2 [Pt] <=> C[Pt] + C#[Pt],-1.4676805711790418e-09,-3.52113109318215e-09,-1.4354153220864699e-09,-3.4888704261978745e-09,-3.1141521010616204e-09,-5.1675924350943736e-09,-2.053447664322886e-09,-8.488976113578067e-10,-2.9023492394660565e-09,-2.2723083940833794e-12,-2.2723083940833794e-12,0.0,-2.7115786494399555e-09,-2.3226984026735727e-07,0.0
90,[CH]C + 2 [Pt] <=> CC#[Pt] + [Pt],-4.080472328803853e-09,-5.36389764252175e-09,-3.997766192171772e-09,-5.28119308091649e-09,-8.301035976802124e-09,-9.584432712428864e-09,-1.2834167880029648e-09,-4.527483000073286e-09,-5.81090353719561e-09,-4.5608475624102114e-12,-4.5608475624102114e-12,0.0,-6.265937110249146e-09,-6.968095208020718e-07,0.0
91,OC#[Pt] + [Pt] <=> O=C=[Pt] + [Pt],4.975493259267505e-05,-0.00013215976342292483,5.324826429587167e-05,-0.0001286664380724488,-0.0001285205462080552,-0.0003104349178934193,-0.000181914605493577,-1.5799299511544326e-05,-0.00019771387625272543,-1.207404699046568e-07,-1.207404699046568e-07,0.0,-0.00018888721471194562,-0.00019092580869976768,0.0
92,OC#[Pt] + [Pt] <=> C~[Pt] + O[Pt],0.13996453537276712,-0.36650507053334774,0.14967398311804514,-0.35684472945788837,-0.3555384947280323,-0.859502035992064,-0.505761718866207,-0.0444413853380797,-0.5499783366899104,-0.00033580944174194517,-0.00033580944174194517,0.0,-0.5252884699710513,-0.5264519032674995,0.0
93,C~[Pt] + O.[Pt] <=> OC#[Pt] + [Pt],3.5162797862410536e-10,-6.751086599433194e-10,3.390631005079599e-10,-6.876817981987373e-10,9.92502415316066e-10,-3.421915119090481e-11,-1.0267358299626041e-09,1.1970156975387846e-09,1.702856495602984e-10,4.869232273035812e-13,4.869232273035812e-13,0.0,1.0259916223471404e-09,-9.290793610694291e-07,0.0
94,CC=O + 2 [Pt] <=> CC=[Pt] + O=[Pt],2.72014847825439e-05,-0.00021845746697549457,3.199781917112193e-05,-0.00021366114436294562,-0.0002175702350377208,-0.00046322858547439167,-0.0002456588849334364,-5.4535649267099704e-05,-0.000300194400232183,-1.820593449191923e-07,-1.820593449191923e-07,0.0,-0.0002824721157295939,-0.0002541032052524888,0.0
95,C.[Pt] + C#[Pt] <=> CC=[Pt] + [Pt],1.613713568689966e-05,-7.858030014057147e-06,1.652058750322277e-05,-7.474578297869777e-06,-3.4315916054453435e-06,-2.7426752592828692e-05,-2.3995161822910493e-05,-6.119331096907284e-06,-3.01144914541953e-05,-1.775555809897963e-08,-1.775555809897963e-08,0.0,-2.703302585125622e-05,-2.8336920512617585e-05,0.0
96,CC=[Pt] + [Pt] <=> C[Pt] + C#[Pt],-3.188443135687046e-09,6.617266240401886e-10,-3.2181818390506114e-09,6.3198866871709e-10,-1.6710325479020307e-09,2.1791569796270387e-09,3.850178377201928e-09,-2.3736949493381676e-09,1.4764896865472737e-09,-2.450846910761359e-12,-2.450846910761359e-12,0.0,9.526986766496744e-10,-4.6453968053471454e-07,0.0
97,CO[Pt] + C#[Pt] <=> CC=[Pt] + O=[Pt],-1.4413181488508401e-05,1.130403879099163e-05,-1.484442981463032e-05,1.0872790368075727e-05,7.594748676764871e-06,3.331197463814245e-05,2.571722399230527e-05,5.333660396611057e-06,3.105088576901598e-05,1.8469355088658193e-08,1.8469355088658193e-08,0.0,2.8328349770078264e-05,2.810465067235023e-05,0.0
98,CC=[Pt] + [Pt] <=> CC#[Pt] + [Pt],4.0863093709753884e-10,-1.90150794006776e-09,4.801156224448306e-10,-1.8300187558858023e-09,-3.239741014153661e-09,-5.549854617546217e-09,-2.310128622363247e-09,2.2647735855602295e-11,-2.2874829470823257e-09,-4.6095398851405696e-12,-3.700616527507218e-12,-0.04997501249376093,-1.392442648657297e-09,-4.6453968053471454e-07,0.0
99,CC#[Pt] + C.[Pt] <=> CC=[Pt] + C[Pt],-5.907947672968476e-11,-2.369208726575849e-09,-1.4097506311098546e-11,-2.3242394752964624e-09,-2.3548950622078047e-09,-4.664995870837583e-09,-2.310128622363247e-09,-6.77120785551868e-10,-2.9872407201140132e-09,-3.944078141159008e-12,-3.944078141159008e-12,0.0,-1.8321455141334014e-09,-1.1613492013367863e-06,0.0
100,CC=[Pt] + C#[Pt] <=> CC#[Pt] + C=[Pt],-1.2923046765722713e-08,2.070194112682674e-08,-1.3092607143281778e-08,2.053237711724068e-08,-4.269961280090156e-09,2.9355047918241865e-08,3.362498954286636e-08,-2.5190736440056123e-09,3.110592565689874e-08,1.7513005408685473e-11,1.7513005408685473e-11,0.0,2.9424178580529e-08,-4.6453968053471454e-07,0.0
101,CC=[Pt] + C=[Pt] <=> CC#[Pt] + C[Pt],-2.6082705189727247e-07,6.99410628706291e-07,-2.7921561020155153e-07,6.810220606513026e-07,6.775976246120829e-07,1.6378353384134724e-06,9.6023768108883e-07,8.534972240532044e-08,1.0455874113238632e-06,6.372526583464402e-10,6.372526583464402e-10,0.0,9.98883454263249e-07,-2.3226984026735727e-07,0.0
102,CC=[Pt] + C~[Pt] <=> CC#[Pt] + C#[Pt],-1.0984692943692286e-08,-5.594443575989899e-09,-1.0937973713047312e-08,-5.547716514187379e-09,-1.3368857445262092e-08,-7.978591134549051e-09,5.390252127642932e-09,-9.79984101985952e-09,-4.409581455182104e-09,-3.067616332012562e-12,-3.067616332012562e-12,0.0,-4.543724163573357e-09,-1.1613492013367863e-06,0.0
103,CC=[Pt] + C~[Pt] <=> CC#[Pt] + C#[Pt],-7.4366449604699245e-09,-5.3832318109584825e-09,-7.3807804127059975e-09,-5.327371502405531e-09,-1.0287811405225391e-08,-8.23436705268341e-09,2.053423668720564e-09,-6.73521568993558e-09,-4.681787150346389e-09,-2.5157700077351698e-12,-2.5157700077351698e-12,0.0,-3.994075028462468e-09,-9.290793610694291e-07,0.0
104,CC#[Pt] + [H][H].[Pt] <=> CC=[Pt] + [Pt],4.6958152897518085e-06,5.419394573696566e-06,1.7222315408485896e-07,8.958024191806891e-07,0.00023554865773413628,0.00023627223871754247,7.235792535161543e-07,-1.3473945558396892e-06,-6.238153059563886e-07,-4.918736134478343e-10,-4.918736134478343e-10,0.0,-4.280248698304852e-07,-0.0,0.0
105,CC#[Pt] + O[Pt] <=> CC=[Pt] + O=[Pt],-1.5210787446064098e-08,5.0668657045001125e-09,-1.5398801676164866e-08,4.878854864202755e-09,-5.615780308123027e-09,1.4661893950205711e-08,2.0277663709375727e-08,-2.725592503633688e-09,1.755206765636166e-08,8.764618091464463e-12,8.764618091464463e-12,0.0,1.524341176340673e-08,-4.6453968053471454e-07,0.0
106,CC#[Pt] + O.[Pt] <=> CC=[Pt] + O[Pt],-0.00014196743124051205,0.0003470187385903481,-0.00014259552326914673,0.0003463906435018789,-0.00010991396038029407,0.0003790723662125354,0.000488986864040351,4.271631763602483e-05,0.0005317033905542301,3.250098602216216e-07,3.250098602216216e-07,0.0,0.0005079542287201614,0.0005295752358095746,0.0
107,CC#[Pt] + O=C[Pt] <=> CC=[Pt] + O=C=[Pt],-2.3306131853149624e-09,-3.1006779242338875e-09,-2.2780511594781485e-09,-3.048110646710479e-09,-5.0133447038629945e-09,-5.783392537231089e-09,-7.700548719222434e-10,-2.1450516648241956e-09,-2.915104954174817e-09,-2.450846910761359e-12,-2.450846910761359e-12,0.0,-2.52836683846205e-09,-6.968095208020718e-07,0.0
108,CC=[Pt] + C=O.[Pt] <=> CC#[Pt] + CO[Pt],-1.1026273955604047e-07,2.793765993529004e-07,-1.1765751656653787e-07,2.719818203491872e-07,2.671152857272717e-07,6.567546524648068e-07,3.8963934273624007e-07,3.45133033191281e-08,4.241526484795012e-07,2.571279255647778e-10,2.571279255647778e-10,0.0,4.043535914425002e-07,2.3226984026735727e-07,0.0
109,CC#[Pt] + C=O.[Pt] <=> CC=[Pt] + O=C[Pt],4.8435041560993934e-09,-1.0601363780191837e-09,4.8739417011717244e-09,-1.02970904328192e-09,3.2899148143512517e-09,-2.613704601154712e-09,-5.903638039325975e-09,5.097659374399438e-09,-8.059820868994677e-10,-4.706924530601285e-13,-4.706924530601285e-13,0.0,2.1985143273805213e-10,-9.290793610694291e-07,0.0
110,CC=[Pt] + C~[Pt] <=> CC#[Pt] + C#[Pt],3.471951186148763e-09,-2.945046762309339e-09,3.5111698479612173e-09,-2.905836464733064e-09,1.4706667606542044e-09,-4.946313782188558e-09,-6.416999955406697e-09,3.436844793543036e-09,-2.980155957387842e-09,-1.7691543925363452e-12,-1.7691543925363452e-12,0.0,-2.381794649244291e-09,-1.3936190416041435e-06,0.0
111,CC=[Pt] + C~[Pt] <=> CC#[Pt] + C#[Pt],-1.578103227964207e-09,-1.321441837775919e-09,-1.5955227151910891e-09,-1.3388672971179182e-09,-6.895243095681202e-10,-4.3284556361733266e-10,2.5666896023919967e-10,-8.669518398126577e-11,1.69971469395058e-10,-3.8629242699417444e-12,-3.8629242699417444e-12,0.0,8.061264874319154e-10,-4.6453968053471454e-07,0.0
