,Reaction,SYNGAS Selec,SYNGAS Yield,CO Selectivity,CO % Yield,H2 Selectivity,H2 % Yield,CH4 Conversion,H2O+CO2 Selectivity,H2O+CO2 yield,Exit Temp,Peak Temp,Dist to peak temp,O2 Conversion,Max CH4 Conv,Dist to 50 CH4 Conv
0,[H][H] + 2 [Pt] <=> 2 [Pt],-0.00026811818464264343,0.0028829076556068866,-0.0066648479634661435,-0.0035140236863476933,0.0052422826534531146,0.008393482128351401,0.003151034288753894,0.0033544349817490123,0.006505574969891987,-0.0017680832996242665,-0.0015752264082178737,0.0,0.0,-0.04969505719552638,0.0
1,O=C=O + [Pt] <=> O=C=O.[Pt],2.7606440265255925e-09,1.0581551230125853e-08,-1.0162919903833808e-09,6.804617535530253e-09,6.014237268754131e-09,1.3835137933053582e-08,7.820903987006966e-09,-2.0414437509981567e-08,-1.2593544960089825e-08,-5.778503460935082e-09,1.9624464424355405e-09,0.0,0.0,9.775072968069481e-07,0.0
2,[C-]#[O+] + [Pt] <=> O=C=[Pt],0.000155612667857701,0.00019897251223688817,0.0005768661936847832,0.0006202262207415431,-0.00020727209703146188,-0.00016391240999023116,4.3359776903464246e-05,-0.001191595450060798,-0.00114823618984391,-8.823167913294881e-05,-0.00012464509816726213,0.0,0.0,0.00353491107637579,0.0
3,[O][O] + 2 [Pt] <=> 2 O=[Pt],0.0011026788369901867,0.0005149168192045509,0.006703912630921469,0.0061161176916036675,-0.003722449698952333,-0.004310183356770923,-0.0005877555367185373,-0.010735188189956297,-0.011322880630020007,-0.00010841371372450774,0.011482249973456812,-0.08748906386701474,0.0,1.1292998941987604,0.0
4,O=C=[Pt] + O=[Pt] <=> O=C=O.[Pt] + [Pt],4.5713460033033796e-05,0.00011029722574141958,9.219325715281589e-05,0.00015677705289364496,5.673889501067173e-06,7.025762936162423e-05,6.458373618655021e-05,-0.00035482796632050446,-0.0002902444593078373,-5.698525578528228e-05,4.158868067635991e-05,0.0,0.0,9.824778672487533e-05,0.0
5,C=[Pt] + [Pt] <=> C[Pt] + [Pt],-0.00013085523417200756,0.0013622336479784322,-0.003186350129362477,-0.0016933068685060645,0.0025012712137756805,0.003994399395975332,0.001493090835943061,0.0016417339830679047,0.003134849331576383,-0.0008360900078828417,-0.0008360962040460104,0.0,0.0,-0.4102762905080692,0.0
6,C[Pt] + [Pt] <=> C + 2 [Pt],8.499454376365516e-07,1.7857071067656844e-06,1.8974391896041388e-06,2.8332008908739287e-06,-5.240790898682426e-08,8.833537765249856e-07,9.357616657346256e-07,-6.180916111576415e-06,-5.245154507740148e-06,-8.970826205351765e-07,-2.070759610678928e-06,0.0,0.0,-2.1559504725574643e-05,0.0
7,C=[Pt] + [Pt] <=> C#[Pt] + [Pt],-1.4555879615550144e-05,1.4954682555715586e-05,-0.00011463100973655398,-8.512047710241211e-05,7.165287077491909e-05,0.00010116345838611497,2.9510566467427938e-05,0.00012807444444968828,0.00015758504869598604,-1.1702277397772446e-05,-1.008806443120796e-05,0.0,0.0,-0.0007682696355240408,0.0
8,O=C=[Pt] + [Pt] <=> C~[Pt] + O=[Pt],0.004463489028608629,0.011611981898947655,0.00645595415131678,0.01360458944654995,0.002747099269814604,0.009895469449653757,0.007148173812391569,-0.03233228747293915,-0.02518642482866822,-0.0060498160607936995,-0.005148532159553277,0.0,0.0,0.007642834654495652,0.0
9,C#[Pt] + [Pt] <=> C~[Pt] + [Pt],-5.3578658872452656e-09,1.859962831467919e-08,-6.385267373945565e-08,-3.9895150994343765e-08,4.503190744170175e-08,6.898942112530812e-08,2.3957507150702024e-08,4.9849938032695584e-08,7.380744506528767e-08,-1.2144504725919483e-08,-5.481454499963298e-09,0.0,0.0,1.9992202050816465e-06,0.0
10,C~[Pt] + [H][H] <=> C=[Pt],4.9391473109008704e-05,0.00015674681816939942,1.154006702988475e-05,0.00011889537149362553,8.199819982622058e-05,0.0001893535799068105,0.00010735529204613206,-0.0003274682092310137,-0.00022011326873978775,-8.360835892125925e-05,-0.00013121201947198874,0.0,0.0,-8.22454183621576e-05,0.0
11,C + O=[Pt] + [Pt] <=> C[Pt] + O[Pt],1.6218221265524164e-08,2.590390188876214e-08,5.104020748569805e-08,6.072590687363599e-08,-1.3778864419112197e-08,-4.09317663227571e-09,9.685681768545593e-09,-1.2205862509912716e-07,-1.1237295880492583e-07,-1.2241043224147793e-08,-1.6442184225658062e-08,0.0,0.0,-6.8155599429101295e-06,0.0
12,O=C=[Pt] + O[Pt] <=> O=C=O.[Pt] + [Pt],6.3055733343807196e-06,1.5978673941076013e-05,1.1333810030856713e-05,2.100691113918753e-05,1.9740475799549695e-06,1.1647147782388247e-05,9.673100001164908e-06,-4.8563652734898544e-05,-3.88905574428382e-05,-8.31465590784159e-06,3.426339519121202e-06,0.0,0.0,8.568487979628132e-05,0.0
13,O[Pt] + [Pt] <=> [Pt] + O=[Pt],4.03150953258499e-08,7.21205117721534e-08,1.1586389455510778e-07,1.4766932104421573e-07,-2.4765708492644647e-08,7.039722630649689e-09,3.180541566899134e-08,-3.0520404218497543e-07,-2.733986394319687e-07,-3.514689526526384e-08,-2.8480994915837662e-08,0.0,0.0,-1.0657052878160738e-07,0.0
14,C + O[Pt] + [Pt] <=> C[Pt] + O.[Pt],5.693253789322841e-07,-2.4349695803914336e-06,7.553785435356637e-06,4.5494902836411445e-06,-5.4473700308512805e-06,-8.451664801112703e-06,-3.0042949435389033e-06,-5.4182959350345365e-06,-8.42259071962359e-06,1.5617190311384904e-06,8.318391908878353e-07,0.0,0.0,-0.00022023854883529672,0.0
15,O + [Pt] <=> O.[Pt],4.4812463302929055e-08,3.929610013997045e-09,3.2070256391768205e-07,2.798197398676255e-07,-1.9285038853207313e-07,-2.3373323460275062e-07,-4.088284003389564e-08,-4.771682673709667e-07,-5.180511080503587e-07,5.449002716044144e-09,6.40043884872044e-07,0.0,0.0,-4.464498282209548e-08,0.0
16,O.[Pt] + [Pt] <=> [Pt] + O[Pt],1.9752553473063506e-05,-0.0003276922790617518,0.0006836845507581647,0.0003362374114503865,-0.0005521852273712062,-0.0008996280727309548,-0.00034744476390916566,-0.0002750385008457408,-0.0006224823091517756,0.0001990471824003872,0.0001504623352198454,0.0,0.0,-0.013422497021745895,0.0
17,O.[Pt] + O=[Pt] <=> 2 O[Pt],1.3626692110678392e-06,-1.152455474633947e-06,9.99001157249053e-06,7.4748866858949006e-06,-6.06927120580044e-06,-8.584395702241274e-06,-2.5151246542960542e-06,-1.1323246212358132e-05,-1.3838370596265336e-05,9.528461845869445e-07,-1.8289459023942516e-07,0.0,0.0,-0.0004746285321002519,0.0
18,[H] + [Pt] <=> [Pt],-1.2576237989742338e-09,3.967161210818776e-10,-1.6607004853448883e-09,-6.35746926113675e-12,-9.10408960317129e-10,7.43939956829653e-10,1.6543398435902118e-09,-1.6359204310240903e-09,1.8403215491408958e-11,-5.765464052213888e-10,-1.0993138932390173e-09,0.0,0.0,-5.16300063860664e-13,0.0
19,C + [Pt] <=> C.[Pt],0.0007011470794234141,0.001854820127516292,0.0008624540695215076,0.0020161289785823656,0.0005621907369934189,0.0017158621820130085,0.0011536649592099278,-0.004886105902815098,-0.003732497312905064,-0.0009669438684814039,-0.0017159049193447272,0.0,0.0,-0.17046462450851294,0.0
20,[CH3] + [Pt] <=> C[Pt],-0.01966333079392695,0.0672059974651331,-0.03310161344831621,0.0537560387689851,-0.008087052513974144,0.07879233395804215,0.08688641302186542,-0.0625696380332953,0.02426241047443396,0.0010645371349212224,0.009598978046110094,0.0,0.0,9.164842433590647e-09,0.0
21,[H][H] + [Pt] <=> [H][H].[Pt],1.3303351003889897e-05,3.5348072212722436e-05,1.5380371590755994e-05,3.742509329946349e-05,1.1514121748789073e-05,3.355884258728203e-05,2.2044718289056538e-05,-9.133053683254987e-05,-6.928583869034371e-05,-1.843236656711809e-05,-3.3472139904583294e-05,0.0,0.0,3.7531937494289667e-06,0.0
22,[OH] + [Pt] <=> O[Pt],-6.92470848608368e-08,-2.393906206377862e-07,1.0709161446608584e-08,-1.5943436337528826e-07,-1.3812464122529017e-07,-3.0826817931399623e-07,-1.70143537601028e-07,4.652638573108688e-07,2.951203185621965e-07,1.290041544221684e-07,1.5932184072055423e-07,0.0,0.0,-7.046979571634204e-09,0.0
23,[CH]=O + [Pt] <=> O=C[Pt],-1.6918705815796866e-11,2.322359599452452e-11,-2.4331863873042292e-11,1.5818436830224872e-11,-1.054437682732902e-11,2.9618901448024694e-11,4.01443717464069e-11,-4.0909917767599563e-11,-7.660751954796539e-13,-1.6405792018494803e-12,-1.9993341576440736e-13,0.0,0.0,-0.0,0.0
24,O=C=O + 2 [Pt] <=> O=C=[Pt] + O=[Pt],0.01101151577032036,0.029926545569836444,0.017383909918206136,0.03630014492527865,0.005522078625487028,0.02443607021066855,0.018912947197351617,-0.08609984813541798,-0.06720318495688825,-0.015740928219885524,0.01451305928875318,0.0,0.0,0.16281480605821486,0.0
25,O + 2 [Pt] <=> [Pt] + O[Pt],0.000826386723345549,-0.004791220294832214,0.013150458481878157,0.007532159151515013,-0.00979006538504396,-0.015407076017575197,-0.005617560595401289,-0.008327328468266582,-0.013944421270945577,0.003015372206015034,0.0018896655513849887,0.0,0.0,-0.299771799720315,0.0
26,CC + 2 [Pt] <=> 2 C[Pt],-1.4272360856179893e-05,-9.819597371112192e-05,-4.941598968522222e-05,-0.00013333957302847475,1.6001777383263435e-05,-6.792186085470622e-05,-8.39236248243116e-05,0.0003307779122344894,0.000246854009804417,5.170560243261708e-05,5.7724597059026e-06,0.0,0.0,0.0010268371265177078,0.0
27,C=O + 2 [Pt] <=> O=C[Pt] + [Pt],-1.7768701595982502e-08,-3.22116150961955e-08,-5.27719943846954e-08,-6.721488922670726e-08,1.2384522217435495e-08,-2.0583840274366306e-09,-1.4442905488104528e-08,1.424899705377449e-07,1.280470488232384e-07,1.6211436648634143e-08,2.218297235920937e-08,0.0,0.0,-9.585084870570034e-07,0.0
28,C=O + 2 [Pt] <=> C=[Pt] + O=[Pt],6.8935077231635454e-06,1.7630339900775954e-05,1.061944110395446e-05,2.1356273711767197e-05,3.6838385314424014e-06,1.4420670382532853e-05,1.0736831436830463e-05,-5.0314972122661936e-05,-3.957814609301258e-05,-9.169584165378596e-06,-7.398443381223687e-06,0.0,0.0,2.8843620916540048e-05,0.0
29,CO + 2 [Pt] <=> C[Pt] + O[Pt],1.3352827891724367e-06,9.04521622466561e-06,-7.551315189252348e-06,1.5861759785695807e-07,8.99055641994592e-06,1.6700490469717157e-05,7.70993334589423e-06,-8.043452169007917e-06,-3.3351945469801647e-07,-5.131806933047556e-06,-3.3913279990795432e-06,0.0,0.0,0.0002996002475379698,0.0
30,CC=O + 2 [Pt] <=> C[Pt] + O=C[Pt],8.010693894412857e-11,1.3387515232225904e-11,1.7852845028718007e-10,1.1181998448952065e-10,-4.70064586439557e-12,-7.140618089794574e-11,-6.671707728580724e-11,-1.3589011287877282e-10,-2.026094784044712e-10,-8.52248936025704e-12,-1.8529828973045273e-10,0.0,0.0,3.9238804853410464e-11,0.0
31,C=C + 2 [Pt] <=> 2 C=[Pt],-0.0018403568410281942,0.00047240672159910044,-0.002464048823825035,-0.00015129968596500672,-0.0013030834304875556,0.0010096925582389503,0.0023128061265264934,-0.00203265502687674,0.0002801040882706445,-0.0007811652182000714,-0.00015740618331586947,0.0,0.0,7.511030069032168e-08,0.0
32,C.[Pt] + [Pt] <=> C[Pt] + [Pt],-4.7312862543358594e-07,2.279365045900895e-06,-6.871648347649452e-06,-4.119154825744815e-06,5.038814118723626e-06,7.791307958314164e-06,2.7524936977281695e-06,4.87340593625935e-06,7.6258997642265895e-06,-1.4477480365984539e-06,-1.5851748259758996e-06,0.0,0.0,-0.00034489433674045263,0.0
33,O=C[Pt] + [Pt] <=> O=C=[Pt] + [Pt],-5.6713100774912565e-06,3.543808251854909e-06,-3.992242155108172e-05,-3.070730636123805e-05,2.3833977740946495e-05,3.304909879811491e-05,9.215118850566467e-06,4.763387711602606e-05,5.684900034857201e-05,-3.2116787665770187e-06,-4.608611784563345e-07,0.0,0.0,-0.00032525689685471636,0.0
34,C[Pt] + [H][H].[Pt] <=> C.[Pt] + [Pt],-1.5249243120142102e-08,1.7703065200947547e-07,-4.0204433689226337e-07,-2.097644349440779e-07,3.1795163961118173e-07,5.102315450699103e-07,1.9227989679257735e-07,1.960538623121867e-07,3.8833375413897613e-07,-1.0833867307785333e-07,-9.45452334069697e-08,0.0,0.0,-2.9513864621541855e-06,0.0
35,C#[Pt] + [H][H].[Pt] <=> C=[Pt] + [Pt],2.7789980113240917e-05,9.918765968173457e-05,-1.310591119949953e-05,5.8291739199351863e-05,6.301934910054712e-05,0.0001344170538410162,7.139765973970058e-05,-0.00017931416434478192,-0.00010791663263981388,-5.358194569211882e-05,-7.937389190995074e-05,0.0,0.0,-0.0001101724977260315,0.0
36,C=[Pt] + [H][H].[Pt] <=> C[Pt] + [Pt],2.6091276166641227e-09,6.696177466070402e-09,3.6569694639371925e-09,7.744037068806806e-09,1.706462754245836e-09,5.7935251754142e-09,4.087061011196137e-09,-1.8406580249988876e-08,-1.4319529786305382e-08,-3.469036681645827e-09,-6.06883888213755e-09,0.0,0.0,-2.8533323029259597e-08,0.0
37,C~[Pt] + [H][H].[Pt] <=> C#[Pt] + [Pt],1.96909987347155e-05,5.476980123687208e-05,1.9006858184998817e-05,5.4085660445644024e-05,2.0280344965411392e-05,5.535914767107685e-05,3.507879559116847e-05,-0.00013520851598506888,-0.00010012976783677629,-2.8749076010664517e-05,-4.6496653484107596e-05,0.0,0.0,-5.758629690979432e-06,0.0
38,[H][H].[Pt] + O=[Pt] <=> [Pt] + O[Pt],1.680679672286891e-07,3.264714804785383e-07,4.418182820926258e-07,6.002218204912979e-07,-6.775158692103286e-08,9.065193707040712e-08,1.5840352197213662e-07,-1.2695676303593044e-06,-1.1111641267094027e-06,-1.6190226303238802e-07,-1.0699694658738596e-07,0.0,0.0,-2.7658194421015772e-08,0.0
39,[H][H].[Pt] + O[Pt] <=> O.[Pt] + [Pt],-7.683636512431486e-08,-6.487756485594894e-07,6.744374406689661e-07,1.0249816649911267e-07,-7.240139232605091e-07,-1.2959531913489376e-06,-5.719392855796892e-07,3.8224171639216026e-07,-1.8969757696825986e-07,3.7142862273436043e-07,3.739819320299947e-07,0.0,0.0,-6.8204023212090784e-06,0.0
40,O=C=[Pt] + [H][H].[Pt] <=> O=C[Pt] + [Pt],1.3698869064221036e-06,1.629790225354414e-05,-2.091704056883914e-05,-5.989028525194992e-06,2.0568744460962474e-05,3.549676268623931e-05,1.492801515024059e-05,-3.840476110139973e-06,1.108753845214825e-05,-9.428613532366962e-06,-1.0849438749156981e-05,0.0,0.0,-8.538588010329833e-05,0.0
41,C.[Pt] + O=C=[Pt] <=> C[Pt] + O=C[Pt],-1.1521136112333064e-06,7.284160268688414e-07,-8.129735493366665e-06,-6.249205979753545e-06,4.8586910846254805e-06,6.739220841631628e-06,1.8805296588100484e-06,9.688690234881203e-06,1.1569220070650013e-05,-6.57460879380222e-07,-1.1249385594038784e-07,0.0,0.0,-5.9952185675728845e-05,0.0
42,O=C[Pt] + C#[Pt] <=> C=[Pt] + O=C=[Pt],-2.3812134497273317e-06,1.657682786051698e-06,-1.6985586869020168e-05,-1.2946691205111252e-05,1.0199582388623948e-05,1.4238479140363207e-05,4.038896339925916e-06,1.9929579005292894e-05,2.3968476138784668e-05,-1.4506332188402517e-06,-4.0301498309344107e-08,0.0,0.0,-0.00022695062985420765,0.0
43,C=[Pt] + O=C[Pt] <=> C[Pt] + O=C=[Pt],1.429302293218262e-08,4.607878288977158e-08,3.1178771833354642e-09,3.4903653597560666e-08,2.3919732206657344e-08,5.5705505854870405e-08,3.1785767597687107e-08,-9.643407643507216e-08,-6.464831967133251e-08,-2.465230186704332e-08,-3.476316275259583e-08,0.0,0.0,-4.09145702966843e-06,0.0
44,O=C[Pt] + C~[Pt] <=> C#[Pt] + O=C=[Pt],-1.4818655790942733e-09,2.6584750176430703e-09,-1.4196254692320295e-08,-1.0055898790182073e-08,9.470809965396097e-09,1.3611165244478066e-08,4.1403452234066e-09,1.4462971966804044e-08,1.8603317814628223e-08,-1.862078700322561e-09,-3.2833465403662505e-09,0.0,0.0,-2.0288011009404792e-08,0.0
45,O=C[Pt] + O=[Pt] <=> O=C=[Pt] + O[Pt],2.2791248759858414e-06,3.880835831616539e-06,6.9364646688123806e-06,8.538175733336944e-06,-1.7328953374230892e-06,-1.3118441532512064e-07,1.6017109269446756e-06,-1.7408612723932386e-05,-1.580690208967331e-05,-1.8702152274459154e-06,-1.352976775369021e-06,0.0,0.0,-6.019601406018775e-05,0.0
46,O=C[Pt] + O[Pt] <=> O=C=[Pt] + O.[Pt],-4.6059986007912524e-09,-4.846358854532025e-08,5.713605025003167e-08,1.3278477387755507e-08,-5.77930995273728e-08,-1.0165067632020908e-07,-4.3857579620643893e-08,1.929356341805796e-08,-2.456402703505613e-08,2.7975646593075554e-08,2.752753244939878e-08,0.0,0.0,-3.355795525075158e-07,0.0
47,C.[Pt] + O=[Pt] <=> C[Pt] + O[Pt],0.0019898699271612683,0.0033781633358948952,0.0060010483637324185,0.007389397458308607,-0.0014655208401652478,-7.727540143737311e-05,0.0013882657840561525,-0.015068183970918482,-0.013680127373316489,-0.0016258567555023254,-0.001519461691116005,0.0,0.0,-0.008778825748821011,0.0
48,C=[Pt] + C.[Pt] <=> 2 C[Pt],9.392388202702935e-09,2.7738670426284576e-08,6.731043876193474e-09,2.5077338445844377e-08,1.1684954137130313e-08,3.0031249053577636e-08,1.83462863350672e-08,-6.470897415435751e-08,-4.636269672242968e-08,-1.4646302783846337e-08,-2.326083339693687e-08,0.0,0.0,-1.5411076747181432e-06,0.0
49,C.[Pt] + C#[Pt] <=> C=[Pt] + C[Pt],-1.1412511052995328e-05,9.770436569826254e-06,-8.56275526245259e-05,-6.444462071714944e-05,5.251931683659157e-05,7.370227801353386e-05,2.118295004148817e-05,9.812451474606951e-05,0.00011930748555974478,-8.023910224536368e-06,-4.3438527777984905e-06,0.0,0.0,-0.0006443148612587926,0.0
50,C.[Pt] + C~[Pt] <=> C[Pt] + C#[Pt],1.157214413051149e-09,2.987731292788829e-09,1.2596106291138036e-09,3.090162669767508e-09,1.0690061856724307e-09,2.8995413850803692e-09,1.8305247467138969e-09,-7.625839291515033e-09,-5.795324032203787e-09,-1.5781945797323988e-09,-3.525245980099607e-09,0.0,0.0,-1.1737565651808336e-08,0.0
51,C.[Pt] + O[Pt] <=> C[Pt] + O.[Pt],2.9479339119208435e-06,-1.0367834677857847e-05,3.5249903823131186e-05,2.193413093347001e-05,-2.487828484365774e-05,-3.819404973388313e-05,-1.331576819952776e-05,-2.729131640137609e-05,-4.060708097922759e-05,6.751872545619344e-06,3.328597410376184e-06,0.0,0.0,-0.0008848461323415768,0.0
52,C#[Pt] + O[Pt] <=> C=[Pt] + O=[Pt],0.00231325445707401,0.004105941933304176,0.006632606673352691,0.008425371580291798,-0.0014076096243599244,0.00038501114995308445,0.0017926460077646264,-0.01739037979707107,-0.01559804553725549,-0.0019960823839499666,-0.002003029014698249,0.0,0.0,-0.02979728304772241,0.0
53,C=[Pt] + O[Pt] <=> C[Pt] + O=[Pt],1.3134304634170067e-08,6.129290184203759e-08,-2.828417369023424e-08,1.9874445791588155e-08,4.8813851146748966e-08,9.697246157273433e-08,4.8158610287471854e-08,-8.497664232087751e-08,-3.681804398634939e-08,-3.395958466003963e-08,-2.7304866604261958e-08,0.0,0.0,-1.9637214778908426e-05,0.0
54,C~[Pt] + O[Pt] <=> C#[Pt] + O=[Pt],1.101645863727265e-09,2.052015354925487e-09,3.0150523785208382e-09,3.965424428932412e-09,-5.466396239079364e-10,4.037438655808968e-10,9.503713484935967e-10,-8.288419528300076e-09,-7.3380601895006315e-09,-1.0087644531268247e-09,-9.935891029827988e-10,0.0,0.0,-2.788020344847586e-11,0.0
55,2 C=[Pt] <=> C[Pt] + C#[Pt],2.1361329873805977e-07,4.924098014179483e-07,3.9777538787825945e-07,6.765719228192423e-07,5.496865289022228e-08,3.3376517638780464e-07,2.787965082619589e-07,-1.5313503946929866e-06,-1.2525539072123104e-06,-2.5150469068240766e-07,-4.0615401769430855e-07,0.0,0.0,-1.3574846792959894e-05,0.0
56,C[Pt] + C~[Pt] <=> C=[Pt] + C#[Pt],8.124749412164927e-05,0.00019318177965656983,0.00013887158956894582,0.00025080593962903994,3.1607775874714266e-05,0.00014354200586911984,0.00011193419458977224,-0.000576255294243157,-0.00046432174468928394,-9.91389563303557e-05,-0.00016896016478971755,0.0,0.0,-0.0027788326804022725,0.0
57,C=[Pt] + C~[Pt] <=> 2 C#[Pt],-1.1229007711817773e-11,4.839699914900912e-11,-7.66379240519863e-11,-1.6984599830788417e-11,4.509354072395353e-11,1.0473554647704136e-10,5.963821957101632e-11,-8.009018827664253e-12,5.162302169539031e-11,-1.753502185872886e-11,-5.926026443257034e-11,0.0,0.0,-3.9238804853410464e-11,0.0
58,C#[Pt] + O.[Pt] <=> C=[Pt] + O[Pt],-3.954836793904188e-05,-0.00028522617257021953,0.00026169300026924395,1.6014455589026824e-05,-0.000299049823419858,-0.000544726990498897,-0.00024567790177960696,0.0002160307663214577,-2.9647666200832922e-05,0.00016216954745302054,0.00015723424701616806,0.0,0.0,-0.0015028474195713686,0.0
59,C=[Pt] + O.[Pt] <=> C[Pt] + O[Pt],-5.178906083313105e-08,-5.261967736544291e-07,6.068005866358085e-07,1.3239288668212376e-07,-6.19124749550282e-07,-1.0935324663308937e-06,-4.7440770932617764e-07,2.2927690178719026e-07,-2.451308129347674e-07,3.033062133492624e-07,2.798442828844023e-07,0.0,0.0,-1.2371717917146027e-05,0.0
60,C~[Pt] + O.[Pt] <=> C#[Pt] + O[Pt],-0.003126556514090209,-0.017484452730235932,0.011924961552134955,-0.0024350958129020013,-0.016092540795854045,-0.030448575311211937,-0.014358345137918695,0.01886920039196322,0.004508145949112353,0.009803867375653716,0.010024073891248752,0.0,0.0,-0.04242866097416114,0.0
61,OC#[Pt] + [Pt] <=> O=C=[Pt] + [Pt],2.3075763843015594e-05,8.18012432506095e-05,-3.5137354586492673e-06,5.5211728354685874e-05,4.5981030174853494e-05,0.00010470652304837623,5.872546585846834e-05,-0.00016093901627253695,-0.00010221364493932045,-4.4255483185960815e-05,-3.077470653635139e-05,0.0,0.0,0.0016832488951749555,0.0
62,OC#[Pt] + [Pt] <=> C~[Pt] + O[Pt],0.01924067380638688,0.057416192598328065,0.015549189927336404,0.05372329974726203,0.022420666797218897,0.0605973993344516,0.03816817497790189,-0.13757457677634508,-0.09945891150364512,-0.030468886187809744,-0.02308966912008711,-0.08748906386701474,0.0,0.22603390620199265,0.0
63,C~[Pt] + O.[Pt] <=> OC#[Pt] + [Pt],0.0031635532484986183,0.009905554613108799,0.0020630599234624787,0.008804987095155462,0.0041115625517111854,0.010853627829097554,0.00674178808455193,-0.023041072761114428,-0.016300838056871745,-0.0052915827522311875,-0.0008716921695685913,0.0,0.0,-2.495634971982717e-06,0.0
64,CO + [Pt] <=> CO.[Pt],-6.010153305656154e-07,-1.3553854673761496e-06,-1.2132200823930937e-06,-1.9675902026562856e-06,-7.363749539127563e-08,-8.280076347922244e-07,-7.543701316717541e-07,4.40779472065773e-06,3.6534245510511987e-06,6.905794008715213e-07,7.994905040373767e-07,0.0,0.0,-9.708275459817362e-05,0.0
65,CO.[Pt] + [Pt] <=> C.[Pt] + O[Pt],-1.8535382149306344e-11,2.693519319544853e-10,-4.543708157972622e-10,-1.6646036379011904e-10,3.5689916168430683e-10,6.447944108994216e-10,2.878889694161266e-10,4.47076215309521e-11,3.325810996375534e-10,-1.5150855460196956e-10,-7.373544373391343e-11,0.0,0.0,9.505084175674825e-10,0.0
66,CO.[Pt] + [Pt] <=> C[Pt] + O[Pt],1.8217059832475796e-10,5.123292402720105e-10,2.423166588046549e-10,5.724919878734297e-10,1.3035835776795257e-10,4.6053503055645834e-10,3.3016162518135953e-10,-1.3801331755702997e-09,-1.0499756986044547e-09,-2.6573121825281456e-10,-2.008930961600765e-10,0.0,0.0,5.989080740783703e-11,0.0
67,CO.[Pt] + [Pt] <=> C[Pt] + O[Pt],7.358258468657017e-10,2.1001512191870015e-09,8.375739763264608e-10,2.2019038358705173e-09,6.481759074056124e-10,2.0124974142523826e-09,1.3643225901552592e-09,-5.44188388672002e-09,-4.077574514339636e-09,-1.1018300369408316e-09,-8.379009521270548e-10,0.0,0.0,4.915176607953521e-10,0.0
68,CO.[Pt] + [Pt] <=> C[Pt] + O.[Pt],1.0527194729829161e-10,2.266128553678603e-10,1.8792539715857204e-10,3.092777131978449e-10,3.4070934416623967e-11,1.554344210015869e-10,1.2134303376900862e-10,-7.225914764514859e-10,-6.012645636521447e-10,-1.236826268407303e-10,3.298901360112721e-12,0.0,0.0,-9.551551181422285e-10,0.0
69,CO.[Pt] + C~[Pt] <=> C[Pt] + OC#[Pt],-1.6515233532451616e-07,-3.452913847753155e-07,-3.7719424629355997e-07,-5.573332795471527e-07,1.7509112683784715e-08,-1.6262991831414103e-07,-1.8013903891779241e-07,1.215375024340053e-06,1.0352359765734287e-06,1.7353279773121382e-07,2.3787915861582419e-07,0.0,0.0,1.9979366831228888e-07,0.0
70,CO.[Pt] + [Pt] <=> C[Pt] + O[Pt],7.30863026493068e-10,2.110265843829294e-09,8.24791962138285e-10,2.2042173527909897e-09,6.499255274543949e-10,2.0293322274933547e-09,1.3794056464625914e-09,-5.457099769125004e-09,-4.077696389938916e-09,-1.1091167653438513e-09,-8.374011185876437e-10,0.0,0.0,4.915176607953521e-10,0.0
71,CO.[Pt] + [Pt] <=> C[Pt] + O[Pt],2.0975435499184605e-10,4.483337838433208e-10,3.040602866627923e-10,5.426419768751339e-10,1.2850376051624316e-10,3.670929054739866e-10,2.3858372297999027e-10,-1.3038156237054365e-09,-1.065244970114356e-09,-2.4683259809644453e-10,-2.0277247026826194e-10,0.0,0.0,6.092340753555836e-11,0.0
72,[CH]C + 2 [Pt] <=> C[Pt] + C#[Pt],-5.416073754676414e-08,1.4436859664134419e-08,-7.155758794241857e-08,-2.9599662134787845e-09,-3.91743894727839e-08,2.9423219023086073e-08,6.859760128461558e-08,-6.313577223696979e-08,5.461820160171679e-09,-2.3336557347160037e-08,-6.325133527805944e-09,0.0,0.0,-0.0,0.0
73,C.[Pt] + C~[Pt] <=> CC#[Pt] + [Pt],1.1279137210531244e-12,-2.0089977344588675e-11,1.0954077837112528e-11,-1.0269758037220904e-11,-7.348404204886374e-12,-2.8565712939205435e-11,-2.1221150796410253e-11,1.9753073039747828e-11,-1.4799179912675131e-12,4.218632233327235e-12,1.1796071530100034e-12,0.0,0.0,-7.847760970682093e-11,0.0
74,CC#[Pt] + [Pt] <=> C[Pt] + C~[Pt],-8.471885282576801e-12,1.0950256282275803e-11,-1.3459027651532576e-11,5.981287648051735e-12,-4.1874239834193785e-12,1.524692902767573e-11,1.943215843275939e-11,-2.0104015961773805e-11,-6.790211959933295e-13,-3.323770850500246e-12,-1.799400741879666e-13,0.0,0.0,1.4972701851959257e-11,0.0
75,CO.[Pt] + C~[Pt] <=> CC#[Pt] + O[Pt],5.492939821528716e-11,3.849128241671193e-11,1.0496416735883352e-10,8.853434263955823e-11,1.1815767396110948e-11,-4.617826538669058e-12,-1.6440222928032944e-11,-1.926175294891146e-10,-2.0906888516635644e-10,-3.208717244136776e-11,-4.514496527960318e-11,0.0,0.0,6.918420855732898e-11,0.0
76,[CH]C + 2 [Pt] <=> CC#[Pt] + [Pt],-5.4150523661401266e-08,1.4407838873637513e-08,-7.153094069250084e-08,-2.9725682975171327e-09,-3.9178343614094144e-08,2.938002209132435e-08,6.855836683139896e-08,-6.309105208176304e-08,5.467304562139317e-09,-2.3328844494289004e-08,-6.321514732980608e-09,0.0,0.0,5.16300063860664e-13,0.0
77,CO + 2 [Pt] <=> OC[Pt] + [Pt],-3.791935394635941e-07,-8.342830871968913e-07,-8.034864296880631e-07,-1.2585759637248172e-06,-1.3690566927316976e-08,-4.687801031311015e-07,-4.5508955288955707e-07,2.7944120070239337e-06,2.3393224389648633e-06,4.233705747196488e-07,5.043393588287345e-07,0.0,0.0,-3.971560331568521e-05,0.0
78,C=O + [Pt] <=> OC[Pt],2.7721612788550127e-11,-6.54926297836591e-11,6.720035637279293e-11,-2.5994149464174523e-11,-6.310296309275442e-12,-9.950200973321643e-11,-9.321267108539504e-11,8.698370995929565e-11,-6.23306636322082e-12,2.3266395953501723e-11,2.9990012364661103e-13,0.0,0.0,-1.032600127721328e-12,0.0
79,OC[Pt] + [Pt] <=> C=[Pt] + O[Pt],2.713885736600601e-10,7.432943437647817e-10,3.7184287461407203e-10,8.437565490690339e-10,1.848415260870387e-10,6.567521511995541e-10,4.719084253047655e-10,-2.033801968871041e-09,-1.5619054479837334e-09,-3.8856159615751914e-10,-2.909031199372127e-10,0.0,0.0,2.8241613493178323e-10,0.0
80,C=[Pt] + O.[Pt] <=> OC[Pt] + [Pt],1.0589996965817399e-07,3.3434725645839954e-07,6.66035013034976e-08,2.950508067271795e-07,1.397515195955837e-07,3.681988182198473e-07,2.2844729224754449e-07,-7.747470718808649e-07,-5.46299782667673e-07,-1.7882607326042265e-07,-2.409649509480736e-08,0.0,0.0,-1.0160785256777868e-09,0.0
81,OC[Pt] + C~[Pt] <=> C=[Pt] + OC#[Pt],1.4763137371117562e-11,-4.7369868591530144e-11,4.406003619525855e-11,-1.803790834742646e-11,-1.0486056159036272e-11,-7.258899260785045e-11,-6.212121759298002e-11,5.3669199718401144e-11,-8.461648750070722e-12,1.465868169964211e-11,-1.7594140587267847e-12,0.0,0.0,-1.0842301341073944e-11,0.0
82,OC[Pt] + [Pt] <=> CO.[Pt] + [Pt],-9.009261979000519e-07,-1.9767423357465355e-06,-1.9103243671038608e-06,-2.9861404786993042e-06,-3.1389944959339954e-08,-1.1072060775524947e-06,-1.0758161407714097e-06,6.6188378178271034e-06,5.543021606326537e-06,1.0023442275232857e-06,1.171863152010542e-06,0.0,0.0,-8.39275203561152e-05,0.0
83,CO.[Pt] + [Pt] <=> OC[Pt] + [H][H].[Pt],-2.557857671854919e-11,7.659956699843169e-12,-5.926575858225159e-11,-2.5994149464174523e-11,3.4292552956136413e-12,3.669956880731725e-11,3.325058220716607e-11,3.164753136127111e-11,6.489005121710613e-11,2.343684574070686e-13,7.737423190082564e-12,0.0,0.0,-7.599936940028975e-10,0.0
84,CO.[Pt] + O=C=[Pt] <=> OC[Pt] + O=C[Pt],-5.975436246645886e-11,-6.444809023368048e-11,-1.180846882786877e-10,-1.2276686943029457e-10,-9.506268931718088e-12,-1.4193740518856471e-11,-4.6883937806022654e-12,2.6493683877803907e-10,2.6023922606441786e-10,3.990655642940359e-11,5.7760763814337287e-11,0.0,0.0,-8.353735033265545e-10,0.0
85,CO.[Pt] + O=[Pt] <=> OC[Pt] + O[Pt],-3.2696965535862245e-11,-1.736198821989453e-10,1.930842397493506e-11,-1.2160070642973104e-10,-7.750816816106343e-11,-2.1841509382897858e-10,-1.409139933334306e-10,3.4497689235153503e-10,2.0405457479594415e-10,9.180851663336898e-11,7.565480452525174e-11,0.0,0.0,-1.516270027545998e-08,0.0
86,C=[Pt] + CO.[Pt] <=> OC[Pt] + C[Pt],-5.764892352049303e-13,-8.182226474832476e-12,4.400587511819001e-12,-3.178734630568375e-12,-4.8872720029323666e-12,-1.2476233104474296e-11,-7.603217545516173e-12,1.0202412090326607e-11,2.5942091846924642e-12,7.329340849821056e-12,5.998002472932221e-13,0.0,0.0,1.548900191581992e-12,0.0
87,C=[Pt] + CO.[Pt] <=> OC[Pt] + C[Pt],-1.0527194729829161e-12,-1.2708564524739803e-11,6.648272210163476e-12,-5.003215454030696e-12,-7.68666408098432e-12,-1.9346262762003e-11,-1.1659295059655634e-11,1.102963469224498e-11,-6.441995961987998e-13,6.200111009586997e-12,3.158947969077636e-12,0.0,0.0,-0.0,0.0
88,C[Pt] + CO.[Pt] <=> OC[Pt] + C.[Pt],-1.0301611985618537e-11,3.0813916724369112e-12,-1.6288943928363872e-11,-2.8965984207546137e-12,-5.155547077079012e-12,8.2310732689259e-12,1.3386598031456468e-11,-1.5103079322903638e-11,-1.7236691898292213e-12,-3.68597664831117e-12,6.397869304461035e-13,0.0,0.0,-5.111370632220574e-11,0.0
89,CO.[Pt] + C#[Pt] <=> C=[Pt] + OC[Pt],-1.8019048312557582e-10,-4.259632284812788e-10,-3.993025406878226e-10,-6.450762301181834e-10,8.561474105375555e-12,-2.372104579863684e-10,-2.457705371305188e-10,1.4076571275977657e-09,1.161874909544176e-09,2.0667036698623324e-10,2.5887378673175464e-10,0.0,0.0,-8.296942026240871e-10,0.0
90,CO.[Pt] + C~[Pt] <=> OC[Pt] + C#[Pt],-1.044197458201626e-10,-1.6709151001157895e-10,-2.381733364089115e-10,-3.0081362690343207e-10,1.0800987767817116e-11,-5.183307753404321e-11,-6.266099977166778e-11,6.329004925222756e-10,5.702385182352187e-10,9.053014322933042e-11,1.2793739274764427e-10,0.0,0.0,-1.0067851245282948e-10,0.0
91,CO.[Pt] + O[Pt] <=> OC[Pt] + O.[Pt],-1.1855626445736175e-11,1.8523168019620754e-11,-1.7913776240420117e-11,1.248922955442249e-11,-6.6485561853733864e-12,2.3737248698772524e-11,3.038202548613968e-11,-3.493135441737132e-11,-4.561629573083393e-12,-4.346469573731091e-12,-1.8993674497618697e-12,0.0,0.0,-2.323350287372988e-11,0.0
92,C=[Pt] + CO.[Pt] <=> OC[Pt] + C[Pt],8.346561535793121e-12,-2.0229249284585826e-11,2.362776987115125e-11,-4.946788212067944e-12,-4.8406154682981676e-12,-3.3410380079774026e-11,-2.8577610774526308e-11,2.0580295641666203e-11,-8.008967952741836e-12,1.0759642817324515e-11,2.17927423183204e-12,0.0,0.0,5.16300063860664e-13,0.0
93,C=[Pt] + CO.[Pt] <=> OC[Pt] + C[Pt],2.970172798773228e-11,-8.946481245566829e-11,6.89876719160548e-11,-5.016381810488672e-11,-4.1407674487851795e-12,-1.2330407003253168e-10,-1.1916848270629507e-10,1.1069742454762235e-10,-8.479059549967986e-12,2.154059185804967e-11,-7.797403214811887e-13,0.0,0.0,-1.548900191581992e-12,0.0
94,OC=[Pt] + [Pt] <=> O=C[Pt] + [Pt],3.1040937545862687e-09,1.0263280029247368e-08,1.2939216714367248e-09,8.453120600391405e-09,4.6634489421584545e-09,1.18226405188012e-08,7.159192725327622e-09,-2.2748947428325725e-08,-1.5589769514410135e-08,-5.491380794388022e-09,-1.7801871406247066e-09,0.0,0.0,7.204967391175566e-09,0.0
95,OC=[Pt] + [Pt] <=> C#[Pt] + O[Pt],1.7038053625038915e-06,4.649703062686694e-06,2.12619153162344e-06,5.072089266552947e-06,1.3399448813813426e-06,4.2858425794989686e-06,2.9458976523519943e-06,-1.233595352914485e-05,-9.390056254477308e-06,-2.4392480569037377e-06,-1.8472553647564412e-06,0.0,0.0,4.202170866462519e-06,0.0
96,C#[Pt] + O.[Pt] <=> OC=[Pt] + [Pt],0.003814113506639654,0.012077133584948023,0.0023588935113690347,0.010621793349164176,0.005067698660121742,0.013330822318486655,0.008262704929372193,-0.027924726717492368,-0.01966432912590673,-0.0064613262984086275,-0.0008667671441798997,0.0,0.0,-2.2305798397382997e-05,0.0
97,OC=[Pt] + [Pt] <=> OC#[Pt] + [Pt],8.810259398892739e-12,-3.0813916724369112e-12,1.990419582268902e-11,8.031477439365065e-12,-7.581686878057371e-13,-1.2638262105831106e-11,-1.1890630279093245e-11,-2.470387497547143e-11,-3.6597501384050737e-11,-7.0949723924139866e-12,-2.5991344049372954e-12,0.0,0.0,-1.548900191581992e-12,0.0
98,C.[Pt] + OC#[Pt] <=> OC=[Pt] + C[Pt],7.759907040839073e-07,2.4866018318885918e-06,4.3482387997918657e-07,2.1454350070304384e-06,1.0698855563730825e-06,2.7804966848268047e-06,1.7106111178434453e-06,-5.68227780798704e-06,-3.971666794914561e-06,-1.332217682180171e-06,-1.395179160622087e-07,0.0,0.0,-1.3924251312277407e-07,0.0
99,OC=[Pt] + C#[Pt] <=> C=[Pt] + OC#[Pt],6.2094094783655515e-06,1.9643060078238074e-05,3.841556751432799e-06,1.727520704863827e-05,8.249173236964192e-06,2.168282410923045e-05,1.3433649764408323e-05,-4.54140729920155e-05,-3.198042932986609e-05,-1.0507629738845544e-05,-1.2904563566723132e-06,0.0,0.0,-1.0625386646343972e-05,0.0
100,OC=[Pt] + C=[Pt] <=> C[Pt] + OC#[Pt],6.306290938154802e-11,2.591850803346934e-10,-4.423605969573131e-11,1.5190213536372898e-10,1.554945658021274e-10,3.51635338744547e-10,1.9612599903920727e-10,-4.6251770387866397e-10,-2.664026492280496e-10,-1.3891657657218977e-10,-2.07131018731926e-11,0.0,0.0,-1.7873791910792328e-08,0.0
101,OC=[Pt] + C~[Pt] <=> OC#[Pt] + C#[Pt],-2.4062159382466657e-12,1.7983489252131804e-11,-3.872517010400721e-12,1.65331818950864e-11,-1.1430850985378804e-12,1.9249045361188915e-11,2.0388344006434852e-11,-4.203794858839735e-11,-2.1659035072197485e-11,-4.197326009926593e-12,-1.4455185959766652e-11,0.0,0.0,-1.032600127721328e-12,0.0
102,OC=[Pt] + C~[Pt] <=> OC#[Pt] + C#[Pt],1.265769842515173e-11,-6.702462112362773e-12,2.0946796556258445e-11,1.5987718556113129e-12,5.517135220494056e-12,-1.382107381573581e-11,-1.9355046692946852e-11,-5.5398846976957744e-12,-2.489744385308875e-11,4.7939002651445854e-12,1.0796404451277997e-12,0.0,0.0,-1.032600127721328e-12,0.0
103,OC#[Pt] + [H][H].[Pt] <=> OC=[Pt] + [Pt],1.0533591253865e-07,3.921484714927686e-07,-3.3073895000521447e-08,2.537386924508284e-07,2.245676874025403e-07,5.113802658779295e-07,2.8681256664008337e-07,-7.565473098150314e-07,-4.6973474547145686e-07,-2.1339120209573195e-07,-3.553960417271691e-08,0.0,0.0,-3.491313965837305e-07,0.0
104,OC#[Pt] + O[Pt] <=> OC=[Pt] + O=[Pt],1.66006842759586e-07,1.85649809378064e-07,6.581543190563871e-07,6.77797315614786e-07,-2.5794882828286495e-07,-2.3830585505004114e-07,1.9642966507058905e-08,-1.2744864964891236e-06,-1.2548435318636001e-06,-7.822635317726773e-08,-1.3189919334106546e-07,0.0,0.0,-1.509001193836923e-05,0.0
105,OC#[Pt] + O.[Pt] <=> OC=[Pt] + O[Pt],6.204741106135986e-09,-9.770013635762467e-09,5.345747051634413e-08,3.748273592779087e-08,-3.450067609300592e-08,-5.047542032877437e-08,-1.5974745621828543e-08,-5.3383306573707837e-08,-6.935806291914194e-08,7.050421079283243e-09,1.0022262265438211e-09,0.0,0.0,-1.4215836936343355e-06,0.0
106,OC#[Pt] + O=C[Pt] <=> OC=[Pt] + O=C=[Pt],2.471685740314693e-06,8.00388076493857e-06,1.423592199435991e-06,6.955787207675144e-06,3.374555757615189e-06,8.906750861165132e-06,5.532194900260224e-06,-1.8407945956903617e-05,-1.2875752088816617e-05,-4.295370879455553e-06,-1.8993128679393662e-07,0.0,0.0,-9.708748545565877e-06,0.0
107,CO.[Pt] + C#[Pt] <=> OC=[Pt] + C[Pt],-4.8823499948239465e-09,-1.0941499559048482e-08,-9.846510891599389e-09,-1.590563572813798e-08,-6.060333924972721e-10,-6.66517639111329e-09,-6.05914748985789e-09,3.558613870781707e-08,2.9526975545771477e-08,5.56723094969431e-09,7.104234062356687e-09,0.0,0.0,2.518976381569794e-08,0.0
108,CO.[Pt] + OC#[Pt] <=> OC=[Pt] + OC[Pt],-2.030244697895624e-12,-4.683018982404119e-12,1.5842115042548404e-12,-1.0721175972922922e-12,-5.143882943420463e-12,-7.793594965262515e-12,-2.6526438495512817e-12,1.8549840164230193e-12,-8.008967952741836e-13,1.2783734040385562e-13,7.997336630576294e-14,0.0,0.0,-7.2282008940492966e-12,0.0
109,OC[Pt] + [Pt] <=> OC=[Pt] + [Pt],1.5730636696287575e-10,4.3102924529867507e-10,1.203323729770322e-10,3.940878578678615e-10,1.8913392727338502e-10,4.6286824817599637e-10,2.737312539865448e-10,-1.0673678299904347e-09,-7.936364917170241e-10,-2.4408409527776166e-10,-8.519162845721398e-11,0.0,0.0,-1.1581126732458554e-08,0.0
110,OC=[Pt] + [H][H].[Pt] <=> OC[Pt] + [Pt],5.965410346903192e-12,-1.523286843718812e-11,1.7548188970207463e-11,-3.6301525662703927e-12,-4.024126112199681e-12,-2.5211712611119488e-11,-2.1190306100485237e-11,1.0816562203872065e-11,-1.0376836738769857e-11,6.477091913795351e-12,1.0996337867042403e-12,0.0,0.0,-1.4972701851959257e-11,0.0
111,OC=[Pt] + O=C[Pt] <=> OC[Pt] + O=C=[Pt],1.4913525867257978e-11,1.0027579679794694e-10,2.5388004875878852e-11,1.107666759728826e-10,5.89038749756765e-12,9.125473356415485e-11,8.536269597247874e-11,-2.7572833363033787e-10,-1.9036968607669399e-10,-4.634103589639766e-11,-1.30556520494158e-11,0.0,0.0,-9.649648193555811e-10,0.0
112,OC[Pt] + O=[Pt] <=> OC=[Pt] + O[Pt],1.747764972645208e-10,-1.5666352350429245e-10,1.3536342589047917e-09,1.022217106316565e-09,-8.407507541082697e-10,-1.1721664045155636e-09,-3.3142625771428516e-10,-1.5536744505121452e-09,-1.885102126476661e-09,1.3324912114761884e-10,-2.1832729001473282e-11,0.0,0.0,-7.74765038829951e-08,0.0
113,OC=[Pt] + C[Pt] <=> C=[Pt] + OC[Pt],5.911069970297788e-09,9.876034400085297e-09,1.8240746662682903e-08,2.220571848419861e-08,-4.710210453995581e-09,-7.452523917406432e-10,3.964962282376966e-09,-4.5356339522317115e-08,-4.139139102776364e-08,-4.7783254158387156e-09,-5.183033883593343e-09,0.0,0.0,1.5840447369289875e-06,0.0
114,OC=[Pt] + C.[Pt] <=> OC[Pt] + C[Pt],2.852368476796568e-11,6.145374352374179e-12,4.462872750447824e-11,2.2269951494632876e-11,1.465015187513855e-11,-7.71258046458411e-12,-2.2377826893598314e-11,-6.942403018221016e-11,-9.180714785827761e-11,-1.1334910849141865e-11,-9.756750689303078e-12,0.0,0.0,-5.808375718432471e-10,0.0
115,OC=[Pt] + C=[Pt] <=> OC[Pt] + C#[Pt],1.3507393428345085e-10,3.7923749261223546e-10,1.762807655888356e-10,4.2045818894512103e-10,9.95650449093811e-11,3.4374452637847037e-10,2.4416661294241797e-10,-1.03588323641439e-09,-7.917213037283249e-10,-2.0262218454011116e-10,-1.0998337201200049e-10,0.0,0.0,-1.0914583350014438e-09,0.0
116,OC=[Pt] + C=[Pt] <=> OC[Pt] + C#[Pt],2.710752642931009e-10,7.571344928019983e-10,3.6023886385213697e-10,8.46314584038012e-10,1.9426614608314693e-10,6.803435737971055e-10,4.860661407343474e-10,-2.0710144522815813e-09,-1.584957347047712e-09,-4.0126010530430214e-10,-2.1352888803638704e-10,0.0,0.0,-2.1798188696197237e-09,0.0
117,OC[Pt] + C~[Pt] <=> OC=[Pt] + C#[Pt],4.796519520364207e-08,1.4962052408964415e-07,3.301572600374983e-08,1.346710801491279e-07,6.084325881494991e-08,1.6249861001144148e-07,1.0165534245285845e-07,-3.545019846023515e-07,-2.528466526604389e-07,-8.033882261499464e-08,-3.944804253747058e-08,0.0,0.0,-1.3510436811093083e-06,0.0
118,OC=[Pt] + O.[Pt] <=> OC[Pt] + O[Pt],8.850362997863517e-11,-5.708408640633126e-11,7.260156978345324e-10,5.804482289901778e-10,-4.6069828711174147e-10,-6.062639143767723e-10,-1.4558696476607033e-10,-9.065858369993908e-10,-1.0521868701914073e-09,6.389736397852716e-11,-1.4235259202425803e-11,0.0,0.0,-3.675953194675156e-08,0.0
119,2 OC=[Pt] <=> OC[Pt] + OC#[Pt],-2.6042274581648807e-11,4.369657117410535e-11,-5.106035540636755e-11,1.8696226170325235e-11,-4.4906914585416735e-12,6.5249078846387e-11,6.97398574864587e-11,-7.011338235047547e-11,-3.8303759773982695e-13,-1.3934270104020263e-11,-2.959014553313229e-12,0.0,0.0,-5.1630006386066405e-12,0.0
120,OC=[Pt] + CO.[Pt] <=> 2 OC[Pt],4.762302377779859e-13,-7.2073228948524366e-12,4.02145997233921e-12,-3.6301525662703927e-12,-2.6011018058566057e-12,-1.0272638686021693e-11,-7.680329285328712e-12,5.226542803029724e-12,-2.4549227855143455e-12,4.261244680128521e-13,2.1592808902555993e-12,0.0,0.0,-1.0326001277213281e-11,0.0
121,OC=[Pt] + C=[Pt] <=> OC[Pt] + C#[Pt],1.5447405028556457e-10,3.191938774809648e-10,2.2900657411506082e-10,3.9374929441608496e-10,9.025706624985836e-11,2.549850394352104e-10,1.647260985875421e-10,-9.598038243894728e-10,-7.950815881084971e-10,-1.8346788970293346e-10,-1.068444173844993e-10,0.0,0.0,-1.0914583350014438e-09,0.0
122,OC=[Pt] + C=[Pt] <=> OC[Pt] + C#[Pt],2.707243578021066e-10,7.631405952143754e-10,3.533197862566308e-10,8.457503116183845e-10,1.9954999863047e-10,6.919772560945243e-10,4.924201480949005e-10,-2.0695730795661177e-09,-1.5771573086937374e-09,-4.024319475913375e-10,-2.1416867496683315e-10,0.0,0.0,-2.1844655701944697e-09,0.0
123,OC=[Pt] + C~[Pt] <=> OC#[Pt] + C#[Pt],1.2006014941876591e-11,-7.050641962355644e-12,1.9592769629544907e-11,5.642724196275222e-13,5.470478685859856e-12,-1.3561827413564917e-11,-1.90465997336967e-11,-1.1756587887870218e-11,-3.0817115818158804e-11,-1.8110289890546212e-12,-2.119294207102718e-12,0.0,0.0,1.032600127721328e-12,0.0
124,OC=[Pt] + C~[Pt] <=> OC#[Pt] + C#[Pt],-7.51942480702083e-14,4.2303851774133864e-12,3.005939777304056e-12,7.335541455157788e-12,-2.7410714097592034e-12,1.5716813131610477e-12,4.302835081539579e-12,-2.236007760336937e-11,-1.8072410293360926e-11,-5.32655585016065e-13,7.797403214811887e-13,0.0,0.0,-6.711900830188632e-12,0.0
125,C=O + [Pt] <=> C=O.[Pt],-2.439814232169396e-07,-4.645199687097894e-07,-6.681706655454042e-07,-8.887091985241766e-07,1.2143228617267807e-07,-9.910625389740243e-08,-2.2053854256654306e-07,1.8998214241667423e-06,1.6792828626463296e-06,2.3381686058944938e-07,3.1015436865436066e-07,0.0,0.0,-7.126051959014592e-06,0.0
126,O=C[Pt] + [Pt] <=> C=O.[Pt] + [Pt],-6.511417087177927e-08,-1.0051743361384199e-07,-2.181092164659083e-07,-2.5351245682871905e-07,6.668191587974189e-08,3.12786617263233e-08,-3.540326438046878e-08,5.128245194611343e-07,4.774212479993015e-07,4.829362343372615e-08,7.191534988350215e-08,0.0,0.0,-4.9278708776236636e-06,0.0
127,C=O.[Pt] + C[Pt] <=> C.[Pt] + O=C[Pt],1.401119489041548e-11,-3.636738533175541e-11,3.651810621346414e-11,-1.3824674280874294e-11,-5.400493883908558e-12,-5.5770382267013675e-11,-5.036938844554934e-11,5.214009127243082e-11,1.7584907896237508e-12,9.800862764295597e-12,3.81872824110018e-12,0.0,0.0,-1.7037902107401913e-11,0.0
128,C=O.[Pt] + [Pt] <=> C=[Pt] + O=[Pt],3.5491685089138316e-11,8.516479130825633e-11,5.69368322683043e-11,1.0662867822894745e-10,1.701797100782416e-11,6.670733985859828e-11,4.96753827872365e-11,-2.678070505331801e-10,-2.1813991191283143e-10,-4.845035201306128e-11,-4.274576429043029e-11,0.0,0.0,5.16300063860664e-13,0.0
129,C=O.[Pt] + C#[Pt] <=> C=[Pt] + O=C[Pt],-1.349736752860239e-10,-3.593564231776425e-10,-1.929623773259464e-10,-4.1731707247586116e-10,-8.503153437082805e-11,-3.0939437809082685e-10,-2.243797405065209e-10,9.912884179655176e-10,7.668935030748253e-10,1.8197645406488848e-10,2.9268252733751594e-10,0.0,0.0,3.2217123984905435e-10,0.0
130,C=O.[Pt] + C=[Pt] <=> C[Pt] + O=C[Pt],-0.019663329184055695,0.06720600127735428,-0.033101609884232996,0.05375604453680849,-0.008087052587528171,0.07879233608564497,0.08688641522325137,-0.06256965074708001,0.02426239994960542,0.0010645352127376657,0.009598974734253049,0.0,0.0,-5.16300063860664e-13,0.0
131,C=O.[Pt] + C~[Pt] <=> O=C[Pt] + C#[Pt],-0.01966332923522538,0.06720600109264487,-0.03310161005301245,0.053756044234433704,-0.00808705253738406,0.07879233600234585,0.0868864150897401,-0.06256965001842223,0.024262400545472636,0.001064535321015893,0.00959897488306349,0.0,0.0,-3.975510491727113e-11,0.0
132,C=O.[Pt] + [Pt] <=> O=C[Pt] + [H][H].[Pt],-1.1642576076203917e-11,2.0037750367089747e-11,-1.15512037117932e-10,-8.381326339534129e-11,7.782309976984427e-11,1.0951540201706723e-10,3.1677502714990306e-11,1.1122383893066132e-10,1.428904347568527e-10,-1.6299260901491592e-11,-1.3835392370896988e-11,0.0,0.0,-1.1415394411959282e-09,0.0
133,C=O.[Pt] + O=[Pt] <=> O=C[Pt] + O[Pt],2.975436396138142e-10,3.265056543308151e-10,1.3363568753199272e-09,1.365332355611407e-09,-5.97355277055311e-10,-5.683815338595504e-10,2.8963169473588996e-11,-2.5171130408797443e-09,-2.488160002518224e-09,-1.2174376051127184e-10,-2.2560486634855724e-10,0.0,0.0,-1.493604454742515e-08,0.0
134,C=O.[Pt] + O[Pt] <=> O=C[Pt] + O.[Pt],1.376054739684812e-11,-3.997104677918163e-11,3.496097524774357e-11,-1.8771462492942238e-11,-4.525683859517323e-12,-5.824942598777285e-11,-5.373146030137596e-11,4.379266319852723e-11,-9.941566741338235e-12,1.2549365582978492e-11,0.0,0.0,0.0,-1.4869441839187124e-10,0.0
135,C=O.[Pt] + O=C=[Pt] <=> 2 O=C[Pt],1.3409640905853814e-12,-9.071825991564262e-11,5.2306060178944e-11,-3.974358742243181e-11,-4.257408785370677e-11,-1.3462989722737263e-10,-9.205599498820697e-11,1.2606371106204548e-10,3.4003292199358275e-11,3.781854653614062e-11,4.020660991022232e-11,0.0,0.0,8.054280996226359e-11,0.0
136,C=O.[Pt] + OC[Pt] <=> CO.[Pt] + O=C[Pt],4.8374966258500674e-12,-3.634997633925577e-11,1.9646930706613448e-11,-2.1517588268462845e-11,-7.919946754155314e-12,-4.9078584510977456e-11,-4.1177669059894893e-11,4.242649253778325e-11,1.2361667927058052e-12,7.670240424231338e-12,2.259247598137803e-12,0.0,0.0,4.130400510885312e-12,0.0
137,C=O.[Pt] + [Pt] <=> OC[Pt] + [Pt],4.9051714491132545e-11,2.2725698809034711e-10,-1.7682237635952102e-10,1.3918719684145548e-12,2.4362875972612967e-10,4.218425050324523e-10,1.7820523070677361e-10,-2.3425440045233943e-10,-5.606277566919285e-11,-1.4336957726292406e-10,-4.546485874482623e-11,0.0,0.0,-1.5096097567221955e-08,0.0
138,C=O.[Pt] + [H][H].[Pt] <=> OC[Pt] + [Pt],4.250981490902442e-11,-1.0342682444038243e-10,9.915539184323245e-11,-4.675937450646734e-11,-6.298632175616892e-12,-1.522262467747221e-10,-1.4592625642124552e-10,1.3187933662704736e-10,-1.4050515517092742e-11,3.042528701611764e-11,5.8180623987442535e-12,0.0,0.0,5.16300063860664e-13,0.0
139,C=O.[Pt] + O=C[Pt] <=> OC[Pt] + O=C=[Pt],8.985712644389891e-12,-3.675038316674757e-11,2.913865946287535e-11,-1.6589609137049153e-11,-8.386512100497308e-12,-5.411768645317422e-11,-4.572726170883459e-11,4.455721742151239e-11,-1.1839343930140105e-12,1.1270992178939937e-11,-1.1996004945864442e-13,0.0,0.0,2.065200255442656e-12,0.0
140,C=O.[Pt] + O[Pt] <=> OC[Pt] + O=[Pt],-6.717352827605275e-12,9.12231206981323e-12,-7.921057521274202e-12,7.918622955439561e-12,-5.692097225372303e-12,1.0143015484936245e-11,1.5838751357495153e-11,-2.7549019379039166e-11,-1.171746833085925e-11,-2.237153457067473e-12,7.997336630576295e-13,0.0,0.0,-1.2184681507111673e-10,0.0
141,C=O.[Pt] + C[Pt] <=> C=[Pt] + OC[Pt],9.12356876585194e-12,-4.545487941656935e-11,9.781490518578604e-11,4.32608855047767e-11,-6.727872294251526e-11,-1.218458090203204e-10,-5.4579689439313874e-11,-4.6926082145187736e-11,-1.015223742009514e-10,2.1348835847443887e-11,1.7754087319879374e-11,0.0,0.0,9.997118136534038e-09,0.0
142,C=O.[Pt] + C.[Pt] <=> OC[Pt] + C[Pt],-8.171108290295969e-12,4.700427974903763e-12,-9.748993872337479e-12,3.1411164692598737e-12,-6.811854056593084e-12,6.076087550880339e-12,1.2877660548693722e-11,-1.522841608077006e-11,-2.350457986130756e-12,2.3649907974713287e-12,-1.6194606676916996e-12,0.0,0.0,-0.0,0.0
143,C=O.[Pt] + C=[Pt] <=> OC[Pt] + C#[Pt],-1.792129579006631e-11,3.7864558686724756e-11,-2.991045481110207e-11,2.591891314155752e-11,-7.59335101171592e-12,4.821983080378637e-11,5.579805492835196e-11,-6.073819286206724e-11,-4.944667170823221e-12,-9.843475211096883e-12,3.0789746027718733e-12,0.0,0.0,6.247230772714035e-11,0.0
144,C=O.[Pt] + C#[Pt] <=> OC[Pt] + C~[Pt],-1.5707075831892244e-09,1.1275578125116644e-08,-2.8391358461752885e-08,-1.5545046842915337e-08,2.1533682033063422e-08,3.4379977826793304e-08,1.2846291492937982e-08,1.576692546094313e-08,2.8613204534763324e-08,-7.056791640080035e-09,-2.094562443572661e-09,0.0,0.0,-1.7608279439951343e-06,0.0
145,C=O.[Pt] + O.[Pt] <=> OC[Pt] + O[Pt],3.431364186937172e-11,-8.5669652090746e-11,8.087602833259967e-11,-3.9066460518878785e-11,-5.808738561957801e-12,-1.2576691085315518e-10,-1.1997044480034548e-10,1.0989526929727725e-10,-1.0080853140516354e-11,2.5652692974373693e-11,1.3795405687744106e-12,0.0,0.0,2.065200255442656e-12,0.0
146,OC=[Pt] + C=O.[Pt] <=> OC[Pt] + O=C[Pt],-3.4940260603290123e-11,6.653716933363771e-11,-7.026045722716552e-11,3.124188296671048e-11,-4.5373479931758725e-12,9.694195151177885e-11,1.0147904959329904e-10,-9.598288917410461e-11,5.484401967638431e-12,-1.589444265687938e-11,4.798401978345777e-13,0.0,0.0,-0.0,0.0
147,2 C=O.[Pt] <=> OC[Pt] + O=C[Pt],1.9776087242464782e-11,-5.872053170129775e-11,4.737740216570672e-11,-3.111021940213072e-11,-4.0124619785411315e-12,-8.250516749088716e-11,-7.849975112916293e-11,7.277052161724359e-11,-5.7455639660974035e-12,1.4360394572033115e-11,1.9993341576440736e-13,0.0,0.0,-0.0,0.0
148,OC=[Pt] + C=O.[Pt] <=> OC[Pt] + OC#[Pt],-9.574734254273189e-12,1.7391583507143923e-11,-1.3960017614416585e-11,1.3015883812741512e-11,-5.797074428299251e-12,2.1193393377470622e-11,2.6973686586425534e-11,-3.1133650654018785e-11,-4.161181175446301e-12,-3.6007517547086e-12,8.397203462105109e-13,0.0,0.0,4.646700574745976e-12,0.0
149,C=O.[Pt] + CO.[Pt] <=> 2 OC[Pt],-1.729467705614791e-11,3.7899376671724044e-11,-3.413501882244831e-11,2.1066170332760828e-11,-2.799392078051952e-12,5.2400179038792045e-11,5.519658335781417e-11,-4.899413864998367e-11,6.19824476342629e-12,-6.9458288286094885e-12,-2.359214306020007e-12,0.0,0.0,-1.548900191581992e-12,0.0
150,C=O.[Pt] + OC#[Pt] <=> OC=[Pt] + O=C[Pt],2.2508144922349018e-11,-5.638772670634551e-11,4.9814650633791094e-11,-2.9060029610817392e-11,-1.0147796282938326e-12,-7.989650056904254e-11,-7.888530982822561e-11,6.748131043528065e-11,-1.1404073932708484e-11,1.3934270104020263e-11,1.1196271282806812e-12,0.0,0.0,-4.130400510885312e-12,0.0
151,C=O.[Pt] + OC[Pt] <=> OC=[Pt] + OC[Pt],5.789957101406039e-12,-2.1604559692057667e-11,1.8766813204249646e-11,-8.61455893964684e-12,-5.388829750250008e-12,-3.277846697448247e-11,-2.7390089981413234e-11,3.133418946660506e-11,3.934840776781858e-12,1.0184374785507165e-11,1.6994340339974625e-12,0.0,0.0,-0.0,0.0
