,Reaction,SYNGAS Selec,SYNGAS Yield,CO Selectivity,CO % Yield,H2 Selectivity,H2 % Yield,CH4 Conversion,H2O+CO2 Selectivity,H2O+CO2 yield,Exit Temp,Peak Temp,Dist to peak temp,O2 Conversion,Max CH4 Conv,Dist to 50 CH4 Conv
0,[H][H] + 2 [Pt] <=> 2 [Pt],0.0021070335377774987,0.0030251235436048788,4.561966280176271e-06,0.0009226326699134803,0.4097473271555232,0.4106691595872948,0.0009180706617626389,-0.0015843288784980895,-0.0006662727619815768,-1.2270847628988397e-09,-1.2270847628988397e-09,0.0,-0.00021993973167324084,0.0008745816584400462,0.0
1,O=C=O + [Pt] <=> O=C=O.[Pt],-4.143533595639306e-05,-3.138454592118712e-05,-4.172489140008035e-05,-3.1674101408203695e-05,1.4705478534246912e-05,2.4756274222691543e-05,1.005079419833535e-05,3.433231275045939e-05,4.4383110401106156e-05,5.694076075340258e-11,5.694076075340258e-11,0.0,2.4128063498801344e-05,-4.1646745640002196e-05,0.0
2,[C-]#[O+] + [Pt] <=> O=C=[Pt],0.10060588529224697,0.07295750560756756,0.1012796291653217,0.07363106338857701,-0.030023776466707335,-0.057636075465817296,-0.027620591743841374,-0.07570374722864301,-0.1033034291495173,-1.304562038930357e-07,-1.304562038930357e-07,0.0,-0.05478356059248313,-0.025696042059881356,0.0
3,[O][O] + 2 [Pt] <=> 2 O=[Pt],0.029984351453844607,-0.9810788976843046,0.03581076670668315,-0.9753113735167269,-1.0996773555596262,-2.0993224340029992,-1.0107601792536502,-0.02340016824657377,-1.0339238279177092,-1.8665480370802637e-06,-1.8665480370802637e-06,0.0,-1.0171242275624968,-1.022594192444614,0.0
4,O=C=[Pt] + O=[Pt] <=> O=C=O.[Pt] + [Pt],-0.13801512467621865,-0.10023551814167206,-0.138939469889837,-0.10116021305190756,0.041202687060692404,0.07905009495549867,0.03783182016831394,0.10385534292105797,0.14172645345595314,1.7893309247813503e-07,1.7893309247813503e-07,0.0,0.07512126379770782,0.0453949527476024,0.0
5,C=[Pt] + [Pt] <=> C[Pt] + [Pt],-0.006473543652136029,0.7097390877951102,-0.009331727171884947,0.7068604322786936,0.547688893070823,1.2678707628389922,0.7162589987861926,0.010369749240187503,0.7267030222884762,1.319420378020404e-06,1.3194253477502359e-06,-0.04999999999999005,0.7207602073614454,0.7209051670284381,0.0
6,C[Pt] + [Pt] <=> C + 2 [Pt],-9.671239253245378e-07,1.0731831658770294e-10,-9.671217659184885e-07,1.0946912888978376e-10,-9.675422999410935e-07,-3.1105895263720465e-10,9.672312425924407e-07,-9.67127800570169e-07,1.0343591852436274e-10,3.2481894325956976e-13,3.2481894325956976e-13,0.0,-2.869135455037391e-07,-0.0,0.0
7,C=[Pt] + [Pt] <=> C#[Pt] + [Pt],-1.561801144392327e-06,3.623305092111898e-08,-1.5633555104224106e-06,3.467867910334827e-08,-1.260430035885748e-06,3.3760418409104735e-07,1.5980342165097394e-06,-1.5634248688351964e-06,3.460932757340978e-08,-6.983607280080751e-13,-6.983607280080751e-13,0.0,-3.688888423719785e-07,8.329349128000439e-05,0.0
8,O=C=[Pt] + [Pt] <=> C~[Pt] + O=[Pt],0.00020201966667174006,-0.018444596240178725,0.0002776955090332818,-0.01836893450878293,-0.014470484360303905,-0.03311436434720566,-0.018646578237106137,-0.0002509107086797725,-0.018897442159526254,-3.431496130940087e-08,-3.431496130940087e-08,0.0,-0.01875033348320098,-0.018616095301080982,0.0
9,C#[Pt] + [Pt] <=> C~[Pt] + [Pt],-5.120922509700922e-09,1.677020367755307e-06,3.203348004551383e-07,2.002476092028859e-06,-6.310650397663171e-05,-6.142436373543901e-05,1.682141283678525e-06,6.40589191293919e-07,2.32273048924303e-06,5.586885824064601e-12,5.586885824064601e-12,0.0,2.472921569738477e-06,8.329349128000439e-05,0.0
10,C~[Pt] + [H][H] <=> C=[Pt],0.0012193330442833677,0.001744966552564906,2.400813377125043e-06,0.0005280279251282494,0.23716573947490222,0.23769261318145143,0.0005256270991282834,-0.0009173659211005441,-0.0003917436438924266,-7.214228729795045e-10,-7.214228729795045e-10,0.0,-0.00013348311457658547,0.00045811420204002417,0.0
11,C + O=[Pt] + [Pt] <=> C[Pt] + O[Pt],-1.8558304449482402e-09,6.71000689209465e-07,-3.878739867441679e-09,6.689777723552862e-07,3.903590667657061e-07,1.0632155997205557e-06,6.728565174512224e-07,1.6458825366408552e-08,6.893153508525143e-07,9.094930411267954e-13,9.094930411267954e-13,0.0,7.787653655025829e-07,4.1646745640002196e-05,0.0
12,O=C=[Pt] + O[Pt] <=> O=C=O.[Pt] + [Pt],-1.5121495572236764e-06,-1.0916142444061312e-06,-1.522236040727301e-06,-1.1017007359335893e-06,4.434807771319175e-07,8.640161133469735e-07,4.205353159448657e-07,1.1094660570452362e-06,1.5300013847058367e-06,2.6147924932395367e-12,2.6147924932395367e-12,0.0,8.060904601487285e-07,0.0001249402369200066,0.0
13,O[Pt] + [Pt] <=> [Pt] + O=[Pt],8.914402754475697e-07,8.316094201713434e-09,8.915374438524014e-07,8.41325800742466e-09,8.72600659439025e-07,-1.052350329969999e-08,-8.831241754236553e-07,8.918729562513202e-07,8.748783999859652e-09,9.744568297787094e-14,9.744568297787094e-14,0.0,3.825514026248538e-07,-0.0,0.0
14,C + O[Pt] + [Pt] <=> C[Pt] + O.[Pt],-4.332132752246777e-05,0.002232993331554218,-4.0997043712397614e-05,0.0022353176682591834,-0.0004939679593381498,0.001782336441616631,0.0022763156451959437,3.3250673291372825e-05,0.0023095670753766374,4.1944357371523136e-09,4.1944357371523136e-09,0.0,0.0022884498183634995,0.002248924264560119,0.0
15,O + [Pt] <=> O.[Pt],8.997676407829785e-07,1.8485758059722052e-07,8.999600904940316e-07,1.8505003826209612e-07,8.624546362942238e-07,1.475445990076484e-07,-7.149100609851462e-07,9.06124911217109e-07,1.9121484956026636e-07,6.65878833682118e-13,6.65878833682118e-13,0.0,4.781892597459685e-07,-0.0,0.0
16,O.[Pt] + [Pt] <=> [Pt] + O[Pt],-1.3430432958221451e-06,4.2320503804658527e-07,-1.3425713970483905e-06,4.236769223638491e-07,-1.4345378497687448e-06,3.317104910471561e-07,1.7662483508473105e-06,-1.328517928078971e-06,4.3773039888839034e-07,1.2018300900604081e-12,1.2018300900604081e-12,0.0,1.3662560252875304e-08,-0.0,0.0
17,O.[Pt] + O=[Pt] <=> 2 O[Pt],-0.0134373700066012,0.7004764514750418,-0.012712592061517442,0.7012064044054342,-0.15396183575682326,0.5589486273162884,0.7140097656157296,0.01058843699924879,0.724673805089191,1.3155433878364993e-06,1.3155433878364993e-06,0.0,0.7180266453230505,0.7158242640603578,0.0
18,[H] + [Pt] <=> [Pt],-9.606122732346488e-07,6.618966501152989e-09,-9.659731519247892e-07,1.2580723124213284e-09,7.878852646474824e-08,1.0460197827423176e-06,9.672312425924407e-07,-9.679834369948668e-07,-7.522023939404648e-10,-2.2737326028169886e-13,-2.2737326028169886e-13,0.0,-2.3226334328164536e-07,8.329349128000439e-05,0.0
19,C + [Pt] <=> C.[Pt],-9.081748405451662e-07,4.497222838529643e-05,-1.0485390797813049e-06,4.483186407740238e-05,2.6306519647492956e-05,7.218693536897253e-05,4.588040363819334e-05,3.100829732898004e-07,4.619048676012819e-05,8.38844920967839e-11,8.38844920967839e-11,-0.04999999999999005,4.579686797518728e-05,-0.00016658698256000879,0.0
20,[CH3] + [Pt] <=> C[Pt],-0.00017038335304808805,-2.1514102663477428e-05,-0.00017059797553656693,-2.172872547060611e-05,-0.0001287710071146152,2.009830524559064e-05,0.00014886950403337928,-0.00013184690413268408,1.7022403631388604e-05,-2.140556836080565e-11,-2.140556836080565e-11,0.0,0.00011671916559770726,-0.0,0.0
21,[H][H] + [Pt] <=> [H][H].[Pt],-1.674592830433387e-07,4.212901671928858e-07,-4.6167563201760693e-07,1.2707380647756612e-07,5.68770400293761e-05,5.7465789829279365e-05,5.887494502824369e-07,-6.840492672744126e-07,-9.529982246525142e-08,-2.760961017706343e-13,-2.760961017706343e-13,0.0,-8.197529686823939e-08,0.00016658698256000879,0.0
22,[OH] + [Pt] <=> O[Pt],-2.5114398770203903e-07,1.1772037920418639e-09,-2.5114551511514365e-07,1.17567322374192e-09,-2.508487364947027e-07,1.4724500079190585e-09,2.523211816072946e-07,-2.505808175908616e-07,1.7403623594052234e-09,-1.786504187927634e-13,-1.786504187927634e-13,0.0,5.4650202222093754e-08,-0.0,0.0
23,[CH]=O + [Pt] <=> O=C[Pt],3.365747971322756e-07,1.465321570509451e-10,3.3657474963958417e-07,1.4648326550397066e-10,3.3658550745451643e-07,1.5726677849866273e-10,-3.3642826867514224e-07,3.3659444346076247e-07,1.6617338040306034e-10,3.410598904225483e-13,3.410598904225483e-13,0.0,2.0493826156530222e-07,-4.1646745640002196e-05,0.0
24,O=C=O + 2 [Pt] <=> O=C=[Pt] + O=[Pt],-4.549857664925951e-05,-3.216761301573368e-05,-4.579536222784578e-05,-3.246439862187843e-05,1.2044061179003546e-05,2.537503251299934e-05,1.3330969698523615e-05,3.216115419830138e-05,4.549212819063739e-05,5.841868694523363e-11,5.841868694523363e-11,0.0,2.38411499403678e-05,-0.0001249402369200066,0.0
25,O + 2 [Pt] <=> [Pt] + O[Pt],-0.008042914742099045,0.4196630362773898,-0.007576849168494514,0.4201310954015132,-0.09840661327851102,0.3289128157371459,0.4277403538114599,0.006368613046902497,0.43413620798635627,7.881408138525975e-07,7.881408138525975e-07,0.0,0.4301706093142713,0.4329595676734629,0.0
26,CC + 2 [Pt] <=> 2 C[Pt],-0.004004076263880198,-0.0005046896508966562,-0.004009110034821792,-0.0005097235980074093,-0.003028097375624896,0.00047132339200018177,0.003499526736697406,-0.0031033149290941283,0.0003961032062663817,2.547879790928065e-10,2.547879790928065e-10,0.0,0.00014211784625615042,0.003498326633760185,0.0
27,C=O + 2 [Pt] <=> O=C[Pt] + [Pt],-1.2565512538096187e-06,5.054702269803773e-09,-1.25653579993647e-06,5.0701440707780835e-09,-1.2595480748443486e-06,2.0578935551306218e-09,1.2616059677336593e-06,-1.2594289976984066e-06,2.1769539744905895e-09,4.872284148893547e-14,4.872284148893547e-14,0.0,-2.869135455037391e-07,4.1646745640002196e-05,0.0
28,C=O + 2 [Pt] <=> C=[Pt] + O=[Pt],-1.61695405418171e-07,-5.965082844476189e-06,-1.3880904295516856e-07,-5.942196492890078e-06,-4.599046179694803e-06,-1.0402433348560232e-05,-5.803387455554645e-06,-1.7439964895438926e-07,-5.977787083047883e-06,-1.0881434599195588e-11,-1.0832711757706652e-11,-0.04999999999999005,-5.806583788917973e-06,-4.1646745640002196e-05,0.0
29,CO + 2 [Pt] <=> C[Pt] + O[Pt],-1.2476776212756509e-05,3.7558851989098343e-06,-1.2499081913236073e-05,3.73357948657644e-06,-8.152007945363657e-06,8.080654179816326e-06,1.623266342630094e-05,-1.2272560551505973e-05,3.96010089204252e-06,1.2375601738189608e-11,1.2700420681449178e-11,-0.04999999999999005,7.541727660982691e-06,-8.329349128000439e-05,0.0
30,CC=O + 2 [Pt] <=> C[Pt] + O=C[Pt],-8.829063112014452e-07,2.1786263467603824e-10,-8.829064224705071e-07,2.1774928973128571e-10,-8.828842707797985e-07,2.399114256611179e-10,8.831241754236553e-07,-8.828825956220092e-07,2.4158416910825703e-10,1.5428899804829565e-12,1.5428899804829565e-12,0.0,-2.595884508575935e-07,0.0001249402369200066,0.0
31,C=C + 2 [Pt] <=> 2 C=[Pt],-2.4810309331943645e-07,-3.742636799324882e-07,-2.466596487937227e-07,-3.72820255271987e-07,-5.279669935917211e-07,-6.541275796963243e-07,-1.261605908036473e-07,-2.4880880610929253e-07,-3.749693879910506e-07,7.470835694970106e-13,7.470835694970106e-13,0.0,-4.508641521700204e-07,-0.0,0.0
32,C.[Pt] + [Pt] <=> C[Pt] + [Pt],-0.00012194745995880946,0.005061606653024027,-6.270424087079109e-05,0.005120852943004547,-0.011608392057299818,-0.006425433351099669,0.005183560434192852,0.0001448693909756365,0.005328437334572479,9.679328413033409e-09,9.679328413033409e-09,0.0,0.005271066482724879,0.0050392562224402665,0.0
33,O=C[Pt] + [Pt] <=> O=C=[Pt] + [Pt],5.393611206705613e-07,-7.334804285989602e-09,5.392742164372469e-07,-7.421706694270702e-09,5.562111626064884e-07,9.515267710951422e-09,-5.466959266475751e-07,5.389886042080102e-07,-7.707324156323163e-09,9.906977769416879e-13,9.906977769416879e-13,0.0,1.912757013124269e-07,4.1646745640002196e-05,0.0
34,C[Pt] + [H][H].[Pt] <=> C.[Pt] + [Pt],-5.443634914563279e-07,1.7054654806611346e-07,-6.634143021721909e-07,5.14957314129244e-08,2.253795060178427e-05,2.3252860832862465e-05,7.149100410860842e-07,-7.533998672245612e-07,-3.848982834228337e-08,9.094930411267954e-13,9.094930411267954e-13,0.0,-2.1860079595857253e-07,-0.0,0.0
35,C#[Pt] + [H][H].[Pt] <=> C=[Pt] + [Pt],-5.996019286084008e-07,7.325458440160733e-08,-6.504476415470389e-07,2.2408853109093283e-08,9.258681385917924e-06,9.931537992871064e-06,6.728565174512224e-07,-6.888422233468662e-07,-1.5985703026543342e-08,1.1855891428974297e-12,1.1855891428974297e-12,0.0,-2.1860079595857253e-07,8.329349128000439e-05,0.0
36,C=[Pt] + [H][H].[Pt] <=> C[Pt] + [Pt],-5.882887850427449e-07,4.6066106613659396e-10,-5.882931110244126e-07,4.5633554475316657e-10,-5.874505239334578e-07,1.2989198980175265e-09,5.887494502824369e-07,-5.882442248716863e-07,5.052253197996551e-10,-8.120473581489244e-14,-8.120473581489244e-14,0.0,-1.5028804641340595e-07,8.329349128000439e-05,0.0
37,C~[Pt] + [H][H].[Pt] <=> C#[Pt] + [Pt],-4.1732156022126367e-07,3.213754643083656e-09,-4.1952539818833103e-07,1.0099142641218656e-09,9.971388850031401e-09,4.3050671833193486e-07,4.205353159448657e-07,-4.2118865483599745e-07,-6.533324683436635e-10,8.93252093963817e-13,8.93252093963817e-13,0.0,-1.0930039151438502e-07,8.329349128000439e-05,0.0
38,[H][H].[Pt] + O=[Pt] <=> [Pt] + O[Pt],0.0017903052785634543,0.0025564081902427777,5.150999792257012e-06,0.0007712402355754827,0.3479071442482807,0.34867589872367055,0.0007660891963435099,-0.001344127653945763,-0.0005780487548169109,-1.0654386157857148e-09,-1.065324929155574e-09,-0.04999999999999005,-0.00019859882839725766,0.0006663479302400351,0.0
39,[H][H].[Pt] + O[Pt] <=> O.[Pt] + [Pt],-5.466108812332854e-07,8.502306177222157e-11,-5.465187263150444e-07,1.7719226852878436e-10,-5.644769287686509e-07,-1.7781005842407453e-08,5.46695906748513e-07,-5.464319952032926e-07,2.6391079594302565e-10,7.795654638229675e-13,7.795654638229675e-13,0.0,-1.5028804641340595e-07,-0.0,0.0
40,O=C=[Pt] + [H][H].[Pt] <=> O=C[Pt] + [Pt],1.0095864543595098e-06,3.0166698477024315e-10,1.0094952363818451e-06,2.104473445458783e-10,1.0272728110412243e-06,1.7988044963991405e-08,-1.0092847861263647e-06,1.0094557269012258e-06,1.7093711318181532e-10,6.009150450302041e-13,6.009150450302041e-13,0.0,3.68888855301781e-07,-0.0,0.0
41,C.[Pt] + O=C=[Pt] <=> C[Pt] + O=C[Pt],-5.887719379806278e-07,-2.2486425274778106e-11,-5.887720419182036e-07,-2.260240269561964e-11,-5.887517047186193e-07,-2.2557640871988643e-12,5.887494502824369e-07,-5.887801811177362e-07,-3.0721582335442464e-11,2.1113231311872037e-13,2.1113231311872037e-13,0.0,-1.5028804641340595e-07,4.1646745640002196e-05,0.0
42,O=C[Pt] + C#[Pt] <=> C=[Pt] + O=C=[Pt],1.5132090032640175e-06,-7.18179622962998e-10,1.513034317262386e-06,-8.928669651465686e-10,1.5470777269489516e-06,3.315056349230759e-08,-1.513927169240016e-06,1.5128813604969207e-06,-1.0458280966128564e-09,7.795654638229675e-13,7.795654638229675e-13,0.0,5.191769146449895e-07,-4.1646745640002196e-05,0.0
43,C=[Pt] + O=C[Pt] <=> C[Pt] + O=C=[Pt],-3.7607167986492896e-07,2.410121824815019e-09,-3.7608132192235333e-07,2.4004664405896234e-09,-3.7420099971572466e-07,4.280803529898187e-09,3.78481792310004e-07,-3.7602171898466764e-07,2.460081488699612e-09,3.085779960965913e-13,3.410598904225483e-13,-0.04999999999999005,-5.4650202222093754e-08,8.329349128000439e-05,0.0
44,O=C[Pt] + C~[Pt] <=> C#[Pt] + O=C=[Pt],2.524313378324536e-07,1.1013808086232974e-10,2.5243124984602124e-07,1.1004559824652645e-10,2.524491279627546e-07,1.279418453650775e-10,-2.523212015063567e-07,2.5244397713867753e-07,1.227784712411188e-10,1.6240947162978488e-14,1.6240947162978488e-14,0.0,1.5028805934320844e-07,-4.1646745640002196e-05,0.0
45,O=C[Pt] + O=[Pt] <=> O=C=[Pt] + O[Pt],9.334586354898662e-07,8.28090688904913e-09,9.337606068305947e-07,8.582884115646197e-09,8.749118285231835e-07,-5.026588243759514e-08,-9.251777189575791e-07,9.342601167900413e-07,9.082389105173368e-09,1.526649033319978e-12,1.526649033319978e-12,0.0,3.825514026248538e-07,-0.0,0.0
46,O=C[Pt] + O[Pt] <=> O=C=[Pt] + O.[Pt],-4.2030828505209555e-07,2.2703881672228138e-10,-4.2030821393711137e-07,2.2710490700008897e-10,-4.2032140339385317e-07,2.1391556372073744e-10,4.205353159448657e-07,-4.202905535221612e-07,2.447659830774632e-10,4.2226462623744074e-13,4.2226462623744074e-13,0.0,-1.0930039151438502e-07,8.329349128000439e-05,0.0
47,C.[Pt] + O=[Pt] <=> C[Pt] + O[Pt],4.877182325141267e-07,1.3708424172941147e-06,4.899444013826e-07,1.373068581464448e-06,5.609406604216832e-08,9.39218267119925e-07,8.831241754236553e-07,5.368262447138611e-07,1.419950438986794e-06,3.5567674286922892e-12,4.466260469819085e-12,-0.04999999999999005,1.6668311225195508e-06,-0.0,0.0
48,C=[Pt] + C.[Pt] <=> 2 C[Pt],-2.808314618936765e-07,4.807645922599609e-06,-3.0018963069794744e-07,4.788287749614196e-06,3.4724510726419783e-06,8.560928656938794e-06,5.088477394569499e-06,-1.6628518433316293e-07,4.922192201728523e-06,8.981243781127105e-12,8.981243781127105e-12,0.0,4.8638678426087145e-06,4.1646745640002196e-05,0.0
49,C.[Pt] + C#[Pt] <=> C=[Pt] + C[Pt],-1.5457831559373637e-07,1.3635818468871009e-08,-1.5168442823425722e-07,1.652969434501816e-08,-7.156631947182472e-07,-5.474490577916217e-07,1.6821413433757112e-07,-1.4894384349083053e-07,1.9270287789319843e-08,8.445292524748815e-13,8.445292524748815e-13,0.0,-1.3662547323072818e-08,-4.1646745640002196e-05,0.0
50,C.[Pt] + C~[Pt] <=> C[Pt] + C#[Pt],-3.4946040425798334e-08,7.1074906617320826e-09,-3.486330925902646e-08,7.190218218203715e-09,-5.098539886837714e-08,-8.931861628076683e-09,4.2053523634861746e-08,-3.4569348371659755e-08,7.484183722426236e-09,4.547465205633977e-13,4.547465205633977e-13,0.0,1.3662549909033316e-07,-0.0,0.0
51,C[Pt] + O.[Pt] <=> C.[Pt] + O[Pt],-4.553819699004025e-07,9.1328233315185e-06,-4.458725206624998e-07,9.142332782279042e-06,-2.299133933266554e-06,7.289071215250329e-06,9.58820533885656e-06,-1.4220739160178476e-07,9.445997943233644e-06,1.8222342716861865e-11,1.8222342716861865e-11,0.0,9.235883878148387e-06,-0.0,0.0
52,C#[Pt] + O[Pt] <=> C=[Pt] + O=[Pt],-6.0423191205709956e-06,2.7852825792966492e-05,-9.999610165711401e-08,3.379515083369293e-05,-0.0011581769448462335,-0.0011242821904488165,3.389514695467311e-05,5.514020200345464e-06,3.9409169033171664e-05,7.253207002986193e-11,7.277568423730661e-11,-0.04999999999999005,3.788625145890281e-05,-4.1646745640002196e-05,0.0
53,C=[Pt] + O[Pt] <=> C[Pt] + O=[Pt],-0.00016146443043580914,0.01755019313394204,-0.00023213621280518938,0.017479508834411805,0.013540821254793757,0.03125490572501351,0.01771168616244702,0.000257918548901261,0.017969650393075475,3.262617890055288e-08,3.262617890055288e-08,0.0,0.017822946906829503,0.01761657340572093,0.0
54,C~[Pt] + O[Pt] <=> C#[Pt] + O=[Pt],5.047700421316305e-07,1.2766602234909886e-10,5.047700182409806e-07,1.2761590384891301e-10,5.047750801844115e-07,1.3268986493571383e-10,-5.046423831136513e-07,5.047887625547339e-07,1.4638141893359158e-10,-1.6240947162978488e-13,-1.6240947162978488e-13,0.0,2.3226335621144784e-07,-0.0001249402369200066,0.0
55,2 C=[Pt] <=> C[Pt] + C#[Pt],8.33473455429878e-07,1.374390795514336e-05,7.780135613212707e-07,1.368844804899328e-05,1.1586383930827784e-05,2.4496819821136163e-05,1.2910434382578748e-05,1.159182011549647e-06,1.4069616541804158e-05,2.590431072495069e-11,2.590431072495069e-11,0.0,1.429102742206953e-05,0.00016658698256000879,0.0
56,C[Pt] + C~[Pt] <=> C=[Pt] + C#[Pt],-2.271772269488501e-05,0.0024420812939318346,-3.2558044390969066e-05,0.0024322407296938483,0.0018851851858016754,0.0043500312284152146,0.002464799576572382,3.526709139223017e-05,0.0025000675372335245,4.540546562142548e-09,4.540546562142548e-09,0.0,0.0024796981948140167,0.0024155112471201277,0.0
57,C=[Pt] + C~[Pt] <=> 2 C#[Pt],-1.177403779074717e-06,9.510730350012419e-11,-1.1774038406273993e-06,9.503337541468556e-11,-1.1773913779746284e-06,1.0753081870510069e-10,1.1774989005648738e-06,-1.1773942537106945e-06,1.0464033398163288e-10,1.1855891428974297e-12,1.1855891428974297e-12,0.0,-2.869135455037391e-07,0.0001249402369200066,0.0
58,C#[Pt] + O.[Pt] <=> C=[Pt] + O[Pt],8.061485229764688e-08,3.907486288481647e-06,8.591030960489581e-08,3.912781747625069e-06,-9.461001600517268e-07,2.880771244244412e-06,3.8268714268358395e-06,2.163912461422327e-07,4.043262687434804e-06,8.104232634326266e-12,9.484713143179438e-12,-0.04999999999999005,4.085102490035934e-06,-0.0,0.0
59,C=[Pt] + O.[Pt] <=> C[Pt] + O[Pt],6.837672530484897e-07,1.0910731364210917e-08,6.837253783725273e-07,1.0868849330252804e-08,6.918856484614539e-07,1.9029134665171275e-08,-6.728565174512224e-07,6.840471410211066e-07,1.1190619493199126e-08,1.3155167202012576e-12,1.3155167202012576e-12,0.0,2.3226335621144784e-07,-0.0,0.0
60,C~[Pt] + O.[Pt] <=> C#[Pt] + O[Pt],-3.993483882571645e-08,1.7033281949261972e-07,-3.974504604333251e-08,1.705226021397193e-07,-7.673251872956761e-08,1.33535157952454e-07,2.1026765797243285e-07,-3.4078043445034545e-08,1.7618962292002066e-07,6.171559921931826e-13,6.171559921931826e-13,0.0,2.3226335621144784e-07,4.1646745640002196e-05,0.0
61,CO + 2 [Pt] <=> CO[Pt] + [Pt],-1.0114030022134323e-05,3.637473630961907e-06,-1.013593748681788e-05,3.615566157066803e-06,-5.866474822470749e-06,7.885029424621702e-06,1.3751505034367543e-05,-9.91393746660129e-06,3.837566216061573e-06,1.4129624031791286e-11,1.4129624031791286e-11,0.0,8.088229670273826e-06,4.1646745640002196e-05,0.0
62,C=O + [Pt] <=> CO[Pt],2.061090649118881e-07,3.7894931568246595e-08,2.0420276946912732e-07,3.5988633657876446e-08,5.757128785889227e-07,4.074987614582162e-07,-1.6821413433757112e-07,4.002191636119883e-07,2.3200503952053523e-07,-2.760961017706343e-13,-2.760961017706343e-13,0.0,5.191769146449895e-07,-4.1646745640002196e-05,0.0
63,C.[Pt] + O=[Pt] <=> CO[Pt] + [Pt],-8.853766914114971e-05,0.0070879753562749954,-0.00010542013298599489,0.007071091680849149,0.0031847396556298085,0.010361487588446452,0.0071765193793303225,0.00010734195459414809,0.007283869037353489,1.32272770074162e-08,1.32272770074162e-08,0.0,0.007225125387138534,0.00720488699572038,0.0
64,CO[Pt] + [Pt] <=> C[Pt] + O=[Pt],1.680749333982772e-07,-1.39195990675433e-10,1.6807484571786606e-07,-1.392894083229525e-10,1.680927859906806e-07,-1.2133827791626147e-10,-1.6821413433757112e-07,1.680492925713118e-07,-1.6484313049503066e-10,7.146016751710536e-13,7.146016751710536e-13,0.0,2.1860080888837502e-07,-8.329349128000439e-05,0.0
65,C.[Pt] + C~[Pt] <=> CC#[Pt] + [Pt],1.2811142457400605e-06,1.950826432647026e-08,1.2812183366985234e-06,1.9612352220421432e-08,1.2609321170954231e-06,-6.738549461130672e-10,-1.2616059677336593e-06,1.2829603433301593e-06,2.1354357962799764e-08,3.2481894325956976e-13,3.2481894325956976e-13,0.0,4.2353905752387475e-07,-4.1646745640002196e-05,0.0
66,CC#[Pt] + [Pt] <=> C[Pt] + C~[Pt],5.7995951317376414e-11,5.799633808914608e-11,5.806725510092075e-11,5.8067277913560555e-11,4.413053084151351e-11,4.415112451315841e-11,0.0,7.092860084704795e-11,7.093467752817787e-11,5.034693620523331e-13,5.034693620523331e-13,0.0,9.56378571211147e-08,0.0001249402369200066,0.0
67,CO[Pt] + C~[Pt] <=> CC#[Pt] + O=[Pt],1.0935477397101823e-06,1.5589950955648498e-10,1.0935475412363446e-06,1.5568275565532274e-10,1.0935856526764624e-06,1.9381379504045725e-10,-1.0933918333960882e-06,1.0935607194851546e-06,1.6888780926944526e-10,9.906977769416879e-13,9.906977769416879e-13,0.0,3.4156376065563535e-07,-0.0001249402369200066,0.0
68,C=O + [Pt] <=> C=O.[Pt],-0.03371510207161203,-0.026970686498517443,-0.033798571846083834,-0.027054161904449717,-0.017531461904637263,-0.010785954471456702,0.006746690226583133,-0.018781927190730015,-0.012036504122588793,-1.8243244815860618e-08,-1.8243244815860618e-08,0.0,-0.005271162120569071,0.00587219113524031,0.0
69,O=C[Pt] + [Pt] <=> C=O.[Pt] + [Pt],9.457860069191994e-06,6.5982195956281205e-06,9.469760078500817e-06,6.6101196145572035e-06,7.150613448121446e-06,4.290973060152655e-06,-2.8596402041424606e-06,5.197870745547922e-06,2.338230399384241e-06,3.832863530462924e-12,3.832863530462924e-12,0.0,4.098765102008019e-07,-4.1646745640002196e-05,0.0
70,C=O.[Pt] + C[Pt] <=> C.[Pt] + O=C[Pt],-3.781914785489882e-07,2.9031623874949967e-10,-3.7819148302446417e-07,2.9030036023300636e-10,-3.781915242812623e-07,2.9028409305993767e-10,3.78481792310004e-07,-3.781808289218777e-07,3.009600535166634e-10,9.906977769416879e-13,1.7052994521127414e-12,-0.04999999999999005,-8.197529686823939e-08,8.329349128000439e-05,0.0
71,C=O.[Pt] + [Pt] <=> C=[Pt] + O=[Pt],-1.681419153889481e-07,7.222658915304657e-11,-1.681419721616234e-07,7.215474781896005e-11,-1.6812989298717475e-07,8.424551199853177e-11,1.6821413433757112e-07,-1.6813440288052957e-07,7.974308908134744e-11,1.0881434599195588e-12,1.5104080861569995e-12,-0.04999999999999005,-4.098764196921845e-08,-0.0,0.0
72,C=O.[Pt] + C#[Pt] <=> C=[Pt] + O=C[Pt],6.309997900650048e-07,1.9679803969227957e-10,6.309996004790587e-07,1.9660007020578827e-10,6.310368526584441e-07,2.338717992341016e-10,-6.308029938163606e-07,6.310103198557134e-07,2.0732124580143824e-10,6.171559921931826e-13,6.171559921931826e-13,0.0,3.5522630797870817e-07,-0.0,0.0
73,C=O.[Pt] + C=[Pt] <=> C[Pt] + O=C[Pt],1.2627686464416855e-07,1.1627943186723726e-10,1.2627684815285797e-07,1.1624264383151037e-10,1.262814424300516e-07,1.208471034779198e-10,-1.261605908036473e-07,1.2629286702270218e-07,1.3228796044852023e-10,1.0069387241046663e-12,1.0069387241046663e-12,0.0,5.4650202222093754e-08,-4.1646745640002196e-05,0.0
74,C=O.[Pt] + C~[Pt] <=> O=C[Pt] + C#[Pt],-4.1972723228190844e-08,8.080536351398742e-11,-4.197289619097672e-08,8.062164149611831e-11,-4.1937706281184856e-08,1.1582620921931587e-10,4.2053523634861746e-08,-4.197091636559421e-08,8.261930509870894e-11,1.0394206184306232e-12,1.0394206184306232e-12,0.0,5.4650202222093754e-08,-0.0,0.0
75,C=O.[Pt] + [Pt] <=> O=C[Pt] + [H][H].[Pt],7.157726854240554e-07,8.626208531153851e-10,7.153257179705816e-07,4.1565842576801053e-10,8.024348002372925e-07,8.752475627371367e-08,-7.149100609851462e-07,7.150050481526354e-07,9.498703397336336e-11,5.359512563782901e-13,5.359512563782901e-13,0.0,3.5522630797870817e-07,8.329349128000439e-05,0.0
76,C=O.[Pt] + O=[Pt] <=> O=C[Pt] + O[Pt],0.034818924691435445,0.027852056330756644,0.03490517590783337,0.027938301540226466,0.018096001227318376,0.011130297525181847,-0.006964443416379153,0.01938010302153121,0.012414309888848203,1.882228330506229e-08,1.882228330506229e-08,0.0,0.00543825510842614,-0.006413598828560339,0.0
77,C=O.[Pt] + O[Pt] <=> O=C[Pt] + O.[Pt],-1.0479499628793955e-06,3.3883410650363968e-09,-1.0479461853663094e-06,3.3921138319697053e-09,-1.0486830608367768e-06,2.655252630383437e-09,1.0513383097612263e-06,-1.047923440355357e-06,3.4148593720128686e-09,7.63324516659989e-13,7.63324516659989e-13,0.0,-3.1423865307968724e-07,-0.0,0.0
78,C=O.[Pt] + O=C=[Pt] <=> 2 O=C[Pt],1.2636345859906657e-07,2.0286770177495083e-10,1.2636344649175991e-07,2.0284515490383408e-10,1.2636734878079735e-07,2.067480552501217e-10,-1.261605908036473e-07,1.2639217909928412e-07,2.3158931844792583e-10,1.3155167202012576e-12,1.526649033319978e-12,-0.04999999999999005,1.7761315398935409e-07,-8.329349128000439e-05,0.0
79,C=O.[Pt] + [Pt] <=> CO[Pt] + [Pt],-0.001468243855216243,0.11613033526987944,-0.0017444582525655702,0.11585379604354536,0.05208592522931661,0.16974748422103203,0.11760030578435292,0.0017465162299344114,0.11934887592272726,2.1671937759320376e-07,2.1671937759320376e-07,0.0,0.118374711438631,0.11798523039812622,0.0
80,C=O.[Pt] + [H][H].[Pt] <=> CO[Pt] + [Pt],-1.6798556630363804e-07,2.2856818039665523e-10,-1.679855403433005e-07,2.2859411950500758e-10,-1.6798938170176308e-07,2.2475778465598359e-10,1.6821413433757112e-07,-1.6795046191057272e-07,2.63677103391615e-10,7.308426223340321e-13,7.308426223340321e-13,0.0,1.3662560252875304e-08,-4.1646745640002196e-05,0.0
81,C=O.[Pt] + O=C[Pt] <=> CO[Pt] + O=C=[Pt],-3.951301760628192e-07,6.141545879294462e-07,-3.9654679296368156e-07,6.127379623514913e-07,-1.2046682885742173e-07,8.88817966611037e-07,1.0092847662273026e-06,-3.7969125106983635e-07,6.295935115862698e-07,2.4848649159357088e-12,2.4848649159357088e-12,0.0,5.055143543921142e-07,0.0001249402369200066,0.0
82,C=O.[Pt] + O[Pt] <=> CO[Pt] + O=[Pt],-1.7209560298302188e-05,0.0012878795338229923,-2.018985215486013e-05,0.0012848992030692736,0.0005606280034055762,0.0018657246388311696,0.0013050893187138508,1.8746742846296394e-05,0.0013238363062334569,2.4052193110484623e-09,2.416815347322829e-09,-0.04999999999999005,0.001312861765196642,0.0011244621322800594,0.0
83,C=O.[Pt] + C[Pt] <=> C=[Pt] + CO[Pt],1.529106640120695e-06,-0.00018930982547378045,2.3053467625868005e-06,-0.00018853358682349171,-0.00014897316747019247,-0.00033981181233743124,-0.00019083892919746708,-2.9418791997566183e-06,-0.00019378080278090637,-3.5078821777317237e-10,-3.5078821777317237e-10,0.0,-0.00019219109239682647,-0.0001249402369200066,0.0
84,C=O.[Pt] + C.[Pt] <=> CO[Pt] + C[Pt],-1.3459069492445607e-06,-1.939304828028286e-10,-1.3459070412361137e-06,-1.9402997765697712e-10,-1.3458884434741589e-06,-1.7540384942557618e-10,1.3457130349024447e-06,-1.3459416110894248e-06,-2.2858726797980478e-10,2.760961017706343e-13,2.760961017706343e-13,0.0,-3.688888423719785e-07,-0.0,0.0
85,C=O.[Pt] + C=[Pt] <=> CO[Pt] + C#[Pt],-6.325597211666109e-07,1.0075280373660007e-06,-6.35106267388909e-07,1.0049814758851098e-06,-1.388203796671524e-07,1.501267394133024e-06,1.6400877600436633e-06,-6.050057805672758e-07,1.0350819783287903e-06,2.2087688141650744e-12,2.2087688141650744e-12,0.0,9.017283172698432e-07,-4.1646745640002196e-05,0.0
86,C=O.[Pt] + C#[Pt] <=> CO[Pt] + C~[Pt],-0.008854124193066751,0.7014699992874047,-0.010520885149449079,0.699791397877497,0.31430787945175104,1.026927703866252,0.7103870220296495,0.010512129532229072,0.7209738283658116,1.3091491482880158e-06,1.3091491482880158e-06,0.0,0.7150681840472826,0.7147414486737177,0.0
87,C=O.[Pt] + O.[Pt] <=> CO[Pt] + O[Pt],7.572119258945421e-07,2.4834237478016096e-10,7.57211908613323e-07,2.4831417541691374e-10,7.572153779811514e-07,2.5179057041064096e-10,-7.56963584620008e-07,7.572483656493107e-07,2.84781338419005e-10,4.2226462623744074e-13,4.2226462623744074e-13,-0.04999999999999005,3.5522630797870817e-07,-4.1646745640002196e-05,0.0
88,2 C=O.[Pt] <=> CO[Pt] + O=C[Pt],-4.200789410625412e-08,4.562999900338873e-11,-4.200803404993693e-08,4.549304006961063e-11,-4.198033466884225e-08,7.320318295877604e-11,4.2053523634861746e-08,-4.200808568046117e-08,4.5444213074311615e-11,1.1693481957344512e-12,1.1693481957344512e-12,0.0,5.4650202222093754e-08,0.00016658698256000879,0.0
89,[CH]C + 2 [Pt] <=> C[Pt] + C#[Pt],1.0094942074659087e-06,2.094152900058639e-10,1.0094940838815132e-06,2.0929440583239292e-10,1.0095187371573498e-06,2.339627574634241e-10,-1.0092847861263647e-06,1.009519033084561e-06,2.342498182639852e-10,1.299275773038279e-12,1.299275773038279e-12,0.0,3.68888855301781e-07,-4.1646745640002196e-05,0.0
90,[CH]C + 2 [Pt] <=> CC#[Pt] + [Pt],-7.989867829357211e-07,3.032441410594412e-11,-7.989869499798571e-07,3.0156553224601977e-11,-7.989552479451416e-07,6.18697875851882e-11,7.990171082548697e-07,-7.989904891355889e-07,2.6622974510702333e-11,8.770111468008385e-13,8.770111468008385e-13,0.0,-1.912757013124269e-07,-0.0,0.0
91,OC#[Pt] + [Pt] <=> O=C=[Pt] + [Pt],2.4983982941166454e-06,-0.0002433045036355198,3.4960822044096053e-06,-0.0002423068221779218,-0.00019093877742107086,-0.00043674120386415465,-0.00024580289579140334,-3.460523892569414e-06,-0.0002492634111677075,-4.512709578705203e-10,-4.512709578705203e-10,0.0,-0.0002473877948438986,-0.0002915272194800154,0.0
92,OC#[Pt] + [Pt] <=> C~[Pt] + O[Pt],0.007361282939455306,-0.6738041383341282,0.01012488308393137,-0.6710593614925962,-0.5284627394184304,-1.2059785813886814,-0.6811152824505011,-0.00919475471076024,-0.6902474102817433,-1.2534361056944515e-06,-1.2534361056944515e-06,0.0,-0.6849109874770457,-0.6851306125236761,0.0
93,C~[Pt] + O.[Pt] <=> OC#[Pt] + [Pt],5.910540586663627e-07,2.304607679436929e-09,5.910454426312963e-07,2.295981369680011e-09,5.927257666068283e-07,3.976329953063933e-09,-5.887494502824369e-07,5.911256391041173e-07,2.376185862743199e-09,8.770111468008385e-13,8.770111468008385e-13,0.0,2.3226335621144784e-07,-4.1646745640002196e-05,0.0
94,CC=O + 2 [Pt] <=> CC=[Pt] + O=[Pt],-4.020952784974549e-05,-0.0004512826399388215,-3.855822650281227e-05,-0.0004496313453876281,-0.00036037412456747434,-0.0007714459205379867,-0.00041107327738542114,-3.105219077951407e-05,-0.00044212534051699397,-8.023515126926263e-10,-8.023515126926263e-10,0.0,-0.00043724259117007693,-0.0004997609476800264,0.0
95,C.[Pt] + C#[Pt] <=> CC=[Pt] + [Pt],1.2217014866630072e-06,-7.127610157757692e-07,1.21854904056248e-06,-7.159134630194802e-07,1.8329172446798678e-06,-1.0154525784959369e-07,-1.9344624851848815e-06,1.1500840143614716e-06,-7.843784787158871e-07,-6.983607280080751e-13,-4.872284148893546e-13,-0.04999999999999005,-3.2790120040276007e-07,-0.0001249402369200066,0.0
96,CC=[Pt] + [Pt] <=> C[Pt] + C#[Pt],-2.522419777183017e-07,7.920431091737729e-11,-2.5224199857056884e-07,7.918046810426158e-11,-2.522367573952919e-07,8.444562010304134e-11,2.523211816072946e-07,-2.5222874413893524e-07,9.243439225795503e-11,2.598551546076558e-13,2.598551546076558e-13,0.0,-2.7325094646145636e-08,-8.329349128000439e-05,0.0
97,CO[Pt] + C#[Pt] <=> CC=[Pt] + O=[Pt],-2.046538505000364e-06,1.4024512220789978e-07,-2.0461241767144683e-06,1.4065944779814284e-07,-2.1268698986459005e-06,5.991374905525296e-08,2.1867836667921763e-06,-2.0346634403575908e-06,1.5212018894223207e-07,1.1206253542455158e-12,1.1206253542455158e-12,0.0,-4.098764972709994e-07,4.1646745640002196e-05,0.0
98,CC=[Pt] + [Pt] <=> CC#[Pt] + [Pt],8.968795757313991e-07,1.3755395591161114e-08,8.970373362508408e-07,1.3913147973876153e-08,8.662929572165923e-07,-1.6831220011821543e-08,-8.831241754236553e-07,8.976241705589732e-07,1.4499993642775262e-08,1.0556615655936018e-12,1.2343119843863651e-12,-0.04999999999999005,3.4156376065563535e-07,-0.0,0.0
99,CC#[Pt] + C.[Pt] <=> CC=[Pt] + C[Pt],1.7662867626366143e-06,3.8389417857525e-11,1.7662866699903109e-06,3.8275163332061526e-11,1.7663049284717203e-06,5.655782699275216e-11,-1.7662483508473105e-06,1.766287467256534e-06,3.909856148600782e-11,1.3804805088531716e-12,1.3804805088531716e-12,0.0,5.87489664190156e-07,-0.0001249402369200066,0.0
100,CC=[Pt] + C#[Pt] <=> CC#[Pt] + C=[Pt],1.3996954876136991e-07,1.3808959164225317e-08,1.4289729666203968e-07,1.6736694883201848e-08,-4.276806870420971e-07,-5.538412746987839e-07,-1.261605908036473e-07,1.456745886200009e-07,1.9514011144091013e-08,4.3850557340041923e-13,4.3850557340041923e-13,0.0,1.5028805934320844e-07,4.1646745640002196e-05,0.0
101,CC=[Pt] + C=[Pt] <=> CC#[Pt] + C[Pt],6.57968734036546e-08,8.560610395336e-06,3.132679498436397e-08,8.526140303287713e-06,6.749070174278391e-06,1.5243884266391072e-05,8.494813505460473e-06,2.6942305255926287e-07,8.764236578271026e-06,1.6906825996660607e-11,1.6906825996660607e-11,0.0,8.79868227330144e-06,-4.1646745640002196e-05,0.0
102,CC=[Pt] + C~[Pt] <=> CC#[Pt] + C#[Pt],2.1027268358406e-06,5.018224556539216e-11,2.1027268317132143e-06,5.017685359314499e-11,2.1027268241145613e-06,5.019075094017473e-11,-2.1026766195224527e-06,2.102734396879449e-06,5.7740036548532e-11,8.28288305311903e-13,8.28288305311903e-13,0.0,7.924279128256557e-07,4.1646745640002196e-05,0.0
103,CC=[Pt] + C~[Pt] <=> CC#[Pt] + C#[Pt],1.808365265147047e-06,6.333716279574853e-11,1.8083651941768347e-06,6.326751190251024e-11,1.8083789440972476e-06,7.704162023618702e-11,-1.8083018943812343e-06,1.8083722785869497e-06,7.035943432470556e-11,5.034693620523331e-13,5.034693620523331e-13,0.0,6.558024137353225e-07,-0.0001249402369200066,0.0
104,CC#[Pt] + [H][H].[Pt] <=> CC=[Pt] + [Pt],4.002049017975053e-06,5.221601500573272e-06,3.555097136411453e-07,1.5750621470110339e-06,0.0007110158200046928,0.000712235381123513,1.2195524241997354e-06,-2.401120569907391e-06,-1.1815681634308144e-06,-1.8189860822535909e-12,-2.760961017706343e-13,-0.04999999999999005,-3.5522629504890566e-07,4.1646745640002196e-05,0.0
105,CC#[Pt] + O[Pt] <=> CC=[Pt] + O=[Pt],4.236664239546055e-08,3.131013678669289e-10,4.2366207031031396e-08,3.1266256736331657e-10,4.2451256557063165e-08,3.9774214518158037e-10,-4.2053543533923814e-08,4.241754991380133e-08,3.6400311334720567e-10,4.0602367907446226e-13,6.496378865191395e-13,-0.04999999999999005,1.5028805934320844e-07,-0.0,0.0
106,CC#[Pt] + O.[Pt] <=> CC=[Pt] + O[Pt],-4.710434939067249e-06,0.00027973964356139226,-4.4191217841108385e-06,0.0002800309575354106,-6.119204485822753e-05,0.00022325787299425862,0.0002844500918918698,4.872699297088395e-06,0.0002893228050616269,5.263041337634809e-10,5.265315070237626e-10,-0.04999999999999005,0.00028694087742532094,0.0002915272194800154,0.0
107,CC#[Pt] + O=C[Pt] <=> CC=[Pt] + O=C=[Pt],-1.6808319948789025e-07,1.309398164645554e-10,-1.680832884528565e-07,1.308345244240597e-10,-1.6806436706557567e-07,1.4977182040248588e-10,1.6821413433757112e-07,-1.6806529964808668e-07,1.4884417889845734e-10,2.1113231311872037e-13,2.1113231311872037e-13,0.0,5.4650202222093754e-08,8.329349128000439e-05,0.0
108,CC=[Pt] + C=O.[Pt] <=> CC#[Pt] + CO[Pt],1.09082840954593e-06,6.282395494442812e-07,1.089374940586569e-06,6.267860762135147e-07,1.372635178726683e-06,9.100463439197061e-07,-4.6258885947878956e-07,1.1083062861618157e-06,6.457174347687974e-07,2.1275640783501823e-12,2.1275640783501823e-12,0.0,9.837036141380827e-07,-4.1646745640002196e-05,0.0
109,CC#[Pt] + C=O.[Pt] <=> CC=[Pt] + O=C[Pt],-6.719238798313644e-07,9.326370338328133e-10,-6.719205586925598e-07,9.359460397848193e-10,-6.725683510037184e-07,2.881738621396549e-10,6.728565174512224e-07,-6.72590025672009e-07,2.6649939035865097e-10,1.2830348258753007e-12,1.2830348258753007e-12,0.0,-2.1860079595857253e-07,-4.1646745640002196e-05,0.0
110,CC=[Pt] + C~[Pt] <=> CC#[Pt] + C#[Pt],7.149940731121164e-07,8.400746870720768e-11,7.149939452877904e-07,8.388830118432689e-11,7.15019181276905e-07,1.091316835411773e-10,-7.149100609851462e-07,7.150006151150824e-07,9.054687549656155e-11,5.684331507042471e-13,5.684331507042471e-13,0.0,2.0493826156530222e-07,-4.1646745640002196e-05,0.0
111,CC=[Pt] + C~[Pt] <=> CC#[Pt] + C#[Pt],7.149715680165248e-07,6.150909527872353e-11,7.149715117348159e-07,6.145403538442385e-11,7.149822366742686e-07,7.220264243622815e-11,-7.149100609851462e-07,7.149786505172522e-07,6.859775201407164e-11,-3.2481894325956976e-13,-2.923370489336128e-13,-0.04999999999999005,2.595884508575935e-07,-0.0,0.0
