,Reaction,SYNGAS Selec,SYNGAS Yield,CO Selectivity,CO % Yield,H2 Selectivity,H2 % Yield,CH4 Conversion,H2O+CO2 Selectivity,H2O+CO2 yield,Exit Temp,Peak Temp,Dist to peak temp,O2 Conversion,Max CH4 Conv,Dist to 50 CH4 Conv
0,[H][H] + 2 [Pt] <=> 2 [Pt],0.068313607236152,0.08568748039704206,-0.001068236123447353,0.016293590953106264,0.2980279144004516,0.3154416705881576,0.01736201254383273,-0.013042786847860477,0.004316961205682396,6.399019302432642e-08,6.399019302432642e-08,0.0,0.00523300560808117,0.019576634766335952,0.0
1,O=C=O + [Pt] <=> O=C=O.[Pt],-0.0085041196390993,-0.006864800423299291,-0.011281268272337958,-0.009641994586721632,0.0006906601949614647,0.002330130155390266,0.0016394586373364142,0.001628260354258225,0.003267745686252755,9.743368952696586e-08,9.743368952696586e-08,0.0,0.0023772897433829198,0.001183900158655306,0.0
2,[C-]#[O+] + [Pt] <=> O=C=[Pt],0.14960528977917564,0.11621800829417361,0.19850809137705477,0.1651045069660769,-0.012305559565517989,-0.045638864171756166,-0.03333740696071029,-0.028684068449472033,-0.062011912885556825,-1.8748193740086234e-06,-1.8748193740086234e-06,0.0,-0.046333745960303686,0.011936250528156887,0.0
3,[O][O] + 2 [Pt] <=> 2 O=[Pt],0.537209136717261,-1.694370259152866,0.987212434193988,-1.2543554832926038,-0.9526935625489888,-3.1512022556008787,-2.2196552053036127,-0.10585505407854698,-2.323160642164236,-8.07304781320988e-05,-8.073047590716412e-05,-0.04999999999999005,-2.2469413518064543,-2.2075974847702873,0.0
4,O=C=[Pt] + O=[Pt] <=> O=C=O.[Pt] + [Pt],-0.6365765112811679,-0.5136283826684638,-0.8444675935572072,-0.7217767006417354,0.05172396645579622,0.1755237691824718,0.12373580166213143,0.12188567741197524,0.24577229529415756,7.333140942002163e-06,7.333140942002163e-06,0.0,0.17903273488108207,0.08016695360037357,0.0
5,C=[Pt] + [Pt] <=> C[Pt] + [Pt],-0.11026561409124784,1.00430214152622,-0.32868855877186176,0.7834420377849409,0.6129044975191861,1.7355413714818306,1.1157980972414112,0.03260627702273956,1.1487681944827473,4.0105398917347e-05,4.0105398917347e-05,0.0,1.1222794015120836,1.0969173227129596,0.0
6,C[Pt] + [Pt] <=> C + 2 [Pt],3.6888897735469335e-08,-1.0585660367647556e-10,3.691586403126816e-08,-7.887244979582282e-11,3.6799577386918866e-08,-1.9517426356601206e-10,-3.699475378453039e-08,3.6843948375183614e-08,-1.5080393495812066e-10,-1.4129147185225263e-12,-1.4129147185225263e-12,0.0,5.909021873437503e-09,4.228214852340378e-06,0.0
7,C=[Pt] + [Pt] <=> C#[Pt] + [Pt],3.274647302544721e-08,2.8122122651675814e-08,3.4690058440207635e-08,3.0065700446551055e-08,2.6311513166390194e-08,2.1687164638508593e-08,-4.62435604391373e-09,4.973570642958675e-08,4.511134642858227e-08,6.658563616025699e-13,6.983371597295244e-13,-0.04999999999999005,5.2524710482954055e-08,-8.456429704680756e-06,0.0
8,O=C=[Pt] + [Pt] <=> C~[Pt] + O=[Pt],0.0002177761468855314,-0.002679181431243794,0.0008743145463775946,-0.0020226620513401515,-0.0019559375549221577,-0.00485283216161226,-0.002896951269251981,-5.7343198013651655e-05,-0.00295429280606363,-1.0307885224143057e-07,-1.0307885224143057e-07,0.0,-0.002891267229868259,-0.0028202193065110324,0.0
9,C#[Pt] + [Pt] <=> C~[Pt] + [Pt],-1.5311492474388193e-06,-5.135991442963662e-08,-4.774283171960116e-07,1.0023610370236684e-06,-5.019882942708054e-06,-3.5400936607081366e-06,1.4797893543183602e-06,3.679776507703172e-07,1.8477670035157551e-06,-1.4507548483404283e-10,6.440942268575103e-11,-0.04999999999999005,1.7805884188421859e-06,-8.456429704680756e-06,0.0
10,C~[Pt] + [H][H] <=> C=[Pt],0.1382071832937915,0.17385700121414935,-0.0026302460815032683,0.0329694328474047,0.6045016912686377,0.6403175129030096,0.03560061531269992,-0.026385918226133502,0.00920530353731421,1.449491670101271e-07,1.449491670101271e-07,0.0,0.011025780420938349,0.03892494593064552,0.0
11,C + O=[Pt] + [Pt] <=> C[Pt] + O[Pt],-3.353515734058374e-08,4.843910964816218e-07,-1.1789143313731578e-07,4.000348363618417e-07,2.4575751989056043e-07,7.63683783622866e-07,5.179262557735471e-07,7.084589377866081e-08,5.887721404224167e-07,2.0755230003124007e-11,2.0755230003124007e-11,0.0,5.823679564973347e-07,-2.114107426170189e-05,0.0
12,O=C=[Pt] + O[Pt] <=> O=C=O.[Pt] + [Pt],-2.0748952449141056e-05,-1.6702654268680988e-05,-2.7558286330729407e-05,-2.3511988417450503e-05,1.795871063537596e-06,5.842170171198459e-06,4.046299028590546e-06,4.010220596411165e-06,8.056519791298586e-06,2.4198194604581195e-10,2.4198194604581195e-10,0.0,5.862416680508106e-06,-1.2684644557021135e-05,0.0
13,O[Pt] + [Pt] <=> [Pt] + O=[Pt],-6.114421209378959e-06,-5.263529653049651e-05,1.4900821224771728e-05,-3.162006386907956e-05,-7.569317014273842e-05,-0.00012221401309671617,-4.6520878168343675e-05,1.886557216952043e-06,-4.463432182887392e-05,-1.5400283219923632e-09,-1.5400283219923632e-09,0.0,-4.3705829871307824e-05,-5.9195007932765296e-05,0.0
14,C + O[Pt] + [Pt] <=> C[Pt] + O.[Pt],-0.0013089894702438527,0.003940138515922219,-0.001627706413543779,0.0036214048425320684,-0.0002537589046300513,0.004995424472653551,0.005249196697591983,0.00025656471026909113,0.005505774875443012,1.9319620950950177e-07,1.9319620950950177e-07,0.0,0.005372483065388686,0.005171106764412283,0.0
15,O + [Pt] <=> O.[Pt],1.4330021176038846e-07,-5.439280701310191e-11,1.4331394707529493e-07,-4.066507574537498e-11,1.4325469747782897e-07,-9.991369692315437e-11,-1.4335460505604814e-07,1.4324899118893187e-07,-1.0561252474624821e-10,-3.1408931788765125e-11,-1.3804339203955717e-12,-0.04999999999999005,-2.6262524031654383e-09,8.456429704680756e-06,0.0
16,O.[Pt] + [Pt] <=> [Pt] + O[Pt],6.462805535674463e-08,-1.1273435390509674e-10,6.465882188284027e-08,-8.197988872044334e-11,6.452617215327966e-08,-2.1462855699921227e-10,-6.474079548123332e-08,6.445006460902422e-08,-2.907413597514923e-10,-9.094623475547296e-13,-9.094623475547296e-13,0.0,1.3131169948457726e-08,-4.228214852340378e-06,0.0
17,O.[Pt] + O=[Pt] <=> 2 O[Pt],-2.3068138079192547e-08,5.354664846762486e-11,-2.308341630375456e-08,3.827799766237103e-11,-2.3017573070218768e-08,1.0413424976533303e-10,2.3121685652789197e-08,-2.2919930755044448e-08,2.0175210704353197e-10,-1.844746929620388e-10,-1.5753187091572994e-12,-0.04999999999999005,-3.4141097106411765e-08,4.228214852340378e-06,0.0
18,[H] + [Pt] <=> [Pt],-8.008965924209822e-08,1.2397155635276163e-08,-9.125150565476667e-08,1.2353199703157364e-09,-4.3134229821295194e-08,4.935259623693685e-08,9.248682366839633e-08,-9.231221088242153e-08,1.7461071676944116e-10,1.7864438969825044e-13,1.7864438969825044e-13,0.0,1.1818043746875006e-08,4.228214852340378e-06,0.0
19,C + [Pt] <=> C.[Pt],-2.4750233352569908e-05,0.00013552016386913194,-4.8401340571320893e-05,0.00011186901875266017,5.355552283207621e-05,0.00021382604555577776,0.00016027043688849563,4.406965462848667e-06,0.00016467740940805827,5.5941678614053955e-09,5.761525173754529e-09,-0.04999999999999005,0.00016092987113776664,0.00015221573468425362,0.0
20,[CH3] + [Pt] <=> C[Pt],-2.2996638504981707e-05,-3.449550380698568e-06,-2.3788373198434023e-05,-4.241285222607777e-06,-2.037530740319382e-05,-8.282187606485094e-07,1.9547092623489425e-05,-2.0802363900880507e-05,-1.25527534790945e-06,-1.3703648729762157e-10,-1.370202468985581e-10,-0.04999999999999005,1.2189677259010849e-05,4.228214852340378e-06,0.0
21,[H][H] + [Pt] <=> [H][H].[Pt],1.8293442379505241e-06,2.319524453969319e-06,-5.549550373876445e-08,4.346847154583273e-07,8.069804773625533e-06,8.559985025886528e-06,4.901802140768442e-07,-3.6968559023010467e-07,1.204946168741225e-07,2.338617465140733e-12,2.338617465140733e-12,0.0,1.313118068965083e-07,-2.536928911404227e-05,0.0
22,[OH] + [Pt] <=> O[Pt],1.62017596787867e-07,1.6560841481093216e-10,1.6199390131527315e-07,1.4192521052085023e-10,1.6209601100015446e-07,2.4403213150912724e-10,-1.6185197519354338e-07,1.6212960803751137e-07,2.776351871863751e-10,-1.2095849222477904e-10,-1.7377226997920727e-12,-0.04999999999999005,2.560579214068567e-08,-0.0,0.0
23,[CH]=O + [Pt] <=> O=C[Pt],-7.413349061715662e-08,-1.4404222008774775e-10,-7.409650178226707e-08,-1.070371462307925e-10,-7.425595586408631e-08,-2.6650277572704235e-10,7.398945353090109e-08,-7.435112894080739e-08,-3.6168059252167093e-10,6.77224640947004e-12,6.77224640947004e-12,0.0,-4.3332919139244486e-08,-0.0,0.0
24,O=C=O + 2 [Pt] <=> O=C=[Pt] + O=[Pt],-2.666536516541751e-05,-2.14306117019504e-05,-3.535136965651268e-05,-3.011661663844014e-05,2.0928719815843572e-06,7.327626958935713e-06,5.234754857281516e-06,5.024203865630022e-06,1.0258958985982505e-05,3.061802435437378e-10,3.061802435437378e-10,0.0,7.482804684809141e-06,-4.228214852340378e-06,0.0
25,O + 2 [Pt] <=> [Pt] + O[Pt],-0.46002182354469184,1.3987438700238686,-0.5700080940876793,1.2867037643264654,-0.09587151112904177,1.7696941649231481,1.8673559384084983,0.09028135551490528,1.959323168176877,6.875184699433537e-05,6.875184699433537e-05,0.0,1.91175801582358,1.8591122448552455,0.0
26,CC + 2 [Pt] <=> 2 C[Pt],-0.012029907054587244,-0.0018405958758723037,-0.01246023139573859,-0.0022709640693822186,-0.010605158833771123,-0.00041570246557031575,0.010190537090857764,-0.010829929002075571,-0.0006404955391477255,-3.359152774010303e-08,-3.359152774010303e-08,0.0,-0.0007654554004397351,0.010228051727811376,0.0
27,C=O + 2 [Pt] <=> O=C[Pt] + [Pt],2.410952303242063e-07,1.1161362775979887e-07,2.5596338291255074e-07,1.264818040543816e-07,1.9186871987095257e-07,6.238712482384843e-08,-1.2948159096246664e-07,2.165483505269083e-07,8.706675968366803e-08,1.6402803054112087e-12,1.6402803054112087e-12,0.0,7.878708106899267e-08,-8.456429704680756e-06,0.0
28,C=O + 2 [Pt] <=> C=[Pt] + O=[Pt],-1.2405382180568844e-07,-1.0627952239605419e-06,8.771096679681163e-08,-8.510304281118902e-07,-8.251796400331089e-07,-1.7639210311051862e-06,-9.387413993824839e-07,-2.1564238129912497e-07,-1.1543837826518e-06,-4.025994927836026e-11,-4.025994927836026e-11,0.0,-1.074787351279593e-06,-2.114107426170189e-05,0.0
29,CO + 2 [Pt] <=> C[Pt] + O[Pt],-5.934441212754666e-06,2.4864846179048377e-06,-6.599069219635411e-06,1.821856567565447e-06,-3.7339439059181734e-06,4.686982118750457e-06,8.420926336593013e-06,-4.9722613026914155e-06,3.4486646143065123e-06,1.536341751404954e-10,1.536341751404954e-10,0.0,4.7699022482636385e-06,-1.2684644557021135e-05,0.0
30,CC=O + 2 [Pt] <=> C[Pt] + O=C[Pt],-1.1101097700902079e-07,-2.679502060677338e-11,-1.1099942312622703e-07,-1.522645073064058e-11,-1.1104923042018008e-07,-6.505029366726316e-11,1.1098418029635163e-07,-1.1108513396229883e-07,-1.0095070893511158e-10,-9.744239438086389e-14,-9.744239438086389e-14,0.0,-3.6767334165015625e-08,4.228214852340378e-06,0.0
31,C=C + 2 [Pt] <=> 2 C=[Pt],-9.766188027834947e-08,-9.809111814287226e-07,8.463764153899524e-08,-7.986116482555291e-07,-7.012320122164424e-07,-1.584481304199433e-06,-8.832492889699981e-07,-1.7062911275129413e-07,-1.053878401552341e-06,-3.887951535796469e-11,-3.887951535796469e-11,0.0,-1.043929069677138e-06,-8.456429704680756e-06,0.0
32,C.[Pt] + [Pt] <=> C[Pt] + [Pt],-3.9258357626663366e-05,-0.0003148412726056856,8.518265176368902e-05,-0.00019040060615736212,-0.0004512664403000776,-0.0007268482198657924,-0.0002755830231691133,1.1712644462545552e-05,-0.0002638704109850885,-9.110003133460408e-09,-9.110003133460408e-09,0.0,-0.0002585923889799676,-0.0002663775356974438,0.0
33,O=C[Pt] + [Pt] <=> O=C=[Pt] + [Pt],2.202977713201983e-09,6.827306161486974e-09,-4.441024876448349e-10,4.1802257144562245e-09,1.0967117795130688e-08,1.559145874978094e-08,4.624329024833886e-09,1.0602498565507726e-09,5.684578383879548e-09,1.08810673725298e-12,1.08810673725298e-12,0.0,-6.565784453529374e-10,-4.228214852340378e-06,0.0
34,C[Pt] + [H][H].[Pt] <=> C.[Pt] + [Pt],5.756358245023385e-06,7.171406883175121e-06,-5.157095592876502e-08,1.3634776161821657e-06,2.498566041573927e-05,2.6400709338524636e-05,1.4150485588371269e-06,-1.0456883610798663e-06,3.6936017922133917e-07,4.1088209630597606e-12,4.1088209630597606e-12,0.0,4.320159117452464e-07,-1.6912859409361513e-05,0.0
35,C#[Pt] + [H][H].[Pt] <=> C=[Pt] + [Pt],3.1658300297492006e-05,3.966766275653328e-05,-3.521351643234906e-07,7.657224723031783e-06,0.00013764071077764113,0.00014565008173534415,8.009359918581444e-06,-5.976074307241355e-06,2.033285125026367e-06,3.0158421060877374e-11,3.0158421060877374e-11,0.0,2.4522484353320518e-06,-1.2684644557021135e-05,0.0
36,C=[Pt] + [H][H].[Pt] <=> C[Pt] + [Pt],1.3023242247980887e-07,7.508246826866394e-10,1.2994774950124144e-07,4.661723375826175e-10,1.3117488023475084e-07,1.6932951533077628e-09,-1.2948159096246664e-07,1.300483037630864e-07,5.667009476605549e-10,9.094623475547296e-13,9.094623475547296e-13,0.0,1.5757407007061585e-08,-0.0,0.0
37,C~[Pt] + [H][H].[Pt] <=> C#[Pt] + [Pt],1.1805281373246828e-06,1.629089260514832e-06,-1.3657057483190245e-07,3.1199055458444323e-07,5.541271594301017e-06,5.989832759500062e-06,4.4856113126747994e-07,-3.67747865888977e-07,8.081325727981941e-08,8.120199531738656e-13,8.120199531738656e-13,0.0,1.0833223646986491e-07,-1.2684644557021135e-05,0.0
38,[H][H].[Pt] + O=[Pt] <=> [Pt] + O[Pt],0.011202668539910027,0.014083641714130518,-0.00023729012247954704,0.0026433535065214014,0.049078891639036365,0.05196095589485926,0.0028806504644932024,-0.002138680634741034,0.0007419082218360032,1.1540606218896677e-08,1.1540606218896677e-08,0.0,0.0008877323209476524,0.0030612275530944337,0.0
39,[H][H].[Pt] + O[Pt] <=> O.[Pt] + [Pt],-8.143122315490512e-08,-2.8174259035900977e-09,-7.776355395768573e-08,8.502376639433299e-10,-9.357442058219768e-08,-1.496062054961951e-08,7.861379606527489e-08,-7.647655047319005e-08,2.1372351732579598e-09,1.136827934443412e-13,1.136827934443412e-13,0.0,-2.4949259729017465e-08,-4.228214852340378e-06,0.0
40,O=C=[Pt] + [H][H].[Pt] <=> O=C[Pt] + [Pt],1.9857342593186054e-08,4.297901778590785e-08,-1.451620467449912e-08,8.605487112841163e-09,1.3366372977275538e-07,1.5678543602843366e-07,2.3121685652789197e-08,-2.122817467333647e-08,1.8935101338223437e-09,1.185549131633844e-12,1.185549131633844e-12,0.0,-5.9090525625606586e-09,-1.2684644557021135e-05,0.0
41,C.[Pt] + O=C=[Pt] <=> C[Pt] + O=C[Pt],-4.633071475528252e-08,-8.732790116782417e-11,-4.630389740727153e-08,-6.049618597340779e-11,-4.64195419569774e-08,-1.761408562888186e-10,4.624339832465824e-08,-4.646680039602402e-08,-2.234021769137572e-10,4.709715728408421e-13,4.709715728408421e-13,0.0,-1.4444311494602023e-08,4.228214852340378e-06,0.0
42,O=C[Pt] + C#[Pt] <=> C=[Pt] + O=C=[Pt],1.1285690447895171e-07,1.8726790393784863e-09,8.352934123271852e-08,-2.7454872636252043e-08,2.0995665295020359e-07,9.897244349165587e-08,-1.109842208249714e-07,6.203169257555231e-08,-4.8952533346132154e-08,-2.484781056712029e-12,8.120199531738657e-14,-0.04999999999999005,-4.924195635724357e-08,-8.456429704680756e-06,0.0
43,C=[Pt] + O=C[Pt] <=> C[Pt] + O=C=[Pt],-5.9394474405151504e-08,2.3843662992895336e-08,-6.419165471386685e-08,1.904648189956613e-08,-4.351163103289502e-08,3.9726508962906814e-08,8.323813859964871e-08,-5.728909023197712e-08,2.594904378241038e-08,1.2992319250781851e-13,5.521735681582287e-13,-0.04999999999999005,7.878695831250005e-09,-4.228214852340378e-06,0.0
44,O=C[Pt] + C~[Pt] <=> C#[Pt] + O=C=[Pt],5.538545543396354e-08,-1.0668106584899167e-10,5.54130535971052e-08,-7.905607118682312e-11,5.529410070223101e-08,-1.9801524511905752e-10,-5.549212392202562e-08,5.528304667639613e-08,-2.0908492764325576e-10,-1.250510727887753e-12,-1.250510727887753e-12,0.0,8.535258932041364e-09,4.228214852340378e-06,0.0
45,O=C[Pt] + O=[Pt] <=> O=C=[Pt] + O[Pt],-4.2781590761607194e-08,-1.0411221529041518e-08,-9.052765539660403e-09,2.331761432728989e-08,-1.544534058738864e-07,-1.2208302172721502e-07,3.2370370721536814e-08,1.1297470355079248e-08,4.3667842536315375e-08,1.8676458922998913e-12,5.424293287201423e-12,-0.04999999999999005,3.414106641728861e-08,-8.456429704680756e-06,0.0
46,O=C[Pt] + O[Pt] <=> O=C=[Pt] + O.[Pt],-8.162805100186987e-08,1.6100878374321074e-09,-8.173332572262032e-08,1.504819673414644e-09,-8.127951923721342e-08,1.9586288008236753e-09,8.323813859964871e-08,-8.106811704392274e-08,2.1700171947626074e-09,-1.3966743194590489e-12,-1.3966743194590489e-12,0.0,-2.8232059888412684e-08,-0.0,0.0
47,C.[Pt] + O=[Pt] <=> C[Pt] + O[Pt],-8.440450222190467e-08,1.6993428104463232e-07,-9.861237757235976e-08,1.5572640613926883e-07,-3.736404584876942e-08,2.1697474011074337e-07,2.5433878535239977e-07,-2.0655852984188405e-08,2.336829241153048e-07,7.892833944849974e-12,9.3057486633725e-12,-0.04999999999999005,2.1272515571322797e-07,-8.456429704680756e-06,0.0
48,C=[Pt] + C.[Pt] <=> 2 C[Pt],-4.3392518437779096e-07,3.5245113275822775e-06,-1.2057108711760318e-06,2.7527256188584364e-06,2.121357337259131e-06,6.079793960243921e-06,3.958436533946984e-06,8.089472175966468e-08,4.039331260268263e-06,1.4272062696983862e-10,1.4272062696983862e-10,0.0,3.932789327770852e-06,-4.228214852340378e-06,0.0
49,C.[Pt] + C#[Pt] <=> C=[Pt] + C[Pt],-2.6347760014340146e-07,-9.138816040373638e-09,-1.3844505901124134e-07,1.1589372853346538e-07,-6.774441678851758e-07,-4.231053834858195e-07,2.5433878535239977e-07,-4.591408418090985e-08,2.084246917577191e-07,5.9277456581692195e-12,5.9277456581692195e-12,0.0,2.0353331833583368e-07,4.228214852340378e-06,0.0
50,C.[Pt] + C~[Pt] <=> C[Pt] + C#[Pt],-5.424211012562328e-08,-7.998715034021632e-09,-5.111837975346549e-08,-4.874978434389451e-09,-6.458443490651645e-08,-1.834102616799816e-08,4.624339832465824e-08,-5.3029194291858186e-08,-6.785795501002775e-09,-1.5915591082207768e-12,-1.5915591082207768e-12,0.0,-2.2979585771204964e-08,-0.0,0.0
51,C[Pt] + O.[Pt] <=> C.[Pt] + O[Pt],-1.5114224434843866e-05,4.540915143405074e-05,-1.878672232137019e-05,4.1736651326141474e-05,-2.9550590579099797e-06,5.7568324165696166e-05,6.052338501176762e-05,2.9303711011136214e-06,6.345375787619183e-05,2.2257629320486294e-09,2.2257629320486294e-09,0.0,6.190302339680621e-05,4.228214852340378e-05,0.0
52,C#[Pt] + O[Pt] <=> C=[Pt] + O=[Pt],-0.00013826722942727305,-7.440157468441384e-06,-4.363860067456448e-05,8.718859510630303e-05,-0.00045157037681088923,-0.00032074371471807716,0.00013082725286259105,2.80595383579282e-05,0.00015888682791889992,5.5120401633413905e-09,5.711082494263369e-09,-0.04999999999999005,0.00015358494386017278,0.00011839001586553059,0.0
53,C=[Pt] + O[Pt] <=> C[Pt] + O=[Pt],-0.0005852195176695511,0.004746980655392336,-0.0016440630730314423,0.003688080640058611,0.002920474507380627,0.008252861612154933,0.005332231378318939,0.00016743521784764057,0.005499675524191054,1.9192866260299644e-07,1.9192866260299644e-07,0.0,0.005368510225941935,0.00491318565841952,0.0
54,C~[Pt] + O[Pt] <=> C#[Pt] + O=[Pt],-8.806609927098844e-08,-2.0362046023851673e-10,-8.801488198883226e-08,-1.5239162980786755e-10,-8.823567306602828e-08,-3.7319741627474966e-10,8.786248113402251e-08,-8.837599613773983e-08,-5.135131131747755e-10,3.1392691389701646e-10,3.1392691389701646e-10,0.0,5.909021873437503e-09,4.228214852340378e-06,0.0
55,2 C=[Pt] <=> C[Pt] + C#[Pt],-1.3536894674459967e-05,0.00013098763894530205,-4.172612467019464e-05,0.00010279836820290689,7.979399891016095e-05,0.00022431866740593712,0.00014452455317980357,3.9733558291494375e-06,0.00014849791474520838,5.185348295780481e-09,5.185348295780481e-09,0.0,0.00014517376452092052,0.00013107466042255173,0.0
56,C[Pt] + C~[Pt] <=> C=[Pt] + C#[Pt],-0.0023355317802245972,0.022280642558057426,-0.007145900968285698,0.017469089213479803,0.013590978265229795,0.03821107319256997,0.024616749270291817,0.0007023084959653776,0.025319230651767933,8.842563387458652e-07,8.842563387458652e-07,0.0,0.02474963094434958,0.02491687012484185,0.0
57,C=[Pt] + C~[Pt] <=> 2 C#[Pt],-2.7754241991103377e-08,-8.22292535220009e-12,-2.77495046458697e-08,-3.4605569842364952e-12,-2.776998437612619e-08,-2.395543704605e-11,2.7746028187163005e-08,-2.772644858003196e-08,1.9576308388402905e-11,-5.359331690947514e-13,-5.359331690947514e-13,0.0,-9.848400478185661e-09,-4.228214852340378e-06,0.0
58,C#[Pt] + O.[Pt] <=> C=[Pt] + O[Pt],-8.086228947282337e-05,0.0002514102706909128,-9.98586405062332e-05,0.00023241385652631802,-1.7967828871553204e-05,0.00031430494026796175,0.0003322728288413239,1.5849720247249632e-05,0.00034812260174516593,1.2221208862848885e-08,1.2223157710736502e-08,-0.04999999999999005,0.0003399282502465383,0.00033825718818723024,0.0
59,C=[Pt] + O.[Pt] <=> C[Pt] + O[Pt],5.7470789326686e-08,1.1227352294340617e-08,5.517739221797439e-08,8.933957531895936e-09,6.506393044791414e-08,1.882050902994672e-08,-4.6243438853278e-08,5.981161123356094e-08,1.3568173443083507e-08,1.2992319250781851e-13,1.2992319250781851e-13,0.0,4.5958956718547835e-09,-1.6912859409361513e-05,0.0
60,C~[Pt] + O.[Pt] <=> C#[Pt] + O[Pt],-3.210684207576119e-06,1.0306266322876078e-05,-4.001824335857212e-06,9.515126099026977e-06,-5.913216149329966e-07,1.2925629286222297e-05,1.3516950958371934e-05,7.782878555436163e-07,1.4295238913606415e-05,5.012436766951638e-10,5.012436766951638e-10,0.0,1.39788009674742e-05,4.228214852340378e-06,0.0
61,CO + 2 [Pt] <=> CO[Pt] + [Pt],-5.734054417342598e-06,2.358543189405919e-06,-6.377642289260692e-06,1.71495527291455e-06,-3.6032182945391866e-06,4.489379494050953e-06,8.092598070690633e-06,-4.817153835552448e-06,3.2754438486128316e-06,1.471055347169775e-10,1.471055347169775e-10,0.0,4.600509981000532e-06,-8.456429704680756e-06,0.0
62,C=O + [Pt] <=> CO[Pt],-5.99342666181247e-08,4.806505983904081e-09,-6.209619301140151e-08,2.6445858967982992e-09,-5.277646567466555e-08,1.1964308622443342e-08,6.474076846215347e-08,-5.567471987392449e-08,9.066037266047204e-09,2.533502253902461e-12,2.533502253902461e-12,0.0,-8.535289621164519e-09,4.228214852340378e-06,0.0
63,C.[Pt] + O=[Pt] <=> CO[Pt] + [Pt],-0.0037328873195148246,0.013725080637534078,-0.005308516371301932,0.012149176502662626,0.0014838166256660732,0.018942695347226195,0.01745861966764198,0.0008257066427325142,0.018284470467347286,6.411914179289043e-07,6.411914179289043e-07,0.0,0.017861404251156798,0.01753863520750789,0.0
64,CO[Pt] + [Pt] <=> C[Pt] + O=[Pt],-4.6265866229201275e-08,-2.2477442387544308e-11,-4.625397229685672e-08,-1.056529234370979e-11,-4.630522628448212e-08,-6.182349980454485e-11,4.624339832465824e-08,-4.63285804407002e-08,-8.51901216732618e-11,-5.484382763736289e-11,4.709715728408421e-13,-0.04999999999999005,1.1161495990645225e-08,-4.228214852340378e-06,0.0
65,C.[Pt] + C~[Pt] <=> CC#[Pt] + [Pt],-1.3416193648047273e-07,-5.604173135813412e-11,-1.3414460448753036e-07,-3.870173933391019e-11,-1.3421935889869269e-07,-1.1345220160803769e-10,1.3410589296822068e-07,-1.3423923969787612e-07,-1.3335115832710384e-10,2.273655868886824e-13,2.273655868886824e-13,0.0,-1.9696785611809742e-08,4.228214852340378e-06,0.0
66,CC#[Pt] + [Pt] <=> C[Pt] + C~[Pt],9.160331267477588e-09,-8.836932706994977e-11,9.184479147629925e-09,-6.421098796056779e-11,9.0803807603985e-09,-1.683193885563601e-10,-9.248698578287538e-09,9.03380159967593e-09,-2.149080498842129e-10,2.7608678407911435e-13,2.7608678407911435e-13,0.0,-5.9090525625606586e-09,-0.0,0.0
67,CO[Pt] + C~[Pt] <=> CC#[Pt] + O=[Pt],-8.34385854764004e-08,-2.0045278978621803e-10,-8.338887535010293e-08,-1.507390372888648e-10,-8.360318848932629e-08,-3.650485926431748e-10,8.323813859964871e-08,-8.376242453565058e-08,-5.242966728802517e-10,-1.1043471363164574e-12,-1.1043471363164574e-12,0.0,-2.9545186089995405e-08,4.228214852340378e-06,0.0
68,C=O + [Pt] <=> C=O.[Pt],-0.013909866724129607,-0.016034923190145108,-0.014938265402299417,-0.017063300011222683,-0.010504971748651639,-0.012630100580671799,-0.0021253520996636246,-0.015456662448265686,-0.017581686039425646,-5.449734197142342e-07,-5.449734197142342e-07,0.0,-0.011835965883533457,-0.0027990782322493304,0.0
69,O=C[Pt] + [Pt] <=> C=O.[Pt] + [Pt],2.7027454693685065e-05,3.256741761176542e-05,2.8576236139720464e-05,3.411619914548614e-05,2.1899639678533574e-05,2.7439602313823853e-05,5.539961424021567e-06,2.6751168438928643e-05,3.229113133750956e-05,1.0093570421941784e-09,1.0093570421941784e-09,0.0,2.2371596647316243e-05,-8.456429704680756e-06,0.0
70,C=O.[Pt] + C[Pt] <=> C.[Pt] + O=C[Pt],9.368748760291344e-09,1.2004603159293692e-10,9.411225743036344e-09,1.6253318048003817e-10,9.228132181782972e-09,-2.0564965233773524e-11,-9.248698578287538e-09,9.251602328251382e-09,2.903266074551278e-12,-7.308179578564791e-13,-7.308179578564791e-13,0.0,-6.565784453529374e-10,-4.228214852340378e-06,0.0
71,C=O.[Pt] + [Pt] <=> C=[Pt] + O=[Pt],8.184072991831118e-12,8.15783623331724e-12,1.4440092386893923e-11,1.443546627710081e-11,-1.252879785962751e-11,-1.2544745705422963e-11,-1.3509539921980615e-14,-1.9496403246503676e-11,-1.9509948020984588e-11,1.4616359157129582e-12,1.4616359157129582e-12,0.0,-8.535289621164519e-09,-4.228214852340378e-06,0.0
72,C=O.[Pt] + C#[Pt] <=> C=[Pt] + O=C[Pt],-5.435809573523518e-08,1.1339826291770181e-09,-5.428240829256097e-08,1.2096694744652323e-09,-5.460868706595025e-08,8.833932763296916e-10,5.549208339340586e-08,-5.452282328826673e-08,9.692595265119078e-10,4.3849077471388747e-13,4.3849077471388747e-13,0.0,-1.8383674754788604e-08,8.456429704680756e-06,0.0
73,C=O.[Pt] + C=[Pt] <=> C[Pt] + O=C[Pt],-9.526350113613338e-09,-2.776918775272004e-10,-9.461615165103472e-09,-2.129443146708139e-10,-9.740698369064726e-09,-4.920276076539845e-10,9.248671559207694e-09,-9.901118867176861e-09,-6.524551324568724e-10,-1.5428379110303447e-12,-1.5428379110303447e-12,0.0,-2.3636148871996323e-08,-1.2684644557021135e-05,0.0
74,C=O.[Pt] + C~[Pt] <=> O=C[Pt] + C#[Pt],6.473282575521958e-08,-7.962568876668688e-12,6.474892155897135e-08,8.121715371167285e-12,6.467953463137427e-08,-6.126231826320254e-11,-6.474079548123332e-08,6.469051115983215e-08,-5.028456841122814e-11,-6.983371597295244e-13,-6.983371597295244e-13,0.0,1.6413954763291368e-08,4.228214852340378e-06,0.0
75,C=O.[Pt] + [Pt] <=> O=C[Pt] + [H][H].[Pt],-1.3407897244641828e-07,1.8524298144940317e-08,-1.488288551567924e-07,3.7744083156231685e-09,-8.524403825808947e-08,6.735922835398766e-08,1.5260326310571591e-07,-1.514464516247265e-07,1.1568105149279205e-09,5.196927700312741e-13,5.196927700312741e-13,0.0,-9.848400478185661e-09,-8.456429704680756e-06,0.0
76,C=O.[Pt] + O=[Pt] <=> O=C[Pt] + O[Pt],0.018159830360754716,0.0207284203026195,0.01976561092573933,0.022334242106037443,0.012843298656157142,0.015411752062923563,0.002568123574977327,0.018795961135835714,0.02136456741432224,6.63441739069812e-07,6.63441739069812e-07,0.0,0.014413036072949767,0.003568613335375279,0.0
77,C=O.[Pt] + O[Pt] <=> O=C[Pt] + O.[Pt],4.791172075132972e-08,1.0916963982761264e-08,4.71168722870954e-08,1.012212917889175e-08,5.0543361183768044e-08,1.3548605952627472e-08,-3.699475378453039e-08,5.2010991223847424e-08,1.5016239610610412e-08,-1.6240399063477314e-14,-1.6240399063477314e-14,0.0,1.9696754922686587e-08,4.228214852340378e-06,0.0
78,C=O.[Pt] + O=C=[Pt] <=> 2 O=C[Pt],9.226659702182625e-09,-2.2043514928325306e-11,9.240068860202944e-09,-8.63020537701428e-12,9.182244498824705e-09,-6.645324752061894e-11,-9.248698578287538e-09,9.191122576641949e-09,-5.7584208827242776e-11,-1.9488478876172777e-13,-1.9488478876172777e-13,0.0,-8.535289621164519e-09,-4.228214852340378e-06,0.0
79,C=O.[Pt] + [Pt] <=> CO[Pt] + [Pt],-0.005856298170113934,0.02069761422316446,-0.008309301431671138,0.018243959555130657,0.0022652782742587215,0.028821347390128697,0.026555467560642063,0.001291164186140753,0.027846974621470177,9.761412685672072e-07,9.761412685672072e-07,0.0,0.027184208100304398,0.02547922270020312,0.0
80,C=O.[Pt] + [H][H].[Pt] <=> CO[Pt] + [Pt],1.0621478929176887e-07,-1.4508364598987335e-10,1.0625475003695814e-07,-1.0513030870886627e-10,1.0608246521837673e-07,-2.774107419368836e-10,-1.0635987829059759e-07,1.0598949674762925e-07,-3.7039039074532476e-10,-1.136827934443412e-13,-1.136827934443412e-13,0.0,1.1818043746875006e-08,-0.0,0.0
81,C=O.[Pt] + O=C[Pt] <=> CO[Pt] + O=C=[Pt],-1.8488084775867367e-07,7.677335339900261e-07,-2.6234230533225243e-07,6.902720754983714e-07,7.158403599293964e-08,1.0241984249478867e-06,9.526143864569855e-07,3.455962433941774e-08,9.871740053992376e-07,3.503054077992057e-11,3.503054077992057e-11,0.0,9.395361350892134e-07,-4.228214852340378e-06,0.0
82,C=O.[Pt] + O[Pt] <=> CO[Pt] + O=[Pt],-1.3030242197941214e-05,4.357631795718602e-05,-1.8387701407492334e-05,3.821885572653042e-05,4.707612091087128e-06,6.131418228713237e-05,5.660656753361092e-05,2.84677419149784e-06,5.9453343338184294e-05,2.083497036252568e-09,2.083497036252568e-09,0.0,5.797154717989239e-05,2.9597503966382648e-05,0.0
83,C=O.[Pt] + C[Pt] <=> C=[Pt] + CO[Pt],3.299288922265271e-06,-4.463201508255415e-05,1.4101236501003175e-05,-3.383007266667938e-05,-3.246456200169161e-05,-8.039584885031613e-05,-4.793130241166551e-05,-1.178619419387599e-06,-4.910992127471396e-05,-1.7116243784970645e-09,-1.7116243784970645e-09,0.0,-4.798987837114168e-05,-6.342322278510568e-05,0.0
84,C=O.[Pt] + C.[Pt] <=> CO[Pt] + C[Pt],-1.658210867625913e-11,-1.659772531512683e-11,-7.324516315217096e-12,-7.330730917627515e-12,-4.7213583345252746e-11,-4.722108844753341e-11,-1.3509539921980615e-14,-5.947084682604827e-11,-5.949206939051934e-11,-7.308179578564791e-13,-7.308179578564791e-13,0.0,-8.535289621164519e-09,-4.228214852340378e-06,0.0
85,C=O.[Pt] + C=[Pt] <=> CO[Pt] + C#[Pt],-2.555401726454614e-07,1.2011274577015455e-06,-3.944985183843406e-07,1.0621691088966637e-06,2.04532894081686e-07,1.6612005379378798e-06,1.4566676416464911e-06,1.4473157676811687e-07,1.6013992122179803e-06,5.573704958585414e-11,5.573704958585414e-11,0.0,1.557358299549981e-06,-1.2684644557021135e-05,0.0
86,C=O.[Pt] + C#[Pt] <=> CO[Pt] + C~[Pt],-0.22108583581467378,0.8037937213845894,-0.3141590007223236,0.7097645550528188,0.08706737195670165,1.1151121261895736,1.0271504413375656,0.048838992239575156,1.076491083501472,3.774161932495567e-05,3.774161932495567e-05,0.0,1.0511917930836716,1.0148180749250666,0.0
87,C=O.[Pt] + O.[Pt] <=> CO[Pt] + O[Pt],-4.697436802528712e-08,-7.3097250142737e-10,-4.680114036352344e-08,-5.57728788079846e-10,-4.7547883186301736e-08,-1.3044781841323187e-09,4.624339832465824e-08,-4.806620078850695e-08,-1.822803162338129e-09,-9.744239438086388e-13,-9.744239438086388e-13,0.0,-1.64140007969761e-08,4.228214852340378e-06,0.0
88,2 C=O.[Pt] <=> CO[Pt] + O=C[Pt],-8.322743995925602e-08,1.0696311869748402e-11,-8.322313930581027e-08,1.5000455172486358e-11,-8.324167886642265e-08,-3.542458479723353e-12,8.323813859964871e-08,-8.327025624138797e-08,-3.211841783046443e-11,-4.872119719043194e-14,-4.872119719043194e-14,0.0,1.3130955124595636e-09,4.228214852340378e-06,0.0
89,[CH]C + 2 [Pt] <=> C[Pt] + C#[Pt],9.133764233146807e-09,-1.1494738394711365e-10,9.16483876473714e-09,-8.385847679760029e-11,9.030842047389114e-09,-2.1784365957981927e-10,-9.248698578287538e-09,8.958829067191649e-09,-2.8987867497505417e-10,-1.9525831794018774e-10,-4.060099765869328e-13,-0.04999999999999005,-5.9090525625606586e-09,8.456429704680756e-06,0.0
90,[CH]C + 2 [Pt] <=> CC#[Pt] + [Pt],-2.7756845203863306e-08,-1.0826490107514102e-11,-2.7751675302844257e-08,-5.635764231470864e-12,-2.7773962077287143e-08,-2.791878168178009e-11,2.7746028187163005e-08,-2.779431787748727e-08,-4.829375738867869e-11,1.1254596550989779e-11,1.1254596550989779e-11,0.0,-1.050496357897702e-08,-4.228214852340378e-06,0.0
91,OC#[Pt] + [Pt] <=> O=C=[Pt] + [Pt],2.2828925649242297e-05,-0.0002963062211308074,9.517049000129355e-05,-0.0002239648876374283,-0.0002166846348104721,-0.0005358190172005602,-0.00031913507391673245,-6.066907640951362e-06,-0.00032520196220430094,-1.1346712094477821e-08,-1.1346712094477821e-08,0.0,-0.00031835699923158354,-0.00032134432877786875,0.0
92,OC#[Pt] + [Pt] <=> C~[Pt] + O[Pt],0.06601771700156901,-0.8230357227900446,0.26742954652168455,-0.6234133706962827,-0.6008307931067143,-1.4839595046513232,-0.8884668942317182,-0.017521084756972633,-0.9058323099511196,-3.1612147983448414e-05,-3.161214663549529e-05,-0.04999999999999005,-0.8867351724082688,-0.867671969848769,0.0
93,C~[Pt] + O.[Pt] <=> OC#[Pt] + [Pt],6.210440105801306e-08,2.5109646355166775e-08,5.6612567927478554e-08,1.9617812795302386e-08,8.028715005337178e-08,4.329239677198121e-08,-3.699475378453039e-08,6.578923573663581e-08,2.8794476796756594e-08,2.3548578642042105e-12,2.3548578642042105e-12,0.0,2.888859230008089e-08,4.228214852340378e-06,0.0
