,Reaction,SYNGAS Selec,SYNGAS Yield,CO Selectivity,CO % Yield,H2 Selectivity,H2 % Yield,CH4 Conversion,H2O+CO2 Selectivity,H2O+CO2 yield,Exit Temp,Peak Temp,Dist to peak temp,O2 Conversion,Max CH4 Conv,Dist to 50 CH4 Conv
0,[H][H] + 2 [Pt] <=> 2 [Pt],8.349797122540045e-05,0.0012911315217840045,-0.0018429621247066914,-0.0006353518386953651,0.0020127255008898213,0.003220382349416117,0.0012076325421936916,0.001178542850546522,0.002386189625211556,-0.0010947892376681194,-0.0019446858698700734,0.0,0.0,0.02860408030983415,0.0
1,O=C=O + [Pt] <=> O=C=O.[Pt],8.167488217350024e-08,1.512149179436987e-07,1.831649672746783e-07,2.5270500498283803e-07,-1.9960985438724852e-08,4.957903650634565e-08,6.954002909000895e-08,-1.011559832198353e-06,-9.420198116153921e-07,-1.0659691686046545e-07,8.556539998208641e-08,0.0,0.0,1.1052215903591367e-05,0.0
2,[C-]#[O+] + [Pt] <=> O=C=[Pt],2.541948894580855e-05,-0.00013656986976672857,0.00032491253749910247,0.0001629226936481914,-0.00027450379284559636,-0.0004364926657228397,-0.00016198931754609597,-0.0004498936665079739,-0.0006118822552725076,0.00012662273113330582,-0.00018081004635302412,0.0,0.0,0.0034672569432741985,0.0
3,[O][O] + 2 [Pt] <=> 2 O=[Pt],-0.0017206229972078551,-0.011950661221801002,0.010420390256446723,0.00018910998020445102,-0.0138790772815351,-0.024107871670204634,-0.010230214248018303,0.009520829239089737,-0.0007103590101594053,0.009904270499979469,0.01973097044379636,0.09671179883947352,0.0,1.3342624399193577,0.0
4,O=C=[Pt] + O=[Pt] <=> O=C=O.[Pt] + [Pt],9.69334011706732e-05,0.0001924430371591269,0.00020951916767275987,0.00030502891120234106,-1.5814099110146154e-05,7.969542919457748e-05,9.550954340138274e-05,-0.0012410933370157241,-0.001145584978983995,-0.00014026486896027775,0.00011679533749394552,0.0,0.0,-0.00019765017312623124,0.0
5,C=[Pt] + [Pt] <=> C[Pt] + [Pt],0.00027982436778872197,0.0006363860540727494,2.6795604208317073e-05,0.00038335638828797887,0.0005332166168817833,0.0008897792066465175,0.0003565606885241373,-0.0017963038297346239,-0.0014397495461348237,-0.00046489770563442527,-0.003801359817426756,0.0,0.0,0.08364747965604857,0.0
6,C[Pt] + [Pt] <=> C + 2 [Pt],2.9831895685373297e-06,7.491191447977524e-06,-3.4840437275270715e-07,4.159597366087459e-06,6.319569472160569e-06,1.082757149240277e-05,4.508001741219105e-06,-2.0126763710335454e-05,-1.561876288028761e-05,-5.581864127383744e-06,-5.610819331795014e-05,0.0,0.0,-1.5178027574082997e-05,0.0
7,C=[Pt] + [Pt] <=> C#[Pt] + [Pt],2.420174079584319e-05,7.230040359799562e-05,-3.2528781381389345e-05,1.5569854141348764e-05,8.10137585415837e-05,0.0001291124486623384,4.809865114600917e-05,-0.00010657196003590408,-5.847336015085726e-05,-5.505827622552853e-05,-0.000311745337806555,0.0,0.0,0.0003603265903698647,0.0
8,O=C=[Pt] + [Pt] <=> C~[Pt] + O=[Pt],0.0016437288535767049,0.004606769921063182,0.001255997865903793,0.0042190274449586855,0.0020320168316558685,0.004995069404089386,0.002962992363918882,-0.018807642274671202,-0.01584520717975794,-0.003543953264511896,-0.005713870114720085,0.0,0.0,0.016135439549101165,0.0
9,C#[Pt] + [Pt] <=> C~[Pt] + [Pt],1.0479727417734945e-09,1.4937255071825656e-08,-1.254434255107245e-08,1.344948902625047e-09,1.4659813916272168e-08,2.8549087109572527e-08,1.3889265279480094e-08,-8.98673056289679e-09,4.902523113376378e-09,-9.902191128140184e-09,-2.6210421294222608e-08,0.0,0.0,1.7891029732488348e-06,0.0
10,C~[Pt] + [H][H] <=> C=[Pt],2.093942015328074e-06,7.295223025070568e-06,-4.357361681167805e-06,8.43919015413178e-07,8.554513268623946e-06,1.3755794619513382e-05,5.20128089702668e-06,-8.37307363918243e-06,-3.1717931742448064e-06,-5.672277840801343e-06,-3.238217304281173e-05,0.0,0.0,2.6380055058163298e-05,0.0
11,C + O=[Pt] + [Pt] <=> C[Pt] + O[Pt],8.287250253459162e-08,5.462861968403375e-07,-6.001576222883448e-07,-1.367439180096762e-07,7.668838262993714e-07,1.2302975303278408e-06,4.634136907749274e-07,5.695003016892253e-08,5.203637212098364e-07,-4.4674258569402105e-07,-1.2522420222880973e-06,0.0,0.0,-2.390111660591391e-06,0.0
12,O=C=[Pt] + O[Pt] <=> O=C=O.[Pt] + [Pt],2.1314367779815273e-06,4.382671296418775e-06,4.7117929392523746e-06,6.96302749728808e-06,-4.526261637708903e-07,1.798608295301043e-06,2.2512344592618872e-06,-2.8403682686376206e-05,-2.615244887081654e-05,-3.2244410144606194e-06,1.700615922459707e-06,0.0,0.0,-6.277874110645056e-06,0.0
13,O[Pt] + [Pt] <=> [Pt] + O=[Pt],-2.446931558453146e-08,1.811846771001063e-07,-3.9924760724716933e-07,-1.93593619956436e-07,3.5084735945219335e-07,5.565013378285117e-07,2.0565398920565135e-07,5.227732249090854e-07,7.28427212386778e-07,-1.6512403405087956e-07,1.5237705467439003e-07,0.0,0.0,-1.8230308697665235e-05,0.0
14,C + O[Pt] + [Pt] <=> C[Pt] + O.[Pt],4.510854280347416e-07,-4.4713383975570395e-06,9.435203073654621e-06,4.512778782929904e-06,-8.54593824677318e-06,-1.3468361645983792e-05,-4.922423819707592e-06,-1.2027350897552368e-05,-1.694977413167237e-05,4.018980317286781e-06,-3.3835772638978326e-07,0.0,0.0,0.0001946240855778283,0.0
15,O + [Pt] <=> O.[Pt],3.870566021781374e-09,1.465142925025419e-08,9.113638458728079e-10,1.1692228210826826e-08,6.8340073206027745e-09,1.7614861585371967e-08,1.0780854754666227e-08,-5.540601909171448e-08,-4.46251660518343e-08,-1.1942923482756613e-08,1.347947545825524e-07,0.0,0.0,8.914193616238156e-09,0.0
16,O.[Pt] + [Pt] <=> [Pt] + O[Pt],-2.6315423886655203e-06,-3.992061259898562e-06,2.5177936384328552e-05,2.381741713311843e-05,-3.048097055520902e-05,-3.18414890734547e-05,-1.3605189243898414e-06,-8.808773176692018e-05,-8.944824949067732e-05,1.9791005508998496e-06,0.00022199135641235468,0.0,0.0,-0.0013205558620581386,0.0
17,O.[Pt] + O=[Pt] <=> 2 O[Pt],4.025786741233657e-07,-5.463065170236421e-06,1.0652944407639488e-05,4.787299967192975e-06,-9.862512102470235e-06,-1.5728155349886996e-05,-5.865643832754585e-06,-1.2114598476455605e-05,-1.798024159914818e-05,4.870820997624473e-06,-1.0549904308253172e-06,0.0,0.0,-0.00027346537957660585,0.0
18,[H] + [Pt] <=> [Pt],-8.433161729531484e-10,-2.5309135937109413e-10,-1.2569999728982458e-09,-6.667765994458381e-10,-4.2903810038080895e-10,1.6118815539969314e-10,5.90222010525587e-10,1.2847482516002202e-09,1.8749686203260298e-09,-6.242523606921411e-10,-1.778518443804946e-08,0.0,0.0,-4.796555782342357e-10,0.0
19,C + [Pt] <=> C.[Pt],0.000695410577701275,0.0022396709742953614,-0.001075454260952804,0.00046877878906835535,0.0024688193315396006,0.004013107113991015,0.001544249657706123,-0.0033761552895551776,-0.0018319577681246307,-0.0017483173869968175,-0.011487223054048673,0.0,0.0,-0.016526815258251535,0.0
20,[CH3] + [Pt] <=> C[Pt],-1.106580074630711e-09,-2.032530421919022e-09,-1.149636194659649e-09,-2.075592615395218e-09,-1.0634502184531156e-09,-1.9894063679521434e-09,-9.259608387871234e-10,8.1470011350868e-09,7.221037069148835e-09,1.0570166494730273e-09,3.713910670933721e-08,0.0,0.0,1.7200271371145014e-08,0.0
21,[H][H] + [Pt] <=> [H][H].[Pt],2.087388658563751e-06,6.066278684600719e-06,-2.1065258189714023e-06,1.8723640558632604e-06,6.287327854918745e-06,1.02662180520852e-05,3.978889942227861e-06,-1.1008165832326832e-05,-7.029276336064893e-06,-4.610353559132341e-06,-3.355833247945969e-05,0.0,0.0,2.977555386228365e-05,0.0
22,[OH] + [Pt] <=> O[Pt],-1.2324059211059879e-08,-2.510126619338937e-08,2.4862197016847718e-08,1.2084996196497207e-08,-4.9563723036297076e-08,-6.234094807384019e-08,-1.2777224776416832e-08,-3.074640056532525e-08,-4.352362060142908e-08,1.7504157496588844e-08,5.601496673454264e-07,0.0,0.0,-3.801387693091968e-08,0.0
23,[CH]=O + [Pt] <=> O=C[Pt],9.142743925725743e-10,9.949346318000637e-10,1.9386834204036605e-09,2.019342319592154e-09,-1.1160623807307766e-10,-3.094465688157474e-11,8.064802389961225e-11,-5.2017250722497755e-09,-5.121080345370582e-09,-2.7259892133239034e-10,2.181592832110967e-10,0.0,0.0,-3.3359719494074894e-12,0.0
24,O=C=O + 2 [Pt] <=> O=C=[Pt] + O=[Pt],0.005519382925482118,0.012369187021126831,0.010227580754001962,0.017077707334190288,0.0008044215903941746,0.007653902738265468,0.006849426049590914,-0.07098272490665128,-0.06413816076631178,-0.009227537364335927,0.007305544670543782,0.0,0.0,-0.021907671882015405,0.0
25,O + 2 [Pt] <=> [Pt] + O[Pt],3.795355569987509e-06,-0.001210687937496281,0.0031576881851277643,0.0019431665885555312,-0.003154628161877974,-0.0043690730964413595,-0.0012144832469892168,-0.00608355357879549,-0.007297962942050072,0.001026723777893412,0.0071455773592243995,0.0,0.0,-0.07222119178958904,0.0
26,CC + 2 [Pt] <=> 2 C[Pt],-1.9594172730442356e-06,-2.063893217582816e-05,2.4909050227891797e-05,6.229530312112093e-06,-2.8866482368786347e-05,-4.7545992239488754e-05,-1.86795152737721e-05,-4.714412802217511e-06,-2.3393927205682615e-05,1.707511099265483e-05,2.588005746355187e-05,0.0,0.0,0.0005590735588635654,0.0
27,C=O + 2 [Pt] <=> O=C[Pt] + [Pt],-6.593146808646994e-08,2.545663206651971e-07,-5.837299673617135e-07,-2.6323215533839606e-07,4.5261085668595387e-07,7.731086537268952e-07,3.2049778794219563e-07,7.355183406137375e-07,1.0560161370895154e-06,-2.3773623198973544e-07,1.346199205751937e-06,0.0,0.0,-1.808743426131375e-05,0.0
28,C=O + 2 [Pt] <=> C=[Pt] + O=[Pt],8.373311505562851e-06,2.3694536596540195e-05,8.490123061459728e-06,2.3811348182816695e-05,8.256332157275148e-06,2.3577557225654817e-05,1.5321223806940223e-05,-0.00010481270438800966,-8.94914966392446e-05,-1.8313950250273544e-05,-1.877647556825835e-05,0.0,0.0,8.554631242007894e-05,0.0
29,CO + 2 [Pt] <=> C[Pt] + O[Pt],1.328128686444217e-05,-3.4063394684376736e-05,0.00010796109897449337,6.0616372594274265e-05,-8.153453642297898e-05,-0.00012887917307599566,-4.734467527471125e-05,-0.00018039187652764828,-0.00022773646639167913,3.3760865522905824e-05,-0.00013571588891900282,0.0,0.0,0.0041966668685611205,0.0
30,CC=O + 2 [Pt] <=> C[Pt] + O=C[Pt],2.754604023552446e-10,1.2792044831466008e-09,7.239548941823112e-10,1.727698903493552e-09,-1.736664846088685e-10,8.300657833825723e-10,1.0037364673149687e-09,-4.272688804692204e-09,-3.268952406429928e-09,-3.021976307882465e-10,2.7608501832509545e-10,0.0,0.0,2.1969758123955036e-10,0.0
31,C=C + 2 [Pt] <=> 2 C=[Pt],-0.0002566099311338013,-0.0009822101354964436,-0.00014545613068305522,-0.0008710571415589223,-0.00036792340828918727,-0.0010935228049484234,-0.0007256020663322777,0.003997024395343699,0.0032713933265170084,0.000790648708520894,-0.00046293045304249785,0.0,0.0,2.467444751682988e-06,0.0
32,C.[Pt] + [Pt] <=> C[Pt] + [Pt],-5.733256695727173e-08,1.3356860053532074e-06,-2.4450613042092433e-06,-1.0520427480806326e-06,2.3338262459863087e-06,3.7268448620374646e-06,1.3930185681725358e-06,2.567590651784622e-06,3.960609244824402e-06,-1.1753812031431982e-06,-5.490445356686818e-07,0.0,0.0,-5.47234368362227e-05,0.0
33,O=C[Pt] + [Pt] <=> O=C=[Pt] + [Pt],7.93203981900475e-07,2.6967851799945123e-06,-1.574910920245591e-06,3.286702421969152e-07,3.1647207837125958e-06,5.068302025334969e-06,1.903581174364542e-06,-3.1352073646988044e-06,-1.231626253933083e-06,-2.0888619956071417e-06,-1.0081116365507368e-05,0.0,0.0,1.6254638176236534e-05,0.0
34,C[Pt] + [H][H].[Pt] <=> C.[Pt] + [Pt],1.8727150811727044e-09,3.519915842830649e-08,-5.224515836034701e-08,-1.8918718277103747e-08,5.606831903681577e-08,8.939475782693896e-08,3.3326433329992256e-08,3.866766654552168e-08,7.199410491943895e-08,-2.994564787272715e-08,-3.8793128104640925e-08,0.0,0.0,7.034011231506814e-07,0.0
35,C#[Pt] + [H][H].[Pt] <=> C=[Pt] + [Pt],5.261167029016596e-06,2.0178743365755882e-05,-1.4138990486838345e-05,7.785829781640846e-07,2.468919362626597e-05,3.960677286640304e-05,1.49175755495203e-05,-1.7836104743777508e-05,-2.9185318553045004e-06,-1.5850949163852108e-05,-8.011869701343363e-05,0.0,0.0,7.482142684983764e-05,0.0
36,C=[Pt] + [H][H].[Pt] <=> C[Pt] + [Pt],2.6306557493820783e-09,7.485044006577093e-09,-1.6517431314646714e-09,3.2026454281547218e-09,6.919218344666662e-09,1.177359441462014e-08,4.854385003867939e-09,-1.502009563492702e-08,-1.016571093435662e-08,-5.388502176755107e-09,-3.687851303798065e-08,0.0,0.0,2.742359569381494e-08,0.0
37,C~[Pt] + [H][H].[Pt] <=> C#[Pt] + [Pt],1.8633688207600132e-06,7.139310810280244e-06,-4.800924978455618e-06,4.750166840238247e-07,8.53723614521805e-06,1.3813178489784437e-05,5.275941891506406e-06,-7.057297662114833e-06,-1.7813561431066152e-06,-5.612111889803163e-06,-3.1119766190163464e-05,0.0,0.0,1.0107094294278352e-05,0.0
38,[H][H].[Pt] + O=[Pt] <=> [Pt] + O[Pt],1.0529807888385175e-08,4.740579211284306e-07,-7.25305076468322e-07,-2.617769692395523e-07,7.474217472470067e-07,1.2109498665069634e-06,4.6352810785723613e-07,5.236490670589942e-07,9.871771692394087e-07,-4.0797145427354897e-07,-2.0692118564238594e-07,0.0,0.0,9.368368811970455e-06,0.0
39,[H][H].[Pt] + O[Pt] <=> O.[Pt] + [Pt],-2.6366851197755144e-08,3.7859211641938714e-07,-4.315001514295693e-07,-2.654118444599153e-08,3.7934845042526767e-07,7.843074265024744e-07,4.049589535234103e-07,-3.0117508819574367e-07,1.0378386136508618e-07,-3.4314014430542434e-07,1.965499939491661e-06,0.0,0.0,-6.241301850163701e-06,0.0
40,O=C=[Pt] + [H][H].[Pt] <=> O=C[Pt] + [Pt],2.3438435757485706e-07,2.01892730298803e-06,-2.4894703901750267e-06,-7.049274867386598e-07,2.9621520151389726e-06,4.746694994763664e-06,1.7845429234607933e-06,8.643034165093718e-07,2.648846349373635e-06,-1.678888401541902e-06,-4.168814128767157e-06,0.0,0.0,2.558684743511252e-05,0.0
41,C.[Pt] + O=C=[Pt] <=> C[Pt] + O=C[Pt],6.55360615722894e-08,2.173375467971651e-07,-1.206151291297095e-07,3.118636064051923e-08,2.519546655913613e-07,4.037561462643544e-07,1.5180147378738456e-07,-2.6350226530337523e-07,-1.1170080003586162e-07,-1.6645512436440172e-07,-8.439789164216592e-07,0.0,0.0,1.4242558227883004e-06,0.0
42,O=C[Pt] + C#[Pt] <=> C=[Pt] + O=C=[Pt],1.815461595518269e-08,7.478977298365926e-07,-1.0471404209044198e-06,-3.1739729322034053e-07,1.0849799899477023e-06,1.8147231097165876e-06,7.297431102847069e-07,4.619739752361078e-07,1.1917170787633112e-06,-6.473363422692028e-07,1.6574100147395478e-07,0.0,0.0,1.34257332578192e-05,0.0
43,C=[Pt] + O=C[Pt] <=> C[Pt] + O=C=[Pt],1.696679317253248e-09,1.288431977455189e-08,-9.340980992133275e-09,1.8466550923786883e-09,1.2750195648537492e-08,2.3937820774931952e-08,1.1187630130006462e-08,-1.024653084017451e-08,9.410878157213873e-10,-8.734153354427472e-09,-2.733209219923051e-08,0.0,0.0,1.712995480126056e-07,0.0
44,O=C[Pt] + C~[Pt] <=> C#[Pt] + O=C=[Pt],2.3000438872925047e-09,3.308701747918296e-09,2.5840765579882587e-09,3.5927367027581965e-09,2.015603192783734e-09,3.024278475956654e-09,1.008652682470493e-09,-1.2225889083418467e-08,-1.1217232335805355e-08,-1.9208835451004363e-09,-1.5273404095290234e-08,0.0,0.0,1.5988836986088753e-09,0.0
45,O=C[Pt] + O=[Pt] <=> O=C=[Pt] + O[Pt],8.01140626106313e-08,7.361620115254217e-08,2.841325131193897e-07,2.776346519129601e-07,-1.24197480102807e-07,-1.3069532992853445e-07,-6.497873889080631e-09,-1.039763433601468e-06,-1.0462613181863916e-06,-4.216314352411321e-08,-2.573323911534873e-07,0.0,0.0,2.797115736391647e-06,0.0
46,O=C[Pt] + O[Pt] <=> O=C=[Pt] + O.[Pt],-1.1412694402388018e-09,2.9745010090120963e-08,-4.369169370776423e-08,-1.2805405425776268e-08,4.147028014189424e-08,7.235655090805377e-08,3.0886278223303645e-08,1.735674809193841e-08,4.824303019389309e-08,-2.659486625208244e-08,4.4145415533514904e-08,0.0,0.0,-2.008581466913445e-07,0.0
47,C.[Pt] + O=[Pt] <=> C[Pt] + O[Pt],4.583626927175594e-05,-2.112045916764858e-05,0.0002712916655397879,0.00020433478615489753,-0.00017994300232231057,-0.0002468995795875059,-6.695669776045064e-05,-0.000700459132650232,-0.0007674153614172067,3.138754258562271e-05,-9.302778019263348e-05,0.0,0.0,2.8543066158254677e-05,0.0
48,C=[Pt] + C.[Pt] <=> 2 C[Pt],8.81567106772765e-09,2.6410034110809592e-08,-6.041434684368651e-09,1.1552940826852619e-08,2.369411962142672e-08,4.128848988843091e-08,1.7594360704406023e-08,-5.538756717323388e-08,-3.7793215185411256e-08,-1.8859009861772412e-08,-1.3610345780352147e-07,0.0,0.0,1.0550135197530734e-06,0.0
49,C.[Pt] + C#[Pt] <=> C=[Pt] + C[Pt],4.637575376099311e-06,1.3897172683720658e-05,-6.4507394899998245e-06,2.8088567889364913e-06,1.574181903130751e-05,2.500141734938166e-05,9.259596861464165e-06,-1.980541370005867e-05,-1.0545818679592204e-05,-1.0583148073277129e-05,-6.070870809490725e-05,0.0,0.0,8.401794449653664e-05,0.0
50,C.[Pt] + C~[Pt] <=> C[Pt] + C#[Pt],-5.7823526581922227e-11,1.274182047610443e-09,-1.9982218392632872e-10,1.1321897362040804e-09,8.43672328911488e-11,1.4163586264394655e-09,1.331999702493573e-09,-2.806518972958466e-09,-1.4745175154545994e-09,-4.0167006558410273e-10,-5.747668442771649e-10,0.0,0.0,4.813330955573663e-11,0.0
51,C.[Pt] + O[Pt] <=> C[Pt] + O.[Pt],2.8795026628316083e-06,-2.3520403871936845e-05,5.1406316735161125e-05,2.5006397388400314e-05,-4.571702204890569e-05,-7.211691576110246e-05,-2.6399905784949066e-05,-6.751591201696857e-05,-9.39157999713716e-05,2.1307664256395868e-05,-8.515454601606761e-06,0.0,0.0,0.0017522173844615367,0.0
52,C#[Pt] + O[Pt] <=> C=[Pt] + O=[Pt],8.39617660721891e-06,3.631283872014202e-05,-2.7805553719127498e-05,1.1109829023255487e-07,4.464991211798629e-05,7.256658433710223e-05,2.7916659762208196e-05,-2.8335185220544376e-05,-4.18533366406733e-07,-2.8905820865902587e-05,-9.743100350459097e-05,0.0,0.0,0.0010370438393349497,0.0
53,C=[Pt] + O[Pt] <=> C[Pt] + O=[Pt],5.299713220284946e-06,-3.323574245085026e-05,7.628991795006323e-05,3.775443491277629e-05,-6.57924716464057e-05,-0.000104327899943671,-3.8535453638569095e-05,-0.00010325250330113721,-0.0001417879171617709,3.052280274616211e-05,-3.229131593215801e-05,0.0,0.0,0.0035526968236442536,0.0
54,C~[Pt] + O[Pt] <=> C#[Pt] + O=[Pt],7.138575031504098e-11,-3.296687294282781e-10,1.6982156146726237e-11,-3.8406867470293653e-10,1.2587938171334669e-10,-2.751906365481188e-10,-4.0106741017839136e-10,7.283605116182131e-10,3.2729070227862955e-10,2.0314061647598122e-11,8.602296279382751e-11,0.0,0.0,-4.794268258719906e-10,0.0
55,2 C=[Pt] <=> C[Pt] + C#[Pt],2.8448711920052153e-08,8.992865816164475e-08,-3.6989841839911784e-08,2.4490115227576934e-08,9.398127066950565e-08,1.5546122577962285e-07,6.147994037450396e-08,-1.5341565716383478e-07,-9.193571988431473e-08,-6.94913307848546e-08,-4.856224201545885e-07,0.0,0.0,7.376284431666613e-07,0.0
56,C[Pt] + C~[Pt] <=> C=[Pt] + C#[Pt],1.3525119709769382e-05,3.766200919677261e-05,-9.274691709312934e-06,1.4862192276165065e-05,3.63576839433221e-05,6.04945789475793e-05,2.4136886218907054e-05,-7.995127208138029e-05,-5.58144051552937e-05,-2.848640252097471e-05,-0.00022897552011257963,0.0,0.0,0.00020004715643153368,0.0
57,C=[Pt] + C~[Pt] <=> 2 C#[Pt],1.5334100949389604e-10,5.631824381211724e-10,1.8972308198302752e-10,5.995832789868945e-10,1.1690667276380204e-10,5.267490160255318e-10,4.0983189862044964e-10,-1.826862496670605e-09,-1.4170277421617973e-09,-2.5652214861742005e-10,-9.622669284597585e-10,0.0,0.0,3.240658465138704e-11,0.0
58,C#[Pt] + O.[Pt] <=> C=[Pt] + O[Pt],-7.724248820765355e-06,-4.9739855166704464e-05,6.983630808405256e-05,2.7820669163825155e-05,-8.539622442511152e-05,-0.00012741179812243258,-4.201560959080984e-05,-6.246961376071485e-05,-0.00010448519710853335,4.03842117338628e-05,0.0002871676053129473,0.0,0.0,-0.0005092875520925692,0.0
59,C=[Pt] + O.[Pt] <=> C[Pt] + O[Pt],9.604987738654099e-09,-1.017535394754518e-07,2.2061805052981542e-07,1.0925952750148374e-07,-2.017112034013183e-07,-3.13069754517184e-07,-1.1135853362151277e-07,-2.9209218703598335e-07,-4.034507183367665e-07,9.267256229712501e-08,7.187260020001736e-08,0.0,0.0,7.613522934670085e-06,0.0
60,C~[Pt] + O.[Pt] <=> C#[Pt] + O[Pt],-8.327605651311436e-05,-0.00041891041726192525,0.0004917363779438762,0.00015610008725978626,-0.0006591145183733612,-0.0009947469464025827,-0.0003356346402578792,-0.0002506253104494374,-0.0005862591095331744,0.0003349919173033167,0.0025633118946020482,0.0,0.0,-0.0016336166878645358,0.0
61,CO + 2 [Pt] <=> CO[Pt] + [Pt],-5.354013810804032e-07,-9.883513020825705e-08,-1.2232488454077422e-06,-7.866826074440464e-07,1.534342143659168e-07,5.900004662806741e-07,4.3656623981060917e-07,2.610258105934699e-06,3.046824359140596e-06,-9.492598993934002e-08,2.0178142001702297e-06,0.0,0.0,-8.665309782258701e-05,0.0
62,C=O + [Pt] <=> CO[Pt],-1.0459063434113557e-10,2.461958508173338e-09,1.4968269425482742e-10,2.716231918540682e-09,-3.5921735193236563e-10,2.2073198243105447e-09,2.566540503046359e-09,-6.527377304974559e-09,-3.960843953153104e-09,-5.830841907682765e-10,1.1709582755143017e-10,0.0,0.0,6.220157983380936e-11,0.0
63,C.[Pt] + O=[Pt] <=> CO[Pt] + [Pt],0.0009681503098924568,0.002751429806023033,0.001124642576996755,0.002907924863773658,0.0008114332356510955,0.0025947099370870544,0.001783262231460308,-0.012704605324612,-0.010921569649582108,-0.0021308106598619315,-0.0015152680493104873,0.0,0.0,0.022362357813394705,0.0
64,CO[Pt] + [Pt] <=> C[Pt] + O=[Pt],6.279119574791485e-10,-7.246094250009769e-10,1.0301202655515568e-09,-3.224059116689968e-10,2.2511397738049592e-10,-1.1274104290611945e-09,-1.3525299642853693e-09,2.3011414279065192e-10,-1.1224273031280945e-09,5.3610013407413856e-11,1.077721647077386e-10,0.0,0.0,1.677517323130623e-12,0.0
65,C=O + [Pt] <=> C=O.[Pt],-9.661812506027653e-08,3.6325923129809165e-07,-9.93462827760331e-07,-5.335854642899067e-07,8.01514929414182e-07,1.2613922786502774e-06,4.5987734857809276e-07,1.5416977682107102e-06,2.001575127069184e-06,-3.458380718650817e-07,7.9357878388732e-07,0.0,0.0,-6.904229793080854e-05,0.0
66,O=C[Pt] + [Pt] <=> C=O.[Pt] + [Pt],5.617042487468038e-06,1.9734896851868535e-05,1.9566518351463937e-06,1.6074505677679254e-05,9.282691419310413e-06,2.3400546278792675e-05,1.4117853559688593e-05,-7.406280888892916e-05,-5.9944965793586985e-05,-1.563575267106388e-05,4.227774700285985e-07,0.0,0.0,-0.00010237937427699312,0.0
67,C=O.[Pt] + C[Pt] <=> C.[Pt] + O=C[Pt],1.1115798085988745e-10,1.5661332709534567e-09,5.202639591002644e-10,1.9752356320852724e-09,-2.9853569379147174e-10,1.1564235086342377e-09,1.4549603197542147e-09,-4.5954636685484694e-09,-3.1405012929107165e-09,-3.035892894082762e-10,1.667979838323083e-10,0.0,0.0,6.550514519856546e-10,0.0
68,C=O.[Pt] + [Pt] <=> C=[Pt] + O=[Pt],6.837165891095557e-10,1.0573113115765816e-09,1.3258186475976626e-09,1.6993966203008278e-09,4.0692126414888505e-11,4.1426420276238084e-10,3.735771134473135e-10,-4.869802246393165e-09,-4.4962324815488165e-09,-4.1639672172740236e-10,-3.5878969492310234e-10,0.0,0.0,1.5656192925990692e-10,0.0
69,C=O.[Pt] + C#[Pt] <=> C=[Pt] + O=C[Pt],4.293120735133474e-11,4.949876114529641e-09,6.7999828595905904e-12,4.913752659373262e-09,7.911433573128293e-11,4.986051462413276e-09,4.9069351089385994e-09,-1.7867641156101402e-08,-1.296070072252432e-08,-2.9395776549621973e-09,2.013875105909165e-08,0.0,0.0,-1.9799698839517037e-08,0.0
70,C=O.[Pt] + C=[Pt] <=> C[Pt] + O=C[Pt],-1.122873744474703e-09,3.438969938648289e-09,-1.5355144541054562e-09,3.026336768321325e-09,-7.09640260655906e-10,3.852215582305334e-09,4.561842582927976e-09,-6.314890538413562e-09,-1.7530592553589404e-09,-6.079263356870161e-10,2.0786177550558821e-10,0.0,0.0,2.0015831696444936e-11,0.0
71,C=O.[Pt] + C~[Pt] <=> O=C[Pt] + C#[Pt],2.5361952173564856e-09,6.283145639036059e-09,1.245678535467095e-09,4.9926369090508974e-09,3.828565775900335e-09,7.575527944225001e-09,3.746947698515844e-09,-2.0473918929171683e-08,-1.6726973855041e-08,-4.3773271776463424e-09,-1.0621202917077969e-08,0.0,0.0,-3.919995792916045e-09,0.0
72,C=O.[Pt] + [Pt] <=> O=C[Pt] + [H][H].[Pt],3.490075578536723e-10,4.730169179604773e-09,-2.5103685413374435e-09,1.8708045370779044e-09,3.2124912603567e-09,7.593641408985617e-09,4.381157866369324e-09,-7.686817419356899e-09,-3.305671204093958e-09,-3.0405040614506216e-09,-1.909673705694755e-09,0.0,0.0,2.7943054183079817e-08,0.0
73,C=O.[Pt] + O=[Pt] <=> O=C[Pt] + O[Pt],1.205556993421369e-07,-8.251749713617838e-07,1.8556729322622468e-06,9.099422588653014e-07,-1.6170540959570578e-06,-2.562784744254113e-06,-9.45730670729826e-07,-2.469834794446387e-06,-3.415565446676556e-06,7.546248926927989e-07,-6.7404910161624e-07,0.0,0.0,0.00010914313939307597,0.0
74,C=O.[Pt] + O[Pt] <=> O=C[Pt] + O.[Pt],2.683230149090061e-10,8.164904515742184e-10,1.6082256146302583e-09,2.1564056715769466e-09,-1.0735044062296914e-09,-5.253298980029373e-10,5.481671962363827e-10,-5.332025032824726e-09,-4.783866143169666e-09,1.2703558388211667e-10,-1.1549078694584304e-10,0.0,0.0,2.8932884717211153e-08,0.0
75,C=O.[Pt] + O=C=[Pt] <=> 2 O=C[Pt],1.606529719741773e-09,4.026437329773707e-09,1.9330345690229187e-09,4.352942327458459e-09,1.2795677181186376e-09,3.6994830051236004e-09,2.419901036759484e-09,-1.8983168824389516e-08,-1.6563263825596792e-08,-3.2366033007297362e-09,9.507972000872481e-10,0.0,0.0,-6.203954691055242e-09,0.0
76,C=O.[Pt] + [Pt] <=> CO[Pt] + [Pt],2.9825942593581472e-05,8.877174801422102e-05,2.857243233617849e-05,8.751823702698178e-05,3.1081253554608e-05,9.002705971801663e-05,5.8945787823251025e-05,-0.0003876461512028393,-0.00032870059188282955,-6.914053423332635e-05,-4.2995114184697e-05,0.0,0.0,7.287896901732218e-05,0.0
77,C=O.[Pt] + [H][H].[Pt] <=> CO[Pt] + [Pt],6.49288492259896e-10,2.1427876538069117e-09,1.6015561724538361e-09,3.095065261303935e-09,-3.0434715693892514e-10,1.1891617730165915e-09,1.4934982909920889e-09,-7.63825856625397e-09,-6.144771596199274e-09,-5.04403551176148e-10,1.6126149545123805e-10,0.0,0.0,2.1397877218342325e-10,0.0
78,C=O.[Pt] + O=C[Pt] <=> CO[Pt] + O=C=[Pt],2.0703175122739306e-07,6.297636842744797e-07,2.423309416978905e-07,6.650628745486497e-07,1.7168186400182178e-07,5.944137853611353e-07,4.227319182990095e-07,-2.9193204310290933e-06,-2.496588519307153e-06,-4.93221553393185e-07,-4.56711779536845e-08,0.0,0.0,1.296075237237535e-07,0.0
79,C=O.[Pt] + O[Pt] <=> CO[Pt] + O=[Pt],-4.737040107413665e-10,6.2120240126789374e-09,-9.02135806306285e-09,-2.3356272228655056e-09,8.086229074095051e-09,1.4771954276691907e-08,6.685721181277855e-09,7.1736067229209785e-09,1.3859322611203965e-08,-4.3244649211093925e-09,3.735741026586117e-09,0.0,0.0,-4.32688905725949e-07,0.0
80,C=O.[Pt] + C[Pt] <=> C=[Pt] + CO[Pt],3.790142747595139e-09,3.2685419594546646e-09,1.6806792539891736e-08,1.6285188857850845e-08,-9.245217845191067e-09,-9.76682356086375e-09,-5.216159518383825e-10,-5.8038392512780875e-08,-5.856001444363861e-08,-1.5323615378219874e-09,2.7029028071400264e-08,0.0,0.0,1.0908437647593953e-07,0.0
81,C=O.[Pt] + C.[Pt] <=> CO[Pt] + C[Pt],2.5967739417545934e-10,1.4909149128648802e-09,7.684217978034037e-10,1.9996606205707877e-09,-2.497978402787796e-10,9.8143837245932e-10,1.231226498200747e-09,-4.8679080277085626e-09,-3.636676289025064e-09,-3.3302183067069597e-10,1.2346188748145558e-10,0.0,0.0,-5.120621628856228e-10,0.0
82,C=O.[Pt] + C=[Pt] <=> CO[Pt] + C#[Pt],6.621025372756887e-10,4.301844059585848e-09,6.235572414909738e-10,4.263292188416137e-09,7.007032048545053e-10,4.340431602022918e-09,3.6397300174273863e-09,-1.4631814231972056e-08,-1.0992077916711977e-08,-2.2477779236381654e-09,-3.2585750784599367e-09,0.0,0.0,-2.87370155070388e-10,0.0
83,C=O.[Pt] + C#[Pt] <=> CO[Pt] + C~[Pt],5.204190191349782e-07,1.345132950550987e-06,3.335314454952767e-07,1.1582453731352148e-06,7.075750520496714e-07,1.5322889794215857e-06,8.24713910211446e-07,-5.174000106480872e-06,-4.349286237154891e-06,-1.017570792103107e-06,-2.903371567240475e-06,0.0,0.0,9.821573220802778e-07,0.0
84,C=O.[Pt] + O.[Pt] <=> CO[Pt] + O[Pt],8.212864662763223e-10,-1.1482666343451197e-09,1.4058756883843958e-09,-5.636838599719229e-10,2.358574593545202e-10,-1.733708894242163e-09,-1.9695609982807815e-09,9.53427118737542e-10,-1.016133128913952e-09,2.0135430839654006e-10,2.405937833611012e-10,0.0,0.0,5.013489272538112e-12,0.0
85,2 C=O.[Pt] <=> CO[Pt] + O=C[Pt],1.7719959747974153e-10,3.959648785055623e-09,9.680303697027295e-10,4.750492965991031e-09,-6.147791178277401e-10,3.1676882361288434e-09,3.782447559264348e-09,-1.1433414840557885e-08,-7.650963001536182e-09,-9.009639448120819e-10,2.0483203593549115e-10,0.0,0.0,5.4900566938820396e-12,0.0
86,[CH]C + 2 [Pt] <=> C[Pt] + C#[Pt],-9.487352905272698e-07,-6.149160649051053e-07,-1.1602317428210395e-06,-8.264124984042553e-07,-7.369350154771492e-07,-4.031157889666312e-07,3.3381922116481725e-07,2.7703771467466965e-06,3.1041963809594603e-06,2.0173005622394808e-07,-3.802089978729909e-07,0.0,0.0,-1.6250949067827913e-10,0.0
87,C.[Pt] + C~[Pt] <=> CC#[Pt] + [Pt],4.048240653367354e-10,2.2049082878502134e-09,1.2077742680089234e-09,3.007855652940262e-09,-3.992796060633788e-10,1.400787748135998e-09,1.8000712585556833e-09,-7.153282870681479e-09,-5.353220021392498e-09,-4.579387700864987e-10,1.72821394644287e-10,0.0,0.0,-7.98155117266809e-11,0.0
88,CC#[Pt] + [Pt] <=> C[Pt] + C~[Pt],6.679573326350823e-10,-5.887476197914977e-10,1.2312715909792365e-09,-2.54287551356049e-11,1.0384573616042516e-10,-1.1528560036052153e-09,-1.256709800729757e-09,-6.863757115971412e-11,-1.3253508648536678e-09,1.3875044151938185e-10,2.3862805947335967e-10,0.0,0.0,1.2009499017866962e-12,0.0
89,CO[Pt] + C~[Pt] <=> CC#[Pt] + O=[Pt],1.0725557567713542e-09,-9.503826742204983e-10,1.8855058930147856e-09,-1.3741762256717757e-10,2.5843778651231466e-10,-1.7644958713434493e-09,-2.022939678939452e-09,-3.845041080486063e-10,-2.407437385243676e-09,1.0925558718442343e-10,1.4003528429645086e-10,0.0,0.0,5.4900566938820396e-12,0.0
90,[CH]C + 2 [Pt] <=> CC#[Pt] + [Pt],-9.487736851589065e-07,-6.148191614429959e-07,-1.1601709939340269e-06,-8.262164686820025e-07,-7.370726960508982e-07,-4.0311817387330803e-07,3.339545183519438e-07,2.7702686414434574e-06,3.1042231577776863e-06,2.0179710508999966e-07,-3.800316859714838e-07,0.0,0.0,4.3844202763641286e-11,0.0
91,OC#[Pt] + [Pt] <=> O=C=[Pt] + [Pt],1.4936122422420085e-05,4.3778007944815426e-05,8.17660016797308e-06,3.701848373463952e-05,2.1705354977664962e-05,5.054724245077309e-05,2.884188119855337e-05,-0.00016787303553818765,-0.0001390312027563118,-3.38681424623269e-05,-5.207144943242296e-05,0.0,0.0,0.0006263426078085937,0.0
92,OC#[Pt] + [Pt] <=> C~[Pt] + O[Pt],0.008435792077280627,0.024974318651383033,0.006956314989973839,0.023494596900999566,0.00991739449010351,0.026456166078730765,0.016537131536053656,-0.1047573543628468,-0.08823754668827984,-0.01940743971719618,-0.018376480618396487,0.0,0.0,0.11257664577987256,0.0
93,C~[Pt] + O.[Pt] <=> OC#[Pt] + [Pt],0.0004945518410768567,0.0020292581245761896,-0.0006145515955418838,0.0009201376665670368,0.001605248547284994,0.0031399718766344444,0.0015346986936016817,-0.004990324403449629,-0.0034557022962984955,-0.0016267416877409082,-0.0007482112513025749,0.0,0.0,-4.0309620388253876e-07,0.0
