,Reaction,SYNGAS Selec,SYNGAS Yield,CO Selectivity,CO % Yield,H2 Selectivity,H2 % Yield,CH4 Conversion,H2O+CO2 Selectivity,H2O+CO2 yield,Exit Temp,Peak Temp,Dist to peak temp,O2 Conversion,Max CH4 Conv,Dist to 50 CH4 Conv
0,[H][H] + 2 [Pt] <=> 2 [Pt],-0.0003369209305203957,0.0011301498357503572,-0.004071882665798016,-0.0026048666942647485,0.003289565772477225,0.004756689742050155,0.0014670757091437613,0.0060092148755418896,0.007476378744421147,-0.0011004295163753789,-0.0018287203272277987,0.0,0.0,0.014236762806654058,0.0
1,O=C=O + [Pt] <=> O=C=O.[Pt],8.816009391509222e-10,9.280897063118614e-10,1.7936242475620553e-09,1.840104010517775e-09,-3.934344789351631e-12,4.25631650663763e-11,4.6484751713151025e-11,-5.474560242433464e-09,-5.428075883617095e-09,-6.89409210774585e-10,-1.0297899256302527e-09,0.0,0.0,4.543821772036634e-09,0.0
2,[C-]#[O+] + [Pt] <=> O=C=[Pt],4.6608120690807925e-05,-6.751486235234565e-05,0.00036198527830193277,0.0002478619353228544,-0.0002596094926268124,-0.0003737321262115567,-0.00011412292986643593,-0.0005972810536098513,-0.0007114033018427735,7.443659409970184e-05,-0.0001498686155742123,0.0,0.0,0.0018312599010767085,0.0
3,[O][O] + 2 [Pt] <=> 2 O=[Pt],0.00033625200206455734,-0.005050003848340601,0.01313731581943885,0.007750370473282222,-0.012093028672795148,-0.017478615052605357,-0.005386237739078546,-0.01685947802461037,-0.02224480767212661,0.004530154934249757,0.040407256982507356,0.0,0.0,0.5093088287597248,0.0
4,O=C=[Pt] + O=[Pt] <=> O=C=O.[Pt] + [Pt],3.7284925524093846e-08,6.856441583547682e-08,6.118246142739879e-08,9.246194127543432e-08,1.4081461124596173e-08,4.5360949673181154e-08,3.12794881797615e-08,-2.966842981446825e-07,-2.6540481453001813e-07,-4.854209496595324e-08,6.46694199622382e-08,0.0,0.0,-1.1741970745985111e-07,0.0
5,C=[Pt] + [Pt] <=> C[Pt] + [Pt],-0.0023831531581830745,0.0041408001643474185,-0.02122779505411285,-0.014705071176534294,0.01591418108554035,0.02243932814605975,0.0065241088020355584,0.03562032053286577,0.042146753243372664,-0.004414585709975225,-0.007114545697868701,0.0,0.0,0.0635482151594588,0.0
6,C[Pt] + [Pt] <=> C + 2 [Pt],2.76162679786952e-06,2.08153970555008e-05,-3.2033746795551474e-05,-1.3979982845512376e-05,3.6546433338107536e-05,5.460020968816035e-05,1.8053769757792743e-05,2.207074841037764e-05,4.0124522148117614e-05,-1.7368074315784318e-05,-0.0002166048028259036,0.0,0.0,0.0008617741962143054,0.0
7,C=[Pt] + [Pt] <=> C#[Pt] + [Pt],-0.00010030642881335663,0.0003377346045455828,-0.0012162160602415882,-0.0007781799150403916,0.0009831936782737048,0.0014212394578109943,0.0004380414727438445,0.0017954501909008976,0.0022334995284658114,-0.0003287109014290151,-0.00042966148633060005,0.0,0.0,0.007517722246187356,0.0
8,O=C=[Pt] + [Pt] <=> C~[Pt] + O=[Pt],0.010618711840399843,0.027654485082486344,0.012024298276810412,0.029060310945976525,0.00925394805357625,0.026289488822286412,0.017033964454478457,-0.10042393192108166,-0.08340707364347187,-0.021175380672131195,-0.018391371891293543,0.0,0.0,0.03537699225650136,0.0
9,C#[Pt] + [Pt] <=> C~[Pt] + [Pt],-1.9357136352443805e-08,5.935644914594431e-08,-2.220300877206306e-07,-1.4331652276086413e-07,1.7742955526129187e-07,2.561431287234596e-07,7.871357406475071e-08,3.32303926537722e-07,4.1101749751087004e-07,-5.844369313620139e-08,-6.300783285897949e-08,0.0,0.0,1.1356064313696258e-06,0.0
10,C~[Pt] + [H][H] <=> C=[Pt],-1.626757945927173e-07,1.7749117263430622e-06,-4.74347540858916e-06,-2.8058879902291787e-06,4.285082995608306e-06,6.2226706001515924e-06,1.937587515930515e-06,6.115412971726169e-06,8.053000610844555e-06,-1.608168056451652e-06,-7.218573936384049e-06,0.0,0.0,3.2839677976838714e-05,0.0
11,C + O=[Pt] + [Pt] <=> C[Pt] + O[Pt],-3.074246952611978e-08,7.682513135680535e-08,-3.1466694787062063e-07,-2.07099373801889e-07,2.4493596117077135e-07,3.5250354418852863e-07,1.0756759153044411e-07,4.858427148848687e-07,5.934103094848814e-07,-7.7873503088911e-08,-2.802439087844982e-08,0.0,0.0,-6.511450805652042e-07,0.0
12,O=C=[Pt] + O[Pt] <=> O=C=O.[Pt] + [Pt],3.130497525214296e-08,3.144890752205596e-08,1.1529802563782445e-07,1.1544194901473883e-07,-5.024864093612729e-08,-5.010471195375325e-08,1.4392107945525874e-10,-3.3158591704825073e-07,-3.3144200100328465e-07,-1.8118515010918648e-08,4.908142296704766e-09,0.0,0.0,-2.7099609180048472e-08,0.0
13,O[Pt] + [Pt] <=> [Pt] + O=[Pt],3.752890464007607e-07,-2.562808860077488e-07,2.5724046999761436e-06,1.940834727962396e-06,-1.7580154603974633e-06,-2.3895853863293316e-06,-6.315699330998163e-07,-4.939053833013051e-06,-5.57062373407378e-06,3.4266672431744107e-07,2.5732445165365747e-07,0.0,0.0,-3.2765875225029303e-07,0.0
14,C + O[Pt] + [Pt] <=> C[Pt] + O.[Pt],-3.324956998368538e-07,7.889000521132581e-07,-3.2774332373613666e-06,-2.1560375284286338e-06,2.5269116040123583e-06,3.6483073858082324e-06,1.121395753132339e-06,5.06623774181535e-06,6.1876335458509216e-06,-8.004192003993264e-07,-7.5740925158021e-08,0.0,0.0,-1.535896739187785e-05,0.0
15,O + [Pt] <=> O.[Pt],1.0693391608812418e-08,-4.904492178450847e-08,1.609492094182238e-07,1.0121085841788698e-07,-1.3519851289301632e-07,-1.9493684966130806e-07,-5.973832569823557e-08,-2.305978215611018e-07,-2.903361499048675e-07,4.658819491600963e-08,1.3678906861434003e-07,0.0,0.0,-2.3222082356210436e-08,0.0
16,O.[Pt] + [Pt] <=> [Pt] + O[Pt],0.0005568660105867022,-0.0012117710634960061,0.005318422739610963,0.0035497014513095186,-0.004066400139659203,-0.005834955445408708,-0.0017686272252085838,-0.00841971869336813,-0.010188197005139512,0.0012429176286205476,0.0007624489774937144,0.0,0.0,-0.0019224178335691948,0.0
17,O.[Pt] + O=[Pt] <=> 2 O[Pt],1.2377753644647212e-07,-2.998762133961569e-07,1.2344404064944392e-06,8.107866284556446e-07,-9.546281916958151e-07,-1.3782819461395198e-06,-4.236537485992598e-07,-1.9038901173634823e-06,-2.3275438545389122e-06,3.0309893550808256e-07,7.182219048753726e-08,0.0,0.0,2.6622053796436915e-06,0.0
18,[H] + [Pt] <=> [Pt],-3.272032511865143e-09,3.322315180973869e-09,-1.7849357162862983e-08,-1.1255030053843717e-08,1.088194464158299e-08,1.7476288475909025e-08,6.5943429585951414e-09,2.5016640394041126e-08,3.1610977984347384e-08,-4.342184029546242e-09,-2.52692461523056e-07,0.0,0.0,-9.688796754078222e-08,0.0
19,C + [Pt] <=> C.[Pt],-0.0009615788285740338,0.005776123300939575,-0.01721718781792324,-0.010480580953488628,0.014821916164668011,0.02156068174927914,0.006737766918442279,0.023341599146629116,0.03008093876762029,-0.00537744715317282,-0.02289000259428826,0.0,0.0,0.16715423109554567,0.0
20,[CH3] + [Pt] <=> C[Pt],-2.050922298977148e-08,7.537820572467899e-08,-2.5426480888891764e-07,-1.5837739088976282e-07,2.0645737764001002e-07,3.023448048362933e-07,9.588742663177333e-08,3.5840065605874537e-07,4.542880825041858e-07,-7.304687757116984e-08,-3.264458838664717e-08,0.0,0.0,1.59550591560536e-06,0.0
21,[H][H] + [Pt] <=> [H][H].[Pt],1.8959990082407704e-07,1.5161010892965657e-06,-2.4623698295155153e-06,-1.1358687116648087e-06,2.7645481037619037e-06,4.091049300915335e-06,1.3265011735427605e-06,1.933570885515608e-06,3.2600720888278357e-06,-1.2675113019770112e-06,-1.1410039541622781e-05,0.0,0.0,5.732507808072627e-05,0.0
22,[OH] + [Pt] <=> O[Pt],1.2883229569880422e-06,-4.431708481813808e-06,1.5856399049253536e-05,1.0136366764238198e-05,-1.2856650388516628e-05,-1.8576681017603946e-05,-5.720031364331905e-06,-2.3372880566691178e-05,-2.9092910594671164e-05,4.303870971208311e-06,6.701704568162674e-06,0.0,0.0,-4.5564947693544295e-07,0.0
23,[CH]=O + [Pt] <=> O=C[Pt],1.491191839934991e-10,6.457785827527833e-10,-4.0201033630339204e-11,4.56427868299486e-10,3.3295286949158485e-10,8.295979787636868e-10,4.966513062600467e-10,-1.676336386786383e-09,-1.1796897572577148e-09,-4.597076128255974e-10,1.1236023839715492e-10,0.0,0.0,6.002539204949764e-10,0.0
24,O=C=O + 2 [Pt] <=> O=C=[Pt] + O=[Pt],0.003673774294836928,0.008788097533926903,0.003724042369224453,0.008838368179082791,0.0036249661633830986,0.008739286906367905,0.00511413535729952,-0.030486796534583513,-0.025374220313323963,-0.006610261192793676,0.0057309976719632574,0.0,0.0,-0.028659271825864537,0.0
25,O + 2 [Pt] <=> [Pt] + O[Pt],0.0005551394640330343,-0.001217799601847422,0.005322830220907628,0.0035498066272131638,-0.004074082562631591,-0.005846939555683509,-0.001772929223662468,-0.008415718893392371,-0.010188498912311578,0.0012476551739636088,0.0007902716575809268,0.0,0.0,-0.0019854173272834466,0.0
26,CC + 2 [Pt] <=> 2 C[Pt],3.6142762099444966e-06,-6.415038212299408e-06,2.7775961304423668e-05,1.774664445045022e-05,-1.9845677556087083e-05,-2.987498964107103e-05,-1.0029314062190276e-05,-4.090694176239044e-05,-5.093625172732726e-05,6.538749196197404e-06,2.716150487760325e-06,0.0,0.0,0.0001248659549208686,0.0
27,C=O + 2 [Pt] <=> O=C[Pt] + [Pt],-7.403132633881868e-06,1.553293146108892e-05,-6.83842242714124e-05,-4.544817418439435e-05,5.1806876388861226e-05,7.474295406110525e-05,2.293606579120427e-05,0.00010761602852057004,0.00013055211899837423,-1.6021807405592435e-05,6.118354489333125e-06,0.0,0.0,2.6419789319244245e-05,0.0
28,C=O + 2 [Pt] <=> C=[Pt] + O=[Pt],0.0002074779460087365,0.000252288452758055,0.0007652905042525619,0.0008101012609333788,-0.0003341339816389229,-0.00028932371758615106,4.481041376350969e-05,-0.002370621104715108,-0.0023258117532345014,-0.0001595613180317609,-0.0001431709211252856,0.0,0.0,-0.0007886538157857747,0.0
29,CO + 2 [Pt] <=> C[Pt] + O[Pt],-3.872663244228296e-06,1.8545391574137233e-05,-5.6134701890371285e-05,-3.371665881236177e-05,4.68715214767034e-05,6.928958766246975e-05,2.2418055679565137e-05,7.43350838718629e-05,9.675315621363499e-05,-1.7567449994533863e-05,-1.834063699476216e-05,0.0,0.0,-0.00039742237141853626,0.0
30,CC=O + 2 [Pt] <=> C[Pt] + O=C[Pt],-6.660677290231748e-07,2.102609230447427e-06,-7.541836796023099e-06,-4.7731600472326655e-06,6.01000739731795e-06,8.77868453343848e-06,2.7686769716291077e-06,1.1053012900280811e-05,1.382169017626505e-05,-2.0638556534874173e-06,-1.3026203544431636e-06,0.0,0.0,-6.498003775010365e-05,0.0
31,C=C + 2 [Pt] <=> 2 C=[Pt],0.0010827417477802966,-0.00119820064206638,0.0017350497933439804,-0.0005459074751371657,0.000449378778866467,-0.001831549164495978,-0.0022809176933972983,0.003847806280431773,0.001566800821738674,0.0015007148070853168,-0.0008749234766408455,0.0,0.0,1.6908557593225947e-05,0.0
32,C.[Pt] + [Pt] <=> C[Pt] + [Pt],-4.805809940474481e-07,1.731322840191209e-06,-6.063543353657023e-06,-3.851639657351041e-06,4.940234596544262e-06,7.152138536798171e-06,2.211903833024485e-06,8.842027990347727e-06,1.1053932016720861e-05,-1.6748620571602726e-06,-3.5615080601890507e-06,0.0,0.0,4.402573260400378e-05,0.0
33,O=C[Pt] + [Pt] <=> O=C=[Pt] + [Pt],1.3782721060749779e-08,1.0515383574766763e-07,-1.740597316045775e-07,-8.268863446587098e-08,1.9616965020644542e-07,2.8754075402049447e-07,9.137110990254854e-08,1.457970541548676e-07,2.3716816659394495e-07,-8.764524841347027e-08,-4.832800652564422e-07,0.0,0.0,9.263963449055346e-06,0.0
34,C[Pt] + [H][H].[Pt] <=> C.[Pt] + [Pt],-8.361949581867489e-09,2.3734496474368694e-08,-9.038099768892338e-08,-5.8284572436169423e-08,7.127503132740083e-08,1.033714577492389e-07,3.209644056829359e-08,1.3538000465767058e-07,1.6747644451035758e-07,-2.3362496136429946e-08,-2.59941769692546e-08,0.0,0.0,5.6178755383779036e-08,0.0
35,C#[Pt] + [H][H].[Pt] <=> C=[Pt] + [Pt],-9.69314437684129e-07,1.0221527078213302e-05,-2.7488817550960705e-05,-1.629797903650831e-05,2.4779978934166122e-05,3.597082332043659e-05,1.1190841611263197e-05,3.558646642335794e-05,4.6777312016048425e-05,-9.270823826440315e-06,-3.983189819818208e-05,0.0,0.0,0.0001767134607010909,0.0
36,C=[Pt] + [H][H].[Pt] <=> C[Pt] + [Pt],-1.0884998751120469e-09,2.6535249966955775e-08,-6.421918660461934e-08,-3.65954633159025e-08,6.020867321550969e-08,8.783243285056774e-08,2.7623749823219823e-08,7.695214324504624e-08,1.045758966336435e-07,-2.387117682248678e-08,-1.6919831655751797e-07,0.0,0.0,9.717665693541736e-07,0.0
37,C~[Pt] + [H][H].[Pt] <=> C#[Pt] + [Pt],1.591594805164195e-07,2.8389318049320376e-06,-5.6462036780692105e-06,-2.966431540322746e-06,5.79591663968441e-06,8.475689113369386e-06,2.679772308109018e-06,5.834363243430501e-06,8.514135710158558e-06,-2.435226059197001e-06,-1.9568495872357966e-05,0.0,0.0,1.8260676268540568e-05,0.0
38,[H][H].[Pt] + O=[Pt] <=> [Pt] + O[Pt],5.06564812242338e-07,-5.00522030059341e-07,3.7922375562392755e-06,2.7851506493920632e-06,-2.683681664417369e-06,-3.6907684920156235e-06,-1.0070868452338955e-06,-6.987274377594002e-06,-7.994361151336723e-06,5.980933981781351e-07,8.104778526732637e-07,0.0,0.0,-1.0351974747373305e-08,0.0
39,[H][H].[Pt] + O[Pt] <=> O.[Pt] + [Pt],1.3151370808648923e-07,-2.9160433522810374e-07,1.2694179088741323e-06,8.46299852008779e-07,-9.733421649760188e-07,-1.3964601910664974e-06,-4.2311804235906524e-07,-2.006592751916711e-06,-2.4297107915560607e-06,2.979213933770248e-07,2.551772364319817e-07,0.0,0.0,-1.8135590877602208e-07,0.0
40,O=C=[Pt] + [H][H].[Pt] <=> O=C[Pt] + [Pt],-8.228318178122933e-08,3.118577408516624e-07,-1.0727589464224141e-06,-6.786180480252937e-07,8.794260643112807e-07,1.2735669825646358e-06,3.941409192152282e-07,1.5537339801133824e-06,1.947874900773836e-06,-3.00065021277109e-07,-6.20777285801036e-07,0.0,0.0,2.1731412905078806e-06,0.0
41,C.[Pt] + O=C=[Pt] <=> C[Pt] + O=C[Pt],2.531929055757217e-09,-3.1995260670028856e-10,1.3891679595484729e-08,1.1039784223972426e-08,-8.497886688576088e-09,-1.1349782951557733e-08,-2.8518886526692892e-09,-2.839861716007937e-08,-3.1250506065592386e-08,1.3578136535432325e-09,-1.7196616395297738e-08,0.0,0.0,4.697830601129007e-07,0.0
42,O=C[Pt] + C#[Pt] <=> C=[Pt] + O=C=[Pt],-9.98200865755607e-10,1.4916122380303147e-07,-3.0137879949230095e-07,-1.5121940901390762e-07,2.9065842456091605e-07,4.408178425934185e-07,1.501594165158842e-07,2.832410079006253e-07,4.3340042037037664e-07,-1.3197404186660934e-07,-2.8470247799739134e-07,0.0,0.0,1.0334696706749063e-05,0.0
43,C=[Pt] + O=C[Pt] <=> C[Pt] + O=C=[Pt],1.2540722548082197e-10,1.846298523299155e-09,-3.385371526915068e-09,-1.6644952942950337e-09,3.53422192427457e-09,5.255111860582532e-09,1.7208887359072931e-09,2.873958664547142e-09,4.594844222200177e-09,-1.630894663678395e-09,-1.2823452855306517e-08,0.0,0.0,1.436425180986372e-07,0.0
44,O=C[Pt] + C~[Pt] <=> C#[Pt] + O=C=[Pt],-3.640511507976939e-10,-5.70317143920986e-10,-8.000423174155105e-10,-1.0063413594418548e-09,5.928938374983533e-11,-1.4698842090728674e-10,-2.0627794690390593e-10,2.8836679248288485e-09,2.6773845871037914e-09,3.6111458039193104e-10,-2.957569879432387e-10,0.0,0.0,5.686128992895394e-10,0.0
45,O=C[Pt] + O=[Pt] <=> O=C=[Pt] + O[Pt],1.0446490840799167e-07,-5.517073244541893e-09,5.929371274259354e-07,4.829551259976747e-07,-3.698205295872177e-07,-4.798025039606304e-07,-1.0998198452020901e-07,-1.2766506520438311e-06,-1.3866326364582008e-06,3.707265448816046e-08,1.2736197359282386e-08,0.0,0.0,-4.721374698977519e-09,0.0
46,O=C[Pt] + O[Pt] <=> O=C=[Pt] + O.[Pt],1.7955517645584253e-09,-2.078410186151809e-09,1.2336584755162432e-08,8.462597867418464e-09,-8.439312640242498e-09,-1.2313290211850683e-08,-3.873972503197557e-09,-2.0737147360873235e-08,-2.461112070286396e-08,2.1839060648202217e-09,1.632022965858896e-09,0.0,0.0,-1.8134216623535504e-09,0.0
47,C.[Pt] + O=[Pt] <=> C[Pt] + O[Pt],0.0004558381953274938,-0.0005790331278591806,0.0036322104428287015,0.0025973062484170983,-0.002628282214894804,-0.0036631216215641197,-0.0010348666058794802,-0.006419872120957879,-0.007454672289719915,0.0006523000067914525,0.0005734668920961851,0.0,0.0,-0.000722848518928713,0.0
48,C=[Pt] + C.[Pt] <=> 2 C[Pt],-7.367211145972253e-08,2.38796676685092e-07,-8.696748912212928e-07,-5.572061272260779e-07,6.992122686206201e-07,1.0116810403799722e-06,3.124687738437324e-07,1.2865411283559135e-06,1.5990099013074273e-06,-2.3350899754093334e-07,-4.2452137520687557e-07,0.0,0.0,3.389011912470939e-06,0.0
49,C.[Pt] + C#[Pt] <=> C=[Pt] + C[Pt],-1.2170506384854713e-05,3.272577391435693e-05,-0.00012891171557691036,-8.40154877180302e-05,0.00010118017104507897,0.0001460765022176894,4.489628575110763e-05,0.00019624066717234046,0.0002411370410315486,-3.265562160406604e-05,-2.0308478964312943e-05,0.0,0.0,0.0003426296993556756,0.0
50,C.[Pt] + C~[Pt] <=> C[Pt] + C#[Pt],4.737068609808089e-10,-7.05193716917918e-10,6.992450403625311e-10,-4.796963525476794e-10,2.5473094172511196e-10,-9.241739071512209e-10,-1.1789140522562049e-09,1.6279134335121011e-09,4.489976871134829e-10,2.48917916505144e-10,-6.083110304873751e-10,0.0,0.0,1.3007044081405032e-09,0.0
51,C.[Pt] + O[Pt] <=> C[Pt] + O.[Pt],4.407396653389893e-07,-1.0696171724347466e-06,4.42480214653106e-06,2.914445234435365e-06,-3.4276131027400784e-06,-4.937969880272655e-06,-1.5103568386450585e-06,-6.8553734423051864e-06,-8.365730176252055e-06,1.0806731675739947e-06,6.345572458570325e-07,0.0,0.0,-7.588326071003452e-07,0.0
52,C#[Pt] + O[Pt] <=> C=[Pt] + O=[Pt],4.4800670096096705e-05,-3.7439459127071396e-05,0.00033269270004730663,0.000250452334028668,-0.00023473007009984216,-0.0003169699694647145,-8.224009239024175e-05,-0.0006365976535161049,-0.0007188372223653663,4.6733048400484604e-05,0.00015783653227812656,0.0,0.0,-0.0007655747320389119,0.0
53,C=[Pt] + O[Pt] <=> C[Pt] + O=[Pt],-2.642610066187245e-07,6.322150746196051e-07,-2.616428650531194e-06,-1.7199526059218585e-06,2.0195923051231303e-06,2.9160684100043765e-06,8.96476080744165e-07,4.040055802367816e-06,4.9365319229190795e-06,-6.404553348358486e-07,-1.0902048184764901e-07,0.0,0.0,-8.253151108670577e-06,0.0
54,C~[Pt] + O[Pt] <=> C#[Pt] + O=[Pt],-1.2424582343122146e-10,-1.0876279406771727e-09,1.5663914044456665e-09,6.030044983724999e-10,-1.7657697082318242e-09,-2.729159097990097e-09,-9.633897790185812e-10,-1.0402124372952714e-09,-2.003598563464429e-09,8.843502008007032e-10,9.945276723628816e-10,0.0,0.0,-1.1001017306526112e-10,0.0
55,2 C=[Pt] <=> C[Pt] + C#[Pt],8.53018350792733e-09,4.935424716213225e-08,-6.865346866813737e-08,-2.782942004208527e-08,8.347217974303632e-08,1.2429624199976132e-07,4.082406437304559e-08,3.828646791901828e-08,7.911053535103088e-08,-4.092229192881385e-08,-5.462221798457491e-07,0.0,0.0,2.337178681900748e-06,0.0
56,C[Pt] + C~[Pt] <=> C=[Pt] + C#[Pt],2.8438468284143023e-06,1.9562048234402817e-05,-2.9262455278774247e-05,-1.2544259253824248e-05,3.401768098531307e-05,5.073588760413556e-05,1.6718200930888896e-05,1.9285417530071148e-05,3.60036216830071e-05,-1.6236437150220325e-05,-0.00019634689890111494,0.0,0.0,0.0007728780183289645,0.0
57,C=[Pt] + C~[Pt] <=> 2 C#[Pt],-3.2964461507827873e-10,2.453510810609414e-10,-7.346818708625796e-10,-1.5971764240851156e-10,6.364100753199699e-11,6.386233568430262e-10,5.749845153448921e-10,2.1460813243358027e-10,7.895950273341766e-10,-8.76149969812878e-11,-3.2054792103659894e-10,0.0,0.0,8.403554886929669e-10,0.0
58,C#[Pt] + O.[Pt] <=> C=[Pt] + O[Pt],3.1053583245620398e-06,-1.023428131068372e-05,3.722024530587987e-05,2.3880601116444163e-05,-3.001872505053793e-05,-4.335836025572791e-05,-1.3339639222391816e-05,-5.520189150775147e-05,-6.854152336502504e-05,9.981190544492824e-06,1.4970449484044624e-05,0.0,0.0,-9.950626850644705e-06,0.0
59,C=[Pt] + O.[Pt] <=> C[Pt] + O[Pt],-1.641136587218748e-07,3.549942964395098e-07,-1.5380787521100208e-06,-1.0189708274074403e-06,1.1699471921613052e-06,1.6890551530523605e-06,5.191079528300575e-07,2.4057461337330003e-06,2.9248540951436273e-06,-3.64589804037667e-07,1.079063267746231e-07,0.0,0.0,-8.227935205430117e-06,0.0
60,C~[Pt] + O.[Pt] <=> C#[Pt] + O[Pt],0.00034779583748616904,-0.0012291950309996492,0.004351617462561226,0.002774563454378719,-0.0035397422187209205,-0.005116671781313278,-0.0015769853838036919,-0.006386551332095287,-0.007963436000912871,0.0011906388511423425,0.001936509246422538,0.0,0.0,-0.0009611302033620126,0.0
61,CO + [Pt] <=> CO.[Pt],-1.4198186028530727e-07,-2.951992753406387e-08,-5.685900602525544e-07,-4.5612814453317223e-07,2.7223632005279763e-07,3.8469824549672954e-07,1.1246192071210116e-07,1.1967739069145471e-06,1.3092358285882303e-06,-2.1131957203509585e-08,1.592429384783396e-06,0.0,0.0,-1.4234695291177209e-05,0.0
62,C.[Pt] + O[Pt] <=> CO.[Pt] + [Pt],-8.356390821307588e-07,5.324229566296803e-06,-1.423162458248011e-05,-8.071756791685447e-06,1.2171284879470534e-05,1.8331154312655134e-05,6.159868685436788e-06,1.6998517640869278e-05,2.3158387368719875e-05,-4.964098642118618e-06,-3.630577697354443e-06,0.0,0.0,-8.336710774485511e-05,0.0
63,CO.[Pt] + [Pt] <=> C[Pt] + O[Pt],5.284379325682331e-11,3.979743153767768e-09,-8.348602926635831e-09,-4.42173657425292e-09,8.21029800673142e-09,1.2137185516117751e-08,3.926889481925468e-09,8.33572594334264e-09,1.2262614955663303e-08,-3.745260486594901e-09,-3.098040822776177e-09,0.0,0.0,-3.3748571654316156e-08,0.0
64,CO.[Pt] + [Pt] <=> C[Pt] + O[Pt],-2.1518118432733826e-09,1.506535463618083e-08,-3.783823445519598e-08,-2.062108075304465e-08,3.2498164850321966e-08,4.971534373598601e-08,1.7217165873471556e-08,4.203207498482657e-08,5.924923804519224e-08,-1.3838222747969611e-08,-1.1066352117085185e-08,0.0,0.0,-1.7258074650925085e-07,0.0
65,CO.[Pt] + [Pt] <=> C[Pt] + O.[Pt],-0.0010933750680578202,-0.0021687769670216102,-0.002022742305282279,-0.0030981342097177074,-0.00019099957750610342,-0.001266411180733581,-0.001075413657268924,0.009920891686391518,0.008845371338501079,0.0015551368976965032,1.3650703665331257e-10,0.0,0.0,-5.216752254483613e-10,0.0
66,CO.[Pt] + [Pt] <=> C[Pt] + O[Pt],-1.6299309931101857e-09,1.452261961352711e-08,-3.679379342874618e-08,-2.0641269827134025e-08,3.2512662314757886e-08,4.866519117460564e-08,1.6152542966042435e-08,4.251559967108796e-08,5.8668137035835304e-08,-1.3616055468979275e-08,-1.1076327948922887e-08,0.0,0.0,-1.7258151483426907e-07,0.0
67,CO.[Pt] + [Pt] <=> C[Pt] + O[Pt],5.53117726122244e-11,2.9440669497363523e-09,-8.363804172706191e-09,-5.475075990343284e-09,8.229933963907366e-09,1.1118691507266096e-08,2.888754842689072e-09,1.1724980249301655e-08,1.4613735058528628e-08,-3.167971835475198e-09,-3.071631294450872e-09,0.0,0.0,-3.3749112974215364e-08,0.0
68,CO + 2 [Pt] <=> OC[Pt] + [Pt],-1.6319451788105813e-06,1.1931513768498217e-06,-9.94434392205155e-06,-7.119247622210826e-06,6.439035380905328e-06,9.264132157044178e-06,2.8250965957548435e-06,1.7622398019312375e-05,2.044749511659418e-05,-1.582476561532274e-06,1.1484795303837994e-05,0.0,0.0,-5.68342223973434e-05,0.0
69,C=O + [Pt] <=> OC[Pt],-2.517822860029777e-10,-5.034061626820413e-10,-5.116115660481714e-10,-7.632655661031561e-10,5.126570483094549e-13,-2.511098825572651e-10,-2.516311031237195e-10,2.225869946033746e-09,1.9742357051661316e-09,3.1113312608794775e-10,5.347970776568979e-11,0.0,0.0,-6.843331241948544e-11,0.0
70,OC[Pt] + [Pt] <=> C=[Pt] + O[Pt],1.491675757455658e-10,-1.3270245284998276e-10,-1.2114337134909182e-10,-4.0302397982327164e-10,4.116516875355549e-10,1.2978407619976574e-10,-2.8187150374172394e-10,1.050362226627872e-09,7.684915806859838e-10,-3.951712241696738e-11,-2.432021917386603e-10,0.0,0.0,1.4013200616646358e-10,0.0
71,C=[Pt] + O.[Pt] <=> OC[Pt] + [Pt],2.0052574221394177e-08,1.9098540583620509e-07,-2.028557049804666e-07,-3.192289478689482e-08,2.3648690804661095e-07,4.0741973254909595e-07,1.7093282967897004e-07,-8.0282155204241e-08,9.065067038404183e-08,-1.63560551563335e-07,-2.5710113506048273e-08,0.0,0.0,1.0608123831293036e-10,0.0
72,OC[Pt] + [Pt] <=> CO.[Pt] + [Pt],-1.1605385229807582e-06,1.0447399162267205e-06,-7.510766861125798e-06,-5.305488574896812e-06,5.005259229682876e-06,7.210537805503614e-06,2.2052784605263095e-06,1.3032425679361512e-05,1.5237704423076326e-05,-1.297088450664792e-06,7.287327171214151e-06,0.0,0.0,-2.5076457697772246e-05,0.0
73,CO.[Pt] + [Pt] <=> OC[Pt] + [H][H].[Pt],-3.399520582684833e-11,-4.120931165101739e-10,-2.269504290133047e-10,-6.050793950570521e-10,1.533559909861516e-10,-2.247437446179509e-10,-3.781017889185641e-10,1.7573232475027584e-09,1.3792154012114576e-09,1.942370258809918e-10,8.743717508077879e-11,0.0,0.0,-6.216447874798883e-10,0.0
74,CO.[Pt] + O=C=[Pt] <=> OC[Pt] + O=C[Pt],-3.264507594418773e-10,-1.0280992330715256e-09,-6.866714733382588e-10,-1.3883364260415293e-09,2.3319934569611486e-11,-6.783244608474636e-10,-7.01648763526755e-10,4.161801291931017e-09,3.4601499435742193e-09,6.165964868989305e-10,3.962255062689617e-11,0.0,0.0,-1.2375271373230247e-10,0.0
75,CO.[Pt] + O=[Pt] <=> OC[Pt] + O[Pt],-7.772078320050595e-10,7.19341722650304e-10,-6.573482942262818e-09,-5.076959305853319e-09,4.8507371465901875e-09,6.3472839553191825e-09,1.4965350399387602e-09,1.2621227792764726e-08,1.4117756798137869e-08,-1.1248395736223053e-09,4.167684526923604e-09,0.0,0.0,3.191353211985867e-08,0.0
76,C=[Pt] + CO.[Pt] <=> OC[Pt] + C[Pt],-2.4945948190377672e-11,-1.0497430858777216e-11,-6.094005189596013e-11,-4.6504033628377836e-11,1.0002773570503086e-11,2.4447437786059113e-11,1.4442731954438339e-11,4.5550703862452175e-11,5.999003282915742e-11,-8.390491567589126e-12,3.3131653421239566e-11,0.0,0.0,2.724061428282656e-12,0.0
77,C=[Pt] + CO.[Pt] <=> OC[Pt] + C[Pt],1.7667828679547794e-10,-7.893516363375122e-10,2.9788548438363747e-10,-6.681661347278438e-10,5.899132732639961e-11,-9.070495082834188e-10,-9.660400947792927e-10,2.142698061224936e-09,1.1766530350916533e-09,3.8358435486205067e-10,2.5005644705761067e-11,0.0,0.0,6.635534248380829e-13,0.0
78,C[Pt] + CO.[Pt] <=> OC[Pt] + C.[Pt],3.0699727511106873e-10,-4.0987032203157655e-10,5.659946992029584e-10,-1.509075652161666e-10,5.5533872814545145e-11,-6.613439644911557e-10,-7.168806344436523e-10,6.001767789381513e-10,-1.167070227011203e-10,1.4535908293963926e-10,3.197551396985035e-11,0.0,0.0,-2.0779699356771547e-12,0.0
79,CO.[Pt] + C#[Pt] <=> C=[Pt] + OC[Pt],6.693547145864286e-10,-1.258880464192464e-10,1.304249722413256e-09,5.089919176414769e-10,5.2899054031373296e-11,-7.42329100126466e-10,-7.952436223572698e-10,-1.207807309417431e-09,-2.003055025644823e-09,-6.563990001855438e-11,4.6260442705657976e-10,0.0,0.0,-1.9427447324680464e-09,0.0
80,CO.[Pt] + C~[Pt] <=> OC[Pt] + C#[Pt],1.584104003903032e-10,-8.266523991571857e-11,2.5905968464657806e-10,1.7982437932786332e-11,6.068428781151455e-11,-1.803897927418698e-10,-2.410745083240321e-10,-1.1221155984375065e-10,-3.532877667045455e-10,-1.8892875570557826e-11,4.062343706624169e-10,0.0,0.0,-1.4346025044999353e-09,0.0
81,CO.[Pt] + O[Pt] <=> OC[Pt] + O.[Pt],1.9599869380810312e-10,-1.0831012278338977e-09,3.474307411638509e-10,-9.316944810999862e-10,4.897663149895909e-11,-1.2301266357556952e-09,-1.2791049216597262e-09,3.0078266325328477e-09,1.7287220352578722e-09,5.409298543268172e-10,-1.847510843319969e-10,0.0,0.0,7.42132119884698e-12,0.0
82,C=[Pt] + CO.[Pt] <=> OC[Pt] + C[Pt],8.887145267047254e-11,-3.9208796620279787e-10,1.8891047721526228e-10,-2.920828769357428e-10,-8.250201800700996e-12,-4.892205715762267e-10,-4.809578634971827e-10,1.0557895445348876e-09,5.748266923523439e-10,2.0542434797111062e-10,3.346197897877934e-11,0.0,0.0,-4.3654830581452826e-13,0.0
83,C=[Pt] + CO.[Pt] <=> OC[Pt] + C[Pt],-2.4014406963093925e-10,-7.226353524251599e-10,-5.144111493309196e-10,-9.969219871913476e-10,2.618127623459449e-11,-4.563148639479013e-10,-4.824914731789427e-10,2.9259939560387557e-09,2.4434979001192842e-09,4.227399821774666e-10,-2.526990515179289e-11,0.0,0.0,-3.3177671241904146e-13,0.0
84,C=O + [Pt] <=> C=O.[Pt],-4.0367726323780513e-05,8.509546044802901e-05,-0.00037380514435124347,-0.0002483423759540168,0.0002833856207100896,0.000408849213665735,0.00012546323740485058,0.0005878733606441225,0.0007133373356120514,-8.771534583348182e-05,3.131024160022082e-05,0.0,0.0,0.0001973184457950111,0.0
85,O=C[Pt] + [Pt] <=> C=O.[Pt] + [Pt],-1.8485715586175153e-06,3.7962065593762236e-06,-1.6884060233027733e-05,-1.123928300420729e-05,1.275023927376893e-05,1.8395018199288728e-05,5.64477820928578e-06,2.664619256038023e-05,3.229097227333021e-05,-3.9278644859516194e-06,1.9452467434709443e-06,0.0,0.0,-9.095810315159123e-07,0.0
86,C=O.[Pt] + C[Pt] <=> C.[Pt] + O=C[Pt],-1.0456247827809613e-10,-7.583623118548777e-10,-2.2866947137990442e-10,-8.82506255728894e-10,1.595197978228025e-11,-6.378718659496679e-10,-6.538090751044762e-10,2.7520730867457564e-09,2.09826867239238e-09,4.4026298157372417e-10,4.1934829529674604e-11,0.0,0.0,1.7252389045790158e-11,0.0
87,C=O.[Pt] + [Pt] <=> C=[Pt] + O=[Pt],4.8631896136318955e-09,1.3208315310364657e-08,4.055761213266817e-09,1.24008670467367e-08,5.6471796767812696e-09,1.3992296748460417e-08,8.345114749175174e-09,-4.391810319983856e-08,-3.5572990576011574e-08,-1.0075363157746546e-08,-1.4127809384363833e-08,0.0,0.0,7.716096076865183e-09,0.0
88,C=O.[Pt] + C#[Pt] <=> C=[Pt] + O=C[Pt],4.376550056911264e-10,8.745154919445008e-11,1.339465533180456e-09,9.892316955113007e-10,-4.379641085964611e-10,-7.881860337892636e-10,-3.502139157735507e-10,-2.6402844347908642e-09,-2.9904978193156964e-09,-8.65875898505626e-11,1.7657883003846283e-09,0.0,0.0,-1.078099696039559e-08,0.0
89,C=O.[Pt] + C=[Pt] <=> C[Pt] + O=C[Pt],1.1495944620962405e-09,3.0588572485398277e-10,2.2632666221170993e-09,1.4195422134798353e-09,6.827876548065695e-11,-7.754426669380607e-10,-8.437086661837613e-10,-3.8157216695485955e-09,-4.659430694416875e-09,-3.9239341970512046e-10,3.288390925308473e-11,0.0,0.0,-6.65299618061341e-12,0.0
90,C=O.[Pt] + C~[Pt] <=> O=C[Pt] + C#[Pt],3.420208056693342e-10,-8.764462404332094e-10,5.779174859027322e-10,-6.405667153364977e-10,1.1298722899601639e-10,-1.1054910716338307e-09,-1.2184752262798571e-09,2.184513078735806e-09,9.660321299942079e-10,3.883218432981724e-10,7.314894308939577e-10,0.0,0.0,-1.732433220658839e-09,0.0
91,C=O.[Pt] + [Pt] <=> O=C[Pt] + [H][H].[Pt],-1.391867768818114e-10,8.321039243017748e-10,-2.8753562144930244e-09,-1.9040799916248032e-09,2.5175276194214217e-09,3.4888044669996902e-09,9.712811686431713e-10,4.338400577853453e-09,5.309679167259372e-09,-8.650577780126411e-10,-2.0022683670273542e-10,0.0,0.0,-3.9585152655327465e-09,0.0
92,C=O.[Pt] + O=[Pt] <=> O=C[Pt] + O[Pt],2.4555910668720163e-09,-7.774669870267636e-09,2.8526930966642167e-08,1.829663657358996e-08,-2.285853130387604e-08,-3.308879959044985e-08,-1.0230263504589029e-08,-4.241748504087282e-08,-5.2647746721322016e-08,7.617824327109846e-09,5.460050238242225e-09,0.0,0.0,2.1346007281006383e-08,0.0
93,C=O.[Pt] + O[Pt] <=> O=C[Pt] + O.[Pt],8.202401975303618e-12,-6.268280429644497e-10,3.668927565285692e-11,-5.983771494172682e-10,-1.943327880800957e-11,-6.544686222753249e-10,-6.350335235637063e-10,1.9547155046273963e-09,1.3196861939250099e-09,3.4956576320026077e-10,-1.6664924377881717e-11,0.0,0.0,1.3637769073645863e-11,0.0
94,C=O.[Pt] + O=C=[Pt] <=> 2 O=C[Pt],6.259473129826094e-11,-2.829925642021518e-10,8.537501124977047e-11,-2.602348595712659e-10,4.049990681644694e-11,-3.0510530270345325e-10,-3.4559819731388484e-10,7.581857389128548e-10,4.125924692394167e-10,1.1727662136648383e-10,5.146472186469715e-11,0.0,0.0,-1.783212519591185e-10,0.0
95,C=O.[Pt] + OC[Pt] <=> CO.[Pt] + O=C[Pt],-4.0574064520314565e-10,-1.097379031784012e-09,-8.10454802607486e-10,-1.502109927577812e-09,-1.2756814923049227e-11,-7.043868045958458e-10,-6.916430770593502e-10,4.514911757965709e-09,3.823268655189905e-09,6.686517815223406e-10,2.774734683334121e-12,0.0,0.0,-2.1827415290726412e-12,0.0
96,C=O.[Pt] + [Pt] <=> OC[Pt] + [Pt],1.5573143299589137e-08,-5.8271319820958406e-08,2.0208245516622194e-07,1.2823798507527871e-07,-1.6551933980336948e-07,-2.3936380807822047e-07,-7.384446755106358e-08,-2.9442813742110925e-07,-3.682726081174301e-07,5.604308027103006e-08,1.0071783154027611e-07,0.0,0.0,1.2195308699641265e-08,0.0
97,C=O.[Pt] + [H][H].[Pt] <=> OC[Pt] + [Pt],1.710406476797088e-10,-9.4079370687202e-10,3.201225252830096e-10,-7.917377594967344e-10,2.6288576547031353e-11,-1.0855525792079212e-09,-1.1118372404471898e-09,2.6030332982472573e-09,1.4911960080899142e-09,4.791522440774706e-10,-2.0133342732049368e-11,0.0,0.0,5.413198992100151e-13,0.0
98,C=O.[Pt] + O=C[Pt] <=> OC[Pt] + O=C=[Pt],1.1125263800131574e-10,-1.335461412652168e-10,1.8956125753976074e-10,-5.5248241084705255e-11,3.524219150704067e-11,-2.0957002423929156e-10,-2.4481175133492283e-10,1.416741427675495e-10,-1.0314220929007585e-10,2.973772861710159e-11,1.0900743398812618e-11,0.0,0.0,9.778682050245434e-13,0.0
99,C=O.[Pt] + O[Pt] <=> OC[Pt] + O=[Pt],1.3074241614617435e-10,-1.5879513956881665e-09,6.064290314401933e-10,-1.1122763623920512e-09,-3.3111684192322075e-10,-2.0498113303942305e-09,-1.7186999919925483e-09,3.900091793375837e-09,2.181394510673476e-09,9.150392323166244e-10,5.770787490219892e-11,0.0,0.0,3.676784450892283e-10,0.0
100,C=O.[Pt] + C[Pt] <=> C=[Pt] + OC[Pt],-8.345278623280514e-10,1.0948155169838779e-09,-7.99554846115839e-09,-6.066223936232628e-09,6.1185261048025324e-09,8.047859879485092e-09,1.9293405373115578e-09,1.4963344544748412e-08,1.689268279178188e-08,-1.4834236883033762e-09,-4.3817685207651327e-10,0.0,0.0,-5.893838676801946e-09,0.0
101,C=O.[Pt] + C.[Pt] <=> OC[Pt] + C[Pt],-2.0723767822559142e-11,8.522875471585273e-11,-7.196648079029263e-11,3.397231635104231e-11,2.9042617899577495e-11,1.349965449494422e-10,1.0595307277091054e-10,-2.2479316409025236e-10,-1.1884572586087557e-10,-6.706685436678383e-11,2.1322514739192562e-11,0.0,0.0,2.270051190235547e-13,0.0
102,C=O.[Pt] + C=[Pt] <=> OC[Pt] + C#[Pt],3.972720885914752e-10,-6.800453122330575e-10,7.828396148754661e-10,-2.945035897343871e-10,2.2902655576801466e-11,-1.0544216692213566e-09,-1.077323577900398e-09,1.2054284525426028e-09,1.2810950087329617e-10,3.0475939666585623e-10,5.03581312469389e-11,0.0,0.0,-3.074347788868234e-10,0.0
103,C=O.[Pt] + C#[Pt] <=> OC[Pt] + C~[Pt],1.7222866519294598e-09,-4.918735910368808e-09,1.7400527479817843e-08,1.0759475562349817e-08,-1.3500608766604622e-08,-2.014165079380339e-08,-6.641036162109696e-09,-2.4693168722550592e-08,-3.133421088981176e-08,4.583320288339042e-09,7.420235129239012e-09,0.0,0.0,-3.323725135468171e-08,0.0
104,C=O.[Pt] + O.[Pt] <=> OC[Pt] + O[Pt],4.839659124189468e-10,-1.0816734474388864e-09,9.195525985163326e-10,-6.461162405959748e-10,6.104195551963742e-11,-1.5046126818467853e-09,-1.56565170151866e-09,2.3015352158153203e-09,7.358793115096051e-10,4.913479472403383e-10,4.806236862203745e-11,0.0,0.0,-9.778682050245434e-13,0.0
105,2 C=O.[Pt] <=> OC[Pt] + O=C[Pt],4.1108793380651466e-11,-2.269684084751692e-10,5.4432248650975476e-11,-2.1366495620687054e-10,2.8184215400082592e-11,-2.399014758286664e-10,-2.680839060202704e-10,5.984146627345747e-10,3.303292018459572e-10,9.208612060574006e-11,2.9531104844056006e-11,0.0,0.0,1.3096449174435848e-12,0.0
106,C=O.[Pt] + CO.[Pt] <=> 2 OC[Pt],2.7740571872228904e-10,-4.935090485802575e-10,5.097451771930061e-10,-2.6117350330951573e-10,5.1826050907004664e-11,-7.190968391041351e-10,-7.709143192505149e-10,8.727056709832906e-10,1.0179518078061673e-10,1.8715933231377375e-10,1.2056882850201836e-11,0.0,0.0,2.287513122468128e-12,0.0
107,C.[Pt] + C~[Pt] <=> CC#[Pt] + [Pt],7.461129858383281e-08,-1.7383304188194795e-07,7.270080411803304e-07,4.785636730345559e-07,-5.588377674895037e-07,-8.072821209128865e-07,-2.4844435154150867e-07,-1.1255930114171305e-06,-1.3740373645408988e-06,1.7655200057500726e-07,1.3484335198276349e-08,0.0,0.0,-3.283223056751311e-07,0.0
108,CC#[Pt] + [Pt] <=> C[Pt] + C~[Pt],2.724939558875202e-10,2.578117099628593e-11,5.357886690469918e-10,2.890693365129407e-10,1.6858071309524867e-11,-2.2986027835996456e-10,-2.467175963763333e-10,-7.921769604798453e-10,-1.0388898299005669e-09,-7.675111787676765e-11,5.7427098178290116e-11,0.0,0.0,-6.006904688007909e-12,0.0
109,CO.[Pt] + C~[Pt] <=> CC#[Pt] + O[Pt],4.2441986150088724e-10,-9.467157505558742e-11,7.509022634788527e-10,2.3177913361169193e-10,1.0744337952011182e-10,-4.1167310704883194e-10,-5.191045431541632e-10,-6.320005975747426e-10,-1.1511067575701568e-09,-6.055994253885756e-11,-9.77763650317738e-12,0.0,0.0,1.453705858362379e-10,0.0
110,OC=[Pt] + [Pt] <=> O=C[Pt] + [Pt],5.680535984388669e-08,3.974979559177139e-07,-3.1111126836067174e-07,2.9581308008641567e-08,4.140365323575197e-07,7.547291315744117e-07,3.4069259684553757e-07,-4.2624960126914327e-07,-8.555700023591774e-08,-3.3536349585897085e-07,-1.9412968756166624e-08,0.0,0.0,6.205324623966728e-09,0.0
111,OC=[Pt] + [Pt] <=> C#[Pt] + O[Pt],2.7452166224344334e-06,1.3130256544297007e-05,-6.937661158990289e-06,3.44737773817649e-06,1.2146873199988648e-05,2.2531914072886035e-05,1.0385039622265927e-05,-2.0280126171037304e-05,-9.895088659986822e-06,-1.0770438499821022e-05,-6.663409397756195e-06,0.0,0.0,6.6764430853471154e-06,0.0
112,C#[Pt] + O.[Pt] <=> OC=[Pt] + [Pt],0.00014363496480610075,0.0013671573945213226,-0.0014239063469414228,-0.0002004030964542113,0.0016656499481902483,0.0028891910000644946,0.001223520672297154,-0.0006483067274596178,0.0005752060126738618,-0.001167047142872331,-0.0001835033476184878,0.0,0.0,1.6402688105585635e-06,0.0
113,CO.[Pt] + C#[Pt] <=> OC=[Pt] + C[Pt],-8.37201506629736e-10,-2.6272943993704073e-09,1.1457540162127616e-09,-6.443542251575058e-10,-2.762541921742529e-09,-4.552643756139941e-09,-1.790094733973509e-09,3.2538532968761968e-09,1.4637591642393522e-09,1.925418041152952e-09,1.2999863219310636e-08,0.0,0.0,-8.437169106477388e-08,0.0
114,OC[Pt] + [Pt] <=> OC=[Pt] + [Pt],7.40559548371155e-09,4.9209246328152515e-08,-3.372185244075843e-08,8.0817719886331e-09,4.733858492929794e-08,8.914221752101941e-08,4.180363894550177e-08,-6.514497789600977e-08,-2.334133364398672e-08,-4.1293281033295527e-08,-1.4778104793214513e-09,0.0,0.0,2.0322371351600245e-09,0.0
115,OC=[Pt] + [H][H].[Pt] <=> OC[Pt] + [Pt],7.077293739753121e-10,4.572142219479783e-10,8.920724783988313e-10,6.415218265087519e-10,5.287520951749844e-10,2.782115222219938e-10,-2.5052928645915413e-10,-2.061394019591917e-09,-2.311926299655887e-09,-5.147119464353483e-10,2.342008202957014e-11,0.0,0.0,-2.1390866984911886e-11,0.0
116,OC=[Pt] + O=C[Pt] <=> OC[Pt] + O=C=[Pt],4.4497425819121296e-10,3.4284576735211957e-10,5.797102015136147e-10,4.775391186931051e-10,3.1416339255819644e-10,2.1201636693469185e-10,-1.021413826880897e-10,-1.6613760202180187e-09,-1.7635202717522327e-09,-3.8211934839786843e-10,6.08459676988268e-11,0.0,0.0,-7.683250182335698e-13,0.0
117,OC[Pt] + O=[Pt] <=> OC=[Pt] + O[Pt],-9.971120513341065e-11,-5.089225869354946e-10,-1.1518566166141908e-09,-1.5610798087475079e-09,9.219004399436491e-10,5.126766809497707e-10,-4.092206649853436e-10,4.247228685480405e-09,3.838003256517059e-09,1.2871128221029577e-10,-2.2985703921405335e-10,0.0,0.0,2.974203607514381e-09,0.0
118,OC=[Pt] + C[Pt] <=> C=[Pt] + OC[Pt],3.1417377194255856e-09,1.1899819477445545e-08,3.5805196721462775e-10,9.116107985882406e-09,5.844576484894285e-09,1.4602635267210873e-08,8.758072657171408e-09,-3.50839098248282e-08,-2.6325840731247192e-08,-9.591321216769143e-09,-1.1701617713067806e-09,0.0,0.0,4.9275494790408273e-08,0.0
119,OC=[Pt] + C.[Pt] <=> OC[Pt] + C[Pt],-2.676547806808514e-10,-2.6164075738584453e-10,-1.3219067432930447e-09,-1.3159126512902525e-09,7.56002234659322e-10,7.620117658652748e-10,6.0153234119516384e-12,3.3155978486495165e-09,3.3216186958119498e-09,-1.4269543482294431e-12,-2.3634793641970997e-11,0.0,0.0,1.0127920694897056e-10,0.0
120,OC=[Pt] + C=[Pt] <=> OC[Pt] + C#[Pt],-5.877178288499259e-11,3.373780174303144e-10,-6.171484884833473e-10,-2.210094317728254e-10,4.834117520419412e-10,8.795641285880391e-10,3.9614775915441904e-10,2.642117035642584e-10,6.603630027029978e-10,-2.92582719560965e-10,-6.286095359981944e-11,0.0,0.0,-5.5109858126026045e-11,0.0
121,OC=[Pt] + C=[Pt] <=> OC[Pt] + C#[Pt],3.43097522152818e-10,2.5051056021564176e-10,-3.9256788216114075e-10,-4.851800080711389e-10,1.0573968900375318e-09,9.648023828963982e-10,-9.259726806665157e-11,8.258862434542634e-10,7.332915988466969e-10,-4.5927001349214034e-10,-4.5502345551104186e-11,0.0,0.0,-1.0728611163697847e-10,0.0
122,OC[Pt] + C~[Pt] <=> OC=[Pt] + C#[Pt],4.360871129241657e-09,5.2136520633470264e-08,-6.15652553258184e-08,-1.3789631626062343e-08,6.837229558633108e-08,1.1614793816725331e-07,4.777564905100448e-08,-8.428325149840584e-09,3.9347329011397355e-08,-4.483589497638387e-08,-7.519530991835468e-09,0.0,0.0,-4.648261588719701e-09,0.0
123,OC=[Pt] + O.[Pt] <=> OC[Pt] + O[Pt],4.297187583521896e-11,-1.7500044705219639e-10,1.9308529439129018e-10,-2.4898760214627226e-11,-1.0276985480063957e-10,-3.2075869812042633e-10,-2.1798102661131679e-10,2.2130417400717093e-10,3.320307115421161e-12,1.0943788548021009e-10,-2.4939579594253114e-11,0.0,0.0,1.4407141807813388e-09,0.0
124,OC=[Pt] + C=O.[Pt] <=> OC[Pt] + O=C[Pt],9.871917421604355e-11,2.0805031824126776e-10,1.70406214026221e-10,2.797158339984511e-10,2.911415144120207e-11,1.3843421605735762e-10,1.093180804221508e-10,-9.61939235532404e-10,-8.526217823293954e-10,-1.6940802022179947e-10,-2.6855467827983817e-11,0.0,0.0,-2.0954318679097357e-13,0.0
125,OC=[Pt] + CO.[Pt] <=> 2 OC[Pt],3.7024529506223e-10,1.4887855573437364e-10,7.08392801527651e-10,4.870078932456254e-10,4.1918655392001016e-11,-1.7946242100112981e-10,-2.2137581309132908e-10,-1.4100277649398685e-09,-1.631405133469229e-09,-1.742216128898268e-10,9.959315559824256e-12,0.0,0.0,7.683250182335698e-13,0.0
126,C=O.[Pt] + OC[Pt] <=> OC=[Pt] + OC[Pt],1.6949211161357478e-10,-5.765961327035931e-10,3.0882596115964e-10,-4.3729270998639285e-10,3.421687741042176e-11,-7.118857243614846e-10,-7.460936654690214e-10,1.451208420617451e-09,7.051103445040653e-10,2.769242738463939e-10,2.804463983512701e-11,0.0,0.0,2.287513122468128e-12,0.0
127,OC=[Pt] + C=[Pt] <=> OC[Pt] + C#[Pt],-2.0925803387437564e-10,-8.212982226758929e-11,-9.454978593779412e-10,-8.183820677158263e-10,5.056109944594343e-10,6.327393430397105e-10,1.2712582002782943e-10,1.978433588727536e-09,2.1055591687988388e-09,-5.4433551870459156e-11,-1.8333068443457585e-11,0.0,0.0,-5.084914666127625e-11,0.0
128,OC=[Pt] + C=[Pt] <=> OC[Pt] + C#[Pt],5.2795401504756624e-11,2.1416705925171446e-10,-9.50961958328919e-10,-7.895969930761646e-10,1.0274124138398974e-09,1.188778647453047e-09,1.613714731156729e-10,1.6512262308854181e-09,1.8125922840310373e-09,-3.712174171773955e-10,-5.134910791955823e-11,0.0,0.0,-1.0498113658227776e-10,0.0
129,OC#[Pt] + [Pt] <=> O=C=[Pt] + [Pt],8.252487438692641e-10,7.806869887626131e-07,-1.3980563049415988e-06,-6.181946029234649e-07,1.3590788837301907e-06,2.1389406126783835e-06,7.798617257010189e-07,9.937932215984004e-07,1.7736549597762164e-06,-6.898634959608872e-07,-5.913447005545162e-07,0.0,0.0,1.7331439213007051e-06,0.0
130,OC#[Pt] + [Pt] <=> C~[Pt] + O[Pt],0.00016610394678460516,0.0010556815622917615,-0.0009154479352751025,-2.5879940998121218e-05,0.0012162441615728512,0.0021058311188674847,0.0008895761378857071,-0.000815273579551843,7.429530585038898e-05,-0.0008819977985394897,-0.0007316769914136728,0.0,0.0,0.0008407689027848682,0.0
131,C~[Pt] + O.[Pt] <=> OC#[Pt] + [Pt],3.7604586690859944e-05,0.0008889494337077219,-0.0013236525165965408,-0.00047231925858486236,0.0013593265036298432,0.0022106826030588176,0.0008513445268649931,0.0005042913820378651,0.0013556402021611736,-0.0007747395760468063,-0.00026644555871193205,0.0,0.0,1.5716337080501984e-06,0.0
132,CO.[Pt] + C~[Pt] <=> C[Pt] + OC#[Pt],-4.6749674743809086e-08,-8.109320502647935e-08,-2.629908889615107e-08,-6.064262664842706e-08,-6.66062874329605e-08,-1.0094981831831177e-07,-3.4343536098017174e-08,2.080517561902851e-07,1.737082237725395e-07,5.538805114701881e-08,9.055777879076272e-07,0.0,0.0,-4.515454094799787e-06,0.0
133,OC[Pt] + C~[Pt] <=> C=[Pt] + OC#[Pt],-7.349497345128242e-11,-3.740460139385625e-10,-1.5527864120014342e-10,-4.558515081093326e-10,5.925361697902305e-12,-2.94632397700269e-10,-3.0055771879617766e-10,1.3636841087858071e-09,1.0631245270312743e-09,2.0892514263876686e-10,4.1373276081856985e-11,0.0,0.0,-2.287513122468128e-12,0.0
134,OC=[Pt] + [Pt] <=> OC#[Pt] + [Pt],7.010513121901093e-10,2.5730062948055407e-09,-1.7401497510867569e-09,1.3178887433707783e-10,3.071364143192757e-09,4.943307096510629e-09,1.871941844853455e-09,-2.6138879340612885e-09,-7.419409398021711e-10,-2.305729914043063e-09,-1.5943163034657305e-10,0.0,0.0,3.274112293608962e-11,0.0
135,OC#[Pt] + [H][H].[Pt] <=> OC=[Pt] + [Pt],1.0696779515374605e-06,7.225877959806619e-06,-5.35780690234636e-06,7.983926941986237e-07,7.3104884478119605e-06,1.3466688843925271e-05,6.156199933732072e-06,-8.447777291581161e-06,-2.291577874303286e-06,-6.079024859466846e-06,-3.146956257150561e-07,0.0,0.0,1.7855120814468936e-07,0.0
136,OC#[Pt] + O=C[Pt] <=> OC=[Pt] + O=C=[Pt],1.721334810362184e-06,8.823036981463996e-06,-3.7737714557907727e-06,3.327930299916827e-06,7.056845924689437e-06,1.4158548471209683e-05,7.101702046768551e-06,-1.665354416931249e-05,-9.551843309853363e-06,-7.301347580430765e-06,-4.095706587935687e-08,0.0,0.0,1.4173518616473685e-08,0.0
137,OC#[Pt] + O[Pt] <=> OC=[Pt] + O=[Pt],1.6469152882917914e-08,-3.42262486611203e-08,1.5355905856308564e-07,1.028636453666049e-07,-1.1663921897431888e-07,-1.6733462112659507e-07,-5.069540365444524e-08,-2.451467868594172e-07,-2.9584218801747945e-07,3.498418313014982e-08,2.202576133491687e-08,0.0,0.0,-8.763412132571925e-08,0.0
138,OC=[Pt] + C=[Pt] <=> C[Pt] + OC#[Pt],4.613185724517368e-10,1.5059838211927377e-10,3.6498953105126237e-10,5.4243727610437887e-11,5.548618378679543e-10,2.441386053337715e-10,-3.107271888218286e-10,-3.595774325018178e-10,-6.703002919701481e-10,-3.007639244908138e-10,4.229818764296836e-11,0.0,0.0,-6.32995043431066e-11,0.0
139,C.[Pt] + OC#[Pt] <=> OC=[Pt] + C[Pt],1.2610993421052039e-06,9.464605818621198e-06,-7.969597662524586e-06,2.3390802701234458e-07,1.0223707882452564e-05,1.842721509111294e-05,8.203506368009424e-06,-8.87482587157933e-06,-6.713202288725997e-07,-8.003160601390362e-06,-5.722791021546584e-07,0.0,0.0,3.479255073477325e-07,0.0
140,OC=[Pt] + C#[Pt] <=> C=[Pt] + OC#[Pt],9.25653935119063e-07,1.0164700850624644e-05,-1.1516312378810554e-05,-2.277266627775533e-06,1.300626643903505e-05,2.2245314473269048e-05,9.239046824577345e-06,-2.703294591285079e-06,6.5357519843060614e-06,-8.719203382345027e-06,-1.304295683089616e-06,0.0,0.0,-1.8943729101326062e-07,0.0
141,OC=[Pt] + C~[Pt] <=> OC#[Pt] + C#[Pt],1.0312282365411216e-10,3.45101011385149e-11,1.7485116643128598e-10,1.0621494932827091e-10,3.347769748030115e-11,-3.514419114045646e-11,-6.862531090516113e-11,-2.802822033408759e-10,-3.4890401602902504e-10,-4.2180770533662334e-11,1.5954724429171197e-11,0.0,0.0,2.287513122468128e-12,0.0
142,OC=[Pt] + C~[Pt] <=> OC#[Pt] + C#[Pt],3.264507594418773e-10,-1.0348162908389658e-10,6.069815807723146e-10,1.7704138298112257e-10,5.406743521124135e-11,-3.7585737085473617e-10,-4.2993184039629593e-10,-4.4200922850512586e-10,-8.719410070045328e-10,-3.297215847308833e-11,-2.5220356318161923e-11,0.0,0.0,1.8509648166535998e-12,0.0
143,OC#[Pt] + O.[Pt] <=> OC=[Pt] + O[Pt],6.180836532717726e-10,-1.284304690089997e-09,3.2795399115027604e-09,1.3771385709185488e-09,-1.966075547037572e-09,-3.868467259825049e-09,-1.9023906972728636e-09,-2.781782365938056e-09,-4.6841734812485185e-09,9.212988053908576e-10,3.2229864649155975e-10,0.0,0.0,-1.943844834198699e-09,0.0
144,C=O.[Pt] + OC#[Pt] <=> OC=[Pt] + O=C[Pt],7.802686103232775e-10,-6.471252392617145e-10,1.5234890185249563e-09,9.607100998157093e-11,5.864558187521416e-11,-1.3687527218283783e-09,-1.4274034889444744e-09,1.4206180833233634e-10,-1.2853369669338023e-09,1.9823249805603423e-10,5.148123814257414e-11,0.0,0.0,-6.111676281403395e-12,0.0
145,CO.[Pt] + OC#[Pt] <=> OC=[Pt] + OC[Pt],2.100443998454593e-10,-8.635962168781065e-10,4.036679842997561e-10,-6.699940199023302e-10,2.2068097591181423e-11,-1.0515755973273615e-09,-1.0736458925470512e-09,2.254874378744615e-09,1.1812258424000804e-09,4.297605975707555e-10,3.4007016148719976e-11,0.0,0.0,5.413198992100151e-13,0.0
146,OC=[Pt] + C=O.[Pt] <=> OC[Pt] + OC#[Pt],3.9446536697160734e-10,-6.754699250581346e-10,7.504725028872028e-10,-3.1946821968503187e-10,4.8821642158772514e-11,-1.0211002432264926e-09,-1.0699384283649325e-09,1.2044592886306357e-09,1.3452561035256197e-10,2.856952865735109e-10,2.7417021275801436e-11,0.0,0.0,-4.3654830581452826e-13,0.0
147,2 OC=[Pt] <=> OC[Pt] + OC#[Pt],2.066327813247578e-11,-7.197311173034889e-10,-4.199374924122177e-12,-7.446244308101944e-10,4.4827686084733736e-11,-6.95576773058816e-10,-7.404059091735621e-10,2.2409536607363607e-09,1.5005424953792314e-09,3.5038388369324563e-10,3.7293755446240745e-11,0.0,0.0,-5.413198992100151e-13,0.0
148,OC=[Pt] + C~[Pt] <=> OC#[Pt] + C#[Pt],1.1000655038559853e-10,-3.568315253123452e-10,1.5585574828035906e-10,-3.1098749117277457e-10,6.550087961423594e-11,-4.01328115389198e-10,-4.668426986592367e-10,9.300625534097053e-10,4.632241987397002e-10,1.4750902749097163e-10,-3.6996462444454945e-12,0.0,0.0,2.0779699356771547e-12,0.0
149,OC=[Pt] + C~[Pt] <=> OC#[Pt] + C#[Pt],4.301905779348398e-10,-2.312030753285554e-11,8.129474140390555e-10,3.5961582378771786e-10,5.856212607665215e-11,-3.9475656736429916e-10,-4.5332311039673163e-10,-9.486705005194729e-10,-1.401996725476696e-09,-8.784330967700451e-11,-1.9489207894846803e-12,0.0,0.0,2.287513122468128e-12,0.0
150,[CH]C + 2 [Pt] <=> C[Pt] + C#[Pt],-9.477306153500266e-06,-1.0981133619558545e-05,-1.2640988209698765e-05,-1.4144815635206199e-05,-6.405507359578494e-06,-7.909334860942982e-06,-1.5038276070955735e-06,4.2101499085711346e-05,4.059767083935363e-05,6.422800821990369e-06,-7.830876125420398e-06,0.0,0.0,1.8284057464023282e-08,0.0
151,[CH]C + 2 [Pt] <=> CC#[Pt] + [Pt],-9.477977080946795e-06,-1.0982126575924168e-05,-1.2642084111486346e-05,-1.414623358007858e-05,-6.405765667197301e-06,-7.909915235761005e-06,-1.5041496502393286e-06,4.210573965359758e-05,4.060158936891972e-05,6.423425485525849e-06,-7.831377989039969e-06,0.0,0.0,1.841753647400913e-08,0.0
152,CC=O + 2 [Pt] <=> CC=[Pt] + O=[Pt],6.697782779139179e-06,-5.710094535423167e-06,4.8760740239509325e-05,3.635285768427206e-05,-3.414353412980537e-05,-4.65514063838099e-05,-1.2407876495153007e-05,-9.2052196993947e-05,-0.00010446006207185513,7.106054094628518e-06,1.3058157917565803e-06,0.0,0.0,0.00020248723349180472,0.0
153,C.[Pt] + C#[Pt] <=> CC=[Pt] + [Pt],5.31769293368132e-07,-1.2305230581707065e-06,5.17192056446242e-06,3.4096281218135224e-06,-3.973617383272168e-06,-5.735909642280159e-06,-1.7622923409564857e-06,-8.024507781235508e-06,-9.786799986483884e-06,1.2519384354712178e-06,8.643116859529141e-08,0.0,0.0,-3.1283323302334634e-06,0.0
154,CC=[Pt] + [Pt] <=> C[Pt] + C#[Pt],3.0881196581356957e-10,-9.475432141938922e-10,6.830000899981638e-10,-5.733631171646103e-10,-5.4496636460988805e-11,-1.310839955535961e-09,-1.2563538964778893e-09,2.06653939890636e-09,8.101903842814332e-10,4.769071692362562e-10,3.2817844141576775e-11,0.0,0.0,-7.148915056018715e-11,0.0
155,CO.[Pt] + C#[Pt] <=> CC=[Pt] + O[Pt],-7.437812292649947e-11,1.5417919045085356e-09,-3.0303278838419895e-09,-1.4141738299944064e-09,2.795745407313269e-09,4.411907099898677e-09,1.6161565951160362e-09,2.2360197353663468e-09,3.852170687945493e-09,-1.4139595506315669e-09,-1.6699608561423392e-09,0.0,0.0,5.7181367146777145e-09,0.0
156,CC=[Pt] + [Pt] <=> CC#[Pt] + [Pt],9.24802675808458e-10,-1.603932801245965e-09,8.24493239305582e-09,5.716175691601457e-09,-6.182715536153651e-09,-8.711458316656322e-09,-2.5287436922495208e-09,-1.3858303852323563e-08,-1.638705082707333e-08,1.7299443215034948e-09,2.0144904126563258e-10,0.0,0.0,-1.0298069762571326e-08,0.0
157,CC#[Pt] + C.[Pt] <=> CC=[Pt] + C[Pt],2.5514708550355472e-08,-5.750263855079413e-08,2.418693837693213e-07,1.5885199880520314e-07,-1.8455633471303585e-07,-2.675737049406373e-07,-8.301735929302947e-08,-3.738087763544385e-07,-4.5682613235283744e-07,5.8177233194242016e-08,4.340230081904506e-09,0.0,0.0,-4.5984765722086787e-07,0.0
158,CC=[Pt] + C#[Pt] <=> CC#[Pt] + C=[Pt],6.977848689256078e-09,3.100215828141233e-08,-4.239445801687617e-08,-1.8370180133853536e-08,5.491625221615856e-08,7.894055276283366e-08,2.4024308342471682e-08,2.8085630080000113e-08,5.210993968090068e-08,-2.5213293978199486e-08,-1.887058740370861e-07,0.0,0.0,4.037575909908981e-06,0.0
159,CC=[Pt] + C=[Pt] <=> CC#[Pt] + C[Pt],2.172789667794292e-11,2.1063005781861798e-10,-3.4863407082047073e-10,-1.5975057727652033e-10,3.8133338814367246e-10,5.702376855474246e-10,1.8890200031542186e-10,1.537622599240842e-10,3.426651471431091e-10,-2.0243725686881698e-10,-1.2421231940168209e-09,0.0,0.0,8.556346793964753e-09,0.0
160,CC=[Pt] + C~[Pt] <=> CC#[Pt] + C#[Pt],-2.0930642562644233e-10,-1.0292674170310804e-09,-4.498733873391472e-10,-1.2698367709459885e-09,2.428563738154325e-11,-7.956689643869586e-10,-8.199600502380612e-10,3.796320770147218e-09,2.9763658360059326e-09,5.716569379586912e-10,3.769014611528848e-11,0.0,0.0,5.779899568984354e-12,0.0
161,CC=[Pt] + C~[Pt] <=> CC#[Pt] + C#[Pt],-1.8652600834104894e-10,3.09309152846567e-10,-3.999352065894253e-10,9.588986820752272e-11,2.0708960300314493e-11,5.165460595921686e-10,4.958323884688156e-10,-5.374806844148998e-10,-4.165153943722274e-11,-1.5850608900132653e-10,4.811191745566842e-11,0.0,0.0,5.238579669774339e-12,0.0
162,CC#[Pt] + [H][H].[Pt] <=> CC=[Pt] + [Pt],-8.713491464755943e-09,1.328855819104202e-07,-3.3903571181444283e-07,-1.9743667874653312e-07,3.120151568474119e-07,4.5361421353635495e-07,1.415990603923447e-07,4.2510658697253134e-07,5.667056465254477e-07,-1.1927605077316494e-07,-6.465250894531995e-07,0.0,0.0,-3.5256034071056534e-07,0.0
163,CC#[Pt] + O[Pt] <=> CC=[Pt] + O=[Pt],2.63191802954749e-07,-6.32491593497698e-07,2.6954779419592244e-06,1.7997944986039578e-06,-2.0984530751053387e-06,-2.994136465850853e-06,-8.95683398101082e-07,-4.270549535724772e-06,-5.166232896051036e-06,6.388135001888338e-07,8.806291408768196e-07,0.0,0.0,-7.80492702156419e-07,0.0
164,CC#[Pt] + O.[Pt] <=> CC=[Pt] + O[Pt],-0.0010933258705830816,-0.0021687699646349107,-0.0020224817935962187,-0.003097915895000368,-0.00019115555702549543,-0.0012666093535190182,-0.001075455852291016,0.009920305940991863,0.008844743400187925,0.001555145396237054,8.562781683935467e-08,0.0,0.0,-6.334305440209465e-08,0.0
165,CC#[Pt] + O=C[Pt] <=> CC=[Pt] + O=C=[Pt],1.5898892378626048e-08,-3.454407582200528e-08,1.5010353782873925e-07,9.966054831097835e-08,-1.1440801627750675e-07,-1.6485099169154985e-07,-5.0442968522944675e-08,-2.3555190554048488e-07,-2.8599487789155326e-07,3.549187446119188e-08,-1.441623314492969e-09,0.0,0.0,5.638551863095859e-07,0.0
166,CC#[Pt] + CO.[Pt] <=> CC=[Pt] + OC[Pt],3.1504240389215565e-10,-1.0616033980226462e-09,5.981776280805146e-10,-7.78481475123206e-10,4.014223910832407e-11,-1.336518559253692e-09,-1.376645475302536e-09,2.649711756479998e-09,1.2730719178739902e-09,5.179083241753822e-10,1.7556803383239112e-11,0.0,0.0,-1.2190174891564886e-10,0.0
167,CC=[Pt] + OC=[Pt] <=> CC#[Pt] + OC[Pt],-6.474816426522856e-11,-6.761838152556403e-10,-1.3259956083507426e-10,-7.440645380540454e-10,1.1326144090557725e-12,-6.103065404145692e-10,-6.114486911762524e-10,2.3092532847869854e-09,1.6977994597380957e-09,3.774008860197231e-10,2.583145859961051e-11,0.0,0.0,-4.3654830581452826e-13,0.0
168,CC=[Pt] + C=O.[Pt] <=> CC#[Pt] + OC[Pt],-3.5567937769015687e-11,-1.5006296447114448e-10,-7.244535687813113e-11,-1.8695477825176117e-10,2.6228965262344207e-13,-1.142426049583992e-10,-1.1449959662848538e-10,5.128815422129721e-10,3.98377773652756e-10,7.189947309278754e-11,-2.0562765956851075e-11,0.0,0.0,2.270051190235547e-13,0.0
169,CC#[Pt] + C=O.[Pt] <=> CC=[Pt] + O=C[Pt],1.8800195677908292e-11,-2.7742746561705044e-10,4.5394997352279796e-11,-2.508484221887676e-10,-7.010287079208361e-12,-3.032505592219733e-10,-2.9623978862423217e-10,7.609698825145056e-10,4.647248357633959e-10,1.3755839916931831e-10,5.881446551995718e-11,0.0,0.0,3.71066059942349e-10,0.0
170,CC=[Pt] + OC#[Pt] <=> CC#[Pt] + OC=[Pt],1.6011741944445562e-09,3.269355885662996e-08,-4.974475164685731e-08,-1.8652399017820652e-08,5.145586482909749e-08,8.254823669349546e-08,3.10923729091724e-08,2.164654029121499e-08,5.2738907466501636e-08,-2.8857031419432357e-08,-9.541024306311638e-09,0.0,0.0,5.491341138840951e-09,0.0
171,CC=[Pt] + C~[Pt] <=> CC#[Pt] + C#[Pt],-1.5065562212161646e-10,-4.323091889213585e-10,-3.0379162280031225e-10,-5.854666811578318e-10,-1.955250137738386e-12,-2.836158609869958e-10,-2.8166305194031966e-10,1.7506095847671318e-09,1.4689464056047255e-09,2.585641278991751e-10,3.7822276338304386e-12,0.0,0.0,5.133808076378852e-12,0.0
172,CC=[Pt] + C~[Pt] <=> CC#[Pt] + C#[Pt],2.7463529091647114e-10,-1.1204344402080034e-09,5.473676472734456e-10,-8.477270351116369e-10,9.835861973379078e-12,-1.3852375539784287e-09,-1.3950785703124275e-09,2.9491481629537507e-09,1.5540691545708964e-09,5.734263613504958e-10,-4.6394224556461584e-11,0.0,0.0,6.216447874798882e-12,0.0
173,O=CO + 2 [Pt] <=> O=C[Pt] + O[Pt],1.2477861662147572e-08,1.0919469763720822e-08,3.8536227050405704e-08,3.697780419861627e-08,-1.2823686862211269e-08,-1.438209667376214e-08,-1.5584005567126688e-09,-1.0525666339985462e-07,-1.0681505976170948e-07,-6.210809287639662e-09,-5.359145690180549e-08,0.0,0.0,3.1940144104581123e-09,0.0
174,O=CO + 2 [Pt] <=> OC=[Pt] + O=[Pt],-7.267981438771906e-09,1.5089383531237783e-08,-6.931711725263724e-08,-4.6959769864449137e-08,5.297907621993732e-08,7.533643441662334e-08,2.2357363954884934e-08,1.1184440531157345e-07,1.3420176815643262e-07,-1.5835616366447255e-08,-1.4261409556110795e-08,0.0,0.0,3.6350940876869954e-08,0.0
175,OCO + 2 [Pt] <=> OC[Pt] + O[Pt],-2.7159870847428647e-10,2.6632971800127976e-10,-3.4618934699768496e-09,-2.9239905166862696e-09,2.826051784448214e-09,3.3639770328625003e-09,5.37924762938091e-10,7.3817514730504024e-09,7.919676880771539e-09,-5.968854908353879e-10,1.890700909968295e-09,0.0,0.0,-2.9669569056378598e-08,0.0
176,O=CO.[Pt] + [Pt] <=> O=C[Pt] + O[Pt],3.4295234689661797e-10,2.230906867205359e-11,6.565513953006223e-10,3.358862513874018e-10,3.846120088014655e-11,-2.8217683587205445e-10,-3.2064353880291713e-10,-9.12846678100763e-10,-1.2334881853591828e-09,-8.928929008321035e-11,2.4642286592467315e-11,0.0,0.0,7.683250182335698e-13,0.0
177,O=CO.[Pt] + [Pt] <=> O=C[Pt] + O[Pt],2.6802981675936824e-10,-7.364588626132251e-10,4.97883784863468e-10,-5.0663707457885e-10,4.486345285554602e-11,-9.596378816505532e-10,-1.0044994521383796e-09,1.6960720882664397e-09,6.915691631721342e-10,3.3750324244322785e-10,2.4642286592467315e-11,0.0,0.0,7.683250182335698e-13,0.0
178,[Pt] + O=CO.[Pt] <=> O=C[Pt] + O.[Pt],5.3666453041957006e-11,2.6203015203902945e-11,5.888947993008761e-11,3.141986408036293e-11,4.8595119276961355e-11,2.1137680021694016e-11,-2.747096954220488e-11,-2.142380880308292e-10,-2.4170890517101516e-10,-5.049515786934589e-11,1.6268533708833984e-11,0.0,0.0,4.3654830581452826e-13,0.0
179,C[Pt] + O=CO.[Pt] <=> CO.[Pt] + O=C[Pt],3.0027082157379913e-10,1.2681285872056063e-10,5.719622319898689e-10,3.984789680380619e-10,3.647018397159588e-11,-1.3699519094241628e-10,-1.7346167759712025e-10,-1.161199335832833e-09,-1.3346571160432967e-09,-1.4587278650500186e-10,3.123228146538585e-11,0.0,0.0,-9.778682050245434e-13,0.0
180,C=[Pt] + O=CO.[Pt] <=> OC[Pt] + O=C[Pt],1.6862106007637439e-10,-4.51665348140093e-10,3.2358516776430333e-10,-2.9672669332497883e-10,1.8181441829579508e-11,-6.021040972594036e-10,-6.202930033215476e-10,1.0287410608099886e-09,4.084450393550294e-10,2.0576681701468568e-10,6.499155344595099e-11,0.0,0.0,3.597158039911713e-12,0.0
181,C=O.[Pt] + O[Pt] <=> [Pt] + O=CO.[Pt],4.924102731545839e-10,-7.909254397274679e-10,9.003607183806513e-10,-3.8299958007394184e-10,9.633183605442782e-11,-1.18701983897923e-09,-1.2833484047597416e-09,1.4904331273090637e-09,2.070879092700045e-10,3.2899859452778037e-10,1.1643975903277116e-11,0.0,0.0,5.6209959856678656e-11,0.0
182,O=CO.[Pt] + [Pt] <=> OC=[Pt] + O=[Pt],-1.406990191338954e-10,-1.4358927836194492e-10,-2.9993605634951e-10,-3.028525787746093e-10,1.3913273845979859e-11,1.1016536713273204e-11,-2.9034358052736868e-12,7.782914847956625e-10,7.753921477870727e-10,8.68539546622321e-11,1.27010176874044e-11,0.0,0.0,-7.683250182335698e-13,0.0
183,C#[Pt] + O=CO.[Pt] <=> OC=[Pt] + O=C[Pt],-8.141912285220258e-11,-9.951142609913185e-10,-1.7055356051478669e-10,-1.0842817245845999e-09,5.1504149969694075e-12,-9.085524900701354e-10,-9.137038032124362e-10,3.3973247981713943e-09,2.483625170453698e-09,5.587382445927207e-10,-3.020827223701255e-11,0.0,0.0,1.746193223258113e-12,0.0
184,C~[Pt] + O=CO.[Pt] <=> OC#[Pt] + O=C[Pt],6.186885501726062e-10,7.830726475549051e-10,6.990485783777769e-10,8.634040322838096e-10,5.406743521124135e-10,7.050423604815413e-10,1.6437913482164872e-10,-2.85882208635842e-09,-2.694446948223607e-09,-5.97570428922538e-10,-5.4706371723613745e-09,0.0,0.0,2.8916959777154352e-11,0.0
185,O=CO + [Pt] <=> O=CO.[Pt],-3.18901646119474e-10,-1.2783501968517108e-09,-7.612287965524982e-10,-1.7207151139859974e-09,1.1057893309465569e-10,-8.488809153039009e-10,-9.594589736206722e-10,5.159053336183094e-09,4.199597699029935e-09,7.368221472517552e-10,-4.013455524108283e-12,0.0,0.0,1.6393261979947165e-10,0.0
186,O=CO.[Pt] + [Pt] <=> O=C[Pt] + O[Pt],6.581883177970403e-10,1.569747195651771e-10,1.2997802122600966e-09,7.98555277174549e-10,3.524219150704067e-11,-4.659723213859521e-10,-5.012223564765544e-10,-2.149499829770741e-09,-2.650727601863969e-09,-2.200363604969801e-10,2.25942681357207e-11,0.0,0.0,7.683250182335698e-13,0.0
187,O=CO.[Pt] + [Pt] <=> O=C[Pt] + O[Pt],-2.2199716260593125e-11,-2.628413908998314e-11,-6.81723087097261e-11,-7.227556784523737e-11,2.2449609813179154e-11,1.8355564799474075e-11,-4.094588956155199e-12,1.2585033925943267e-10,1.2175247159181366e-10,-2.8348826384824935e-12,2.76152166103253e-11,0.0,0.0,7.683250182335698e-13,0.0
188,CO.[Pt] + O[Pt] <=> [Pt] + OCO.[Pt],5.98484993684764e-10,-1.283866621105164e-10,1.159113431176051e-09,4.3222074031304285e-10,5.4150891009803356e-11,-6.727122628991923e-10,-7.26871431496671e-10,-1.0715428633948614e-09,-1.7984130365630465e-09,-5.742064297275279e-11,3.342894642302536e-11,0.0,0.0,1.1350255951177735e-11,0.0
189,OCO.[Pt] + [Pt] <=> OC[Pt] + O[Pt],-5.183966440143953e-10,4.5770096526445945e-10,-3.453028122914814e-09,-2.476949085769282e-09,2.3310158318922794e-09,3.3071035624864297e-09,9.760904494898554e-10,6.005010083196094e-09,6.981105226707005e-09,-5.815885402223682e-10,-9.667968418074173e-10,0.0,0.0,3.597158039911713e-12,0.0
190,OCO.[Pt] + [Pt] <=> OC[Pt] + O[Pt],-3.408956974337837e-10,2.2149903607564248e-09,-7.751137473250051e-09,-5.195277819174811e-09,6.854141280098851e-09,9.410009074952684e-09,2.5558722052608473e-09,1.1965755807358345e-08,1.4521629030184471e-08,-2.3151097606254247e-09,-2.876557536445757e-09,0.0,0.0,4.637889200973548e-11,0.0
191,[Pt] + OCO.[Pt] <=> OC[Pt] + O.[Pt],-2.5514551277161257e-10,-8.897667825275774e-10,-3.2023303514943386e-10,-9.548806281781577e-10,-1.9192449217873502e-10,-8.265600368543662e-10,-6.346315093752839e-10,2.974469772799145e-09,2.3398357850887157e-09,5.563219352297188e-10,5.6568251728686695e-11,0.0,0.0,2.738205593391047e-10,0.0
192,C[Pt] + OCO.[Pt] <=> OC[Pt] + CO.[Pt],3.5940554259929186e-10,-8.759757218939442e-10,5.927749234997726e-10,-6.4264161202105e-10,1.32837786796836e-10,-1.1025650539001166e-09,-1.2353896010223746e-09,2.1792443512871122e-09,9.43853423746359e-10,3.9313543596619977e-10,1.5244524480460677e-11,0.0,0.0,-6.897463231869546e-10,0.0
193,C=[Pt] + OCO.[Pt] <=> 2 OC[Pt],-5.111136853283588e-10,-4.292751555819592e-10,-1.0286749521732734e-09,-9.468609878180231e-10,-8.572102738011584e-12,7.324637835051459e-11,8.18322214655599e-11,2.6244958736068187e-09,2.706322067978049e-09,3.168980216547947e-10,3.0637695461814255e-11,0.0,0.0,9.778682050245434e-13,0.0
194,C#[Pt] + OCO.[Pt] <=> OC=[Pt] + OC[Pt],-2.520000488872778e-10,-7.000829120948657e-10,-1.0826160458623633e-09,-1.5307138604434255e-09,5.545041701598314e-10,1.0640791266594075e-10,-4.48082036532853e-10,4.372885191957444e-09,3.924803883100275e-09,3.3520108942808436e-10,-6.115977697848959e-11,0.0,0.0,2.7209008185485593e-09,0.0
195,C~[Pt] + OCO.[Pt] <=> OC[Pt] + OC#[Pt],-3.6101698794311256e-09,7.896680194932248e-09,-3.497800581352904e-08,-2.3471181893353252e-08,2.684665739427241e-08,3.835348896263071e-08,1.1506837225803131e-08,5.547547095585602e-08,6.698230421324546e-08,-8.281776672312018e-09,2.4287186618112054e-10,0.0,0.0,1.6146917770976025e-07,0.0
196,OCO + [Pt] <=> OCO.[Pt],-7.967387431391748e-09,1.4893485571131328e-08,-7.116464575726625e-08,-4.8303792425584875e-08,5.3394423807123475e-08,7.625528393084928e-08,2.286086439176255e-08,1.1524830280318419e-07,1.3810916701326595e-07,-1.6020207180934215e-08,1.8842909425242352e-08,0.0,0.0,-1.867017745574334e-07,0.0
197,O=C[Pt] + OCO.[Pt] <=> OC[Pt] + O=CO.[Pt],4.9359587108021773e-11,-6.940148454160671e-10,1.1090279039377633e-10,-6.3249767267435e-10,-1.0372363535563391e-11,-7.537613552062778e-10,-7.433837920507659e-10,2.0994204872650974e-09,1.3560323316012926e-09,3.832418858184756e-10,3.489889515407737e-11,0.0,0.0,7.683250182335698e-13,0.0
198,OCO.[Pt] + [Pt] <=> OC[Pt] + O[Pt],-3.8655331550870383e-10,2.172173173683298e-10,-3.1884797815691637e-09,-2.584728441327969e-09,2.3340202406405116e-09,2.9377857613207045e-09,6.037657533530666e-10,6.4767638332175905e-09,7.080525383536733e-09,-4.591178050283292e-10,-1.0344805485473175e-09,0.0,0.0,4.2607114647497955e-12,0.0
199,OCO.[Pt] + [Pt] <=> OC[Pt] + O[Pt],-1.372027150470772e-10,1.5645065926109901e-09,-7.35960101650887e-09,-5.657930377527954e-09,6.8754463532460366e-09,8.57713331676052e-09,1.7016962807637148e-09,1.3585422537037708e-08,1.5287119336823063e-08,-1.9963852374048965e-09,-2.9133062547220575e-09,0.0,0.0,4.758376533378358e-11,0.0
200,OC(O)[Pt] + [Pt] <=> OC=[Pt] + O[Pt],2.10092791597526e-10,-2.373684906706502e-09,4.232626115041835e-09,1.6488018296888564e-09,-3.695613516436549e-09,-6.279409937397783e-09,-2.5837898572346327e-09,-2.8201260145278805e-09,-5.4039120827237275e-09,1.8538229849877868e-09,1.97404204813558e-09,0.0,0.0,-2.938179641318566e-09,0.0
201,OC=[Pt] + O.[Pt] <=> [Pt] + OC(O)[Pt],-1.4436469435294702e-10,-3.887456620962938e-10,-2.0047717656766897e-10,-4.4488419706241345e-10,-8.98699727943412e-11,-3.3425355586498744e-10,-2.443799583177283e-10,1.2534637402520978e-09,1.0090779620991164e-09,2.346483730228496e-10,5.219143809128466e-12,0.0,0.0,-1.0608123831293036e-10,0.0
202,OC=[Pt] + CO.[Pt] <=> C[Pt] + OC(O)[Pt],-1.0077582367887779e-10,-6.848965206206532e-10,-2.1323492670264835e-10,-7.973860893602379e-10,8.429035654762434e-12,-5.757059809842018e-10,-5.841266157779077e-10,2.448460464869528e-09,1.864334721249647e-09,3.8643826355850956e-10,3.844989489762997e-11,0.0,0.0,1.4144165108390716e-12,0.0
203,C=[Pt] + OC(O)[Pt] <=> OC=[Pt] + OC[Pt],6.830495804213014e-11,-8.143540180274282e-10,8.612402256664606e-11,-7.965462502260142e-10,5.100341517832205e-11,-8.316605814284361e-10,-8.826593742175868e-10,2.4518437279803946e-09,1.5691818691638633e-09,4.166135915090682e-10,3.6335811329375396e-11,0.0,0.0,1.0477159339548678e-13,0.0
204,2 OC=[Pt] <=> C#[Pt] + OC(O)[Pt],3.533565735909559e-10,2.579739577350197e-12,7.524616804828396e-10,4.0167365023491226e-10,-3.415726612573461e-11,-3.8493921824681045e-10,-3.507797135202194e-10,-1.048265308345616e-09,-1.3990427155875312e-09,-7.009199758503024e-11,7.267162265875079e-13,0.0,0.0,1.8039922189479565e-10,0.0
205,C~[Pt] + OC(O)[Pt] <=> OC=[Pt] + OC#[Pt],6.801218794212666e-10,-1.0976548529966848e-09,1.3543598073996379e-09,-4.234271305547023e-10,2.546594081834874e-11,-1.7523168716320225e-09,-1.7777811882762714e-09,1.85043346769974e-09,7.26568272338958e-11,4.813402407447557e-10,4.4263624710330025e-11,0.0,0.0,1.4144165108390716e-12,0.0
206,O=CO + [Pt] <=> OC(O)[Pt],7.032894307231936e-10,1.0763517205120255e-10,1.0277294788716436e-09,4.3205606597299906e-10,3.882840639381937e-10,-2.0737950823099196e-10,-5.956659119270724e-10,-1.1143975294658415e-09,-1.7100645087979077e-09,-2.4484634009819603e-10,-1.5893614201026338e-10,0.0,0.0,3.870088040706956e-10,0.0
207,OCO + 2 [Pt] <=> [Pt] + OC(O)[Pt],-9.56075845581555e-10,-1.0269148243347549e-09,-3.039979078843042e-09,-3.1108464903340045e-09,1.0673042855525355e-09,9.96460935425108e-10,-7.084383364867795e-11,8.5209595986626e-09,8.450110712509514e-09,3.5628196166592736e-10,1.0670159643371978e-08,0.0,0.0,-2.1659553736174612e-08,0.0
208,[Pt] + O=CO.[Pt] <=> OC(O)[Pt] + [Pt],-8.492873467083912e-10,1.3427138880677375e-09,-7.866399263930562e-09,-5.674430746400346e-09,5.964037499407325e-09,8.15602660062485e-09,2.1919898070809315e-09,1.3688259638678433e-08,1.588024907444867e-08,-1.5972946452920858e-09,-2.8083948576474245e-09,0.0,0.0,6.1060011534278064e-09,0.0
209,C.[Pt] + O=CO.[Pt] <=> C[Pt] + OC(O)[Pt],-1.0302604014997877e-10,-7.133547798575856e-10,-2.329425195483094e-10,-8.432972953644579e-10,2.312917845861262e-11,-5.872021927357888e-10,-6.10331985097301e-10,2.5354385206780632e-09,1.925104612689544e-09,3.970928560252894e-10,7.26551063808738e-11,0.0,0.0,2.846294953910724e-12,0.0
210,C=[Pt] + O=CO.[Pt] <=> C#[Pt] + OC(O)[Pt],1.2218917396838722e-10,-4.10048794580953e-10,1.9815646937275934e-10,-3.3410776851492846e-10,4.8452052193712206e-11,-4.83800243643281e-10,-5.322518960570179e-10,9.544326205051682e-10,4.221752773198671e-10,1.6430903668412628e-10,3.807002050645922e-11,0.0,0.0,-7.683250182335698e-13,0.0
211,C[Pt] + O=CO.[Pt] <=> C=[Pt] + OC(O)[Pt],2.1461742041576133e-10,-3.846083439062039e-10,4.068973281741541e-10,-1.9235609660519883e-10,2.794577026133401e-11,-5.712929706317149e-10,-5.992393713797169e-10,6.398243935186222e-10,4.058809587712344e-11,1.4688116757775068e-10,3.598896949395863e-11,0.0,0.0,1.7130155520162087e-11,0.0
212,C#[Pt] + O=CO.[Pt] <=> C~[Pt] + OC(O)[Pt],6.656285496772936e-11,-3.772098454956901e-10,1.0918374802717662e-10,-3.3460179153505994e-10,2.517980665185044e-11,-4.185964167684942e-10,-4.437789957752935e-10,1.0468027518966474e-09,6.03019762734532e-10,1.8162274944264352e-10,-5.318241476390399e-12,0.0,0.0,9.778682050245434e-13,0.0
213,[H][H].[Pt] + O=CO.[Pt] <=> [Pt] + OC(O)[Pt],1.5727319421673603e-11,-3.1977413415091217e-10,4.362683948949151e-11,-2.918852677276902e-10,-1.1361910861370012e-11,-3.468690093726399e-10,-3.35503174360164e-10,9.731639157491861e-10,6.376643907146561e-10,1.7585785387579655e-10,3.33793975893944e-11,0.0,0.0,7.683250182335698e-13,0.0
214,O[Pt] + O=CO.[Pt] <=> O=[Pt] + OC(O)[Pt],1.3233934396437505e-10,6.046974468417726e-11,2.6440099485708436e-10,1.9252077094524267e-10,4.125100900350498e-12,-6.774610457784988e-11,-7.187120324131325e-11,-5.413573400627681e-10,-6.132288209114854e-10,-6.280501738007189e-11,3.286739297520774e-11,0.0,0.0,3.9289347523307545e-12,0.0
215,O.[Pt] + O=CO.[Pt] <=> O[Pt] + OC(O)[Pt],2.8721714645381e-10,-1.5097155199524267e-10,5.765545308834996e-10,1.383429130708223e-10,6.29495166296261e-12,-4.3189940449772974e-10,-4.381954653805364e-10,-2.3859053396425624e-10,-6.767872976867538e-10,3.3733200792144035e-11,6.3505088437022e-11,0.0,0.0,-3.3177671241904146e-13,0.0
216,O=C[Pt] + O=CO.[Pt] <=> O=C=[Pt] + OC(O)[Pt],1.4613099330338112e-10,-3.0518805943369313e-10,2.6760578098338813e-10,-1.8374362862090648e-10,2.8196137657020022e-11,-4.2313734046453133e-10,-4.5132792886900506e-10,5.664146324776258e-10,1.1508822528185802e-10,1.1204445542297586e-10,3.223977441588217e-11,0.0,0.0,1.1001017306526111e-12,0.0
217,CO.[Pt] + O=CO.[Pt] <=> OC[Pt] + OC(O)[Pt],-3.781815424011668e-11,-3.855169314303021e-10,-1.0238125180506057e-10,-4.501208410758073e-10,2.4893672485352138e-11,-3.228213007851756e-10,-3.4771249415669953e-10,1.3331466349778265e-09,9.854340669462418e-10,1.9771879449067163e-10,3.5080574210724247e-11,0.0,0.0,2.951066547306211e-12,0.0
218,OC[Pt] + O=CO.[Pt] <=> OC=[Pt] + OC(O)[Pt],3.573246972604243e-10,3.1115877744919547e-10,6.637468154922468e-10,6.175617100323746e-10,5.98020407981448e-11,1.3638760256055215e-11,-4.617207401104463e-11,-1.892935710530005e-09,-1.9391066195641844e-09,-2.6942800700369524e-10,3.628626249574443e-11,0.0,0.0,7.683250182335698e-13,0.0
219,C=O.[Pt] + O=CO.[Pt] <=> O=C[Pt] + OC(O)[Pt],3.7423761460773174e-10,-8.165768125060256e-10,6.973295360111771e-10,-4.935125296773567e-10,6.052929847132797e-11,-1.1302902711146532e-09,-1.1908255837650202e-09,1.7164069092557124e-09,5.255774394801894e-10,3.615902318413409e-10,3.1744286079572504e-11,0.0,0.0,3.9289347523307545e-12,0.0
220,OC=[Pt] + O=CO.[Pt] <=> O=C[Pt] + OC(O)[Pt],2.4558814173844167e-10,-5.410151962688196e-10,4.663516363104102e-10,-3.2027512395124665e-10,3.1248235433001894e-11,-7.553602720006571e-10,-7.866077620133788e-10,1.1216045847384693e-09,3.3499653747083745e-10,2.3031043180423212e-10,3.841686234187599e-11,0.0,0.0,1.6414216298626263e-12,0.0
221,OC=[Pt] + O=CO.[Pt] <=> OC#[Pt] + OC(O)[Pt],4.800582784395617e-10,-6.003654313250902e-10,9.359326164952186e-10,-1.4451820082246597e-10,3.743588678352764e-11,-1.0430054033094887e-09,-1.080435465507076e-09,7.465381508072142e-10,-3.338976457920682e-10,2.293401028474361e-10,3.257009997342195e-11,0.0,0.0,2.1827415290726412e-12,0.0
222,CC=[Pt] + O=CO.[Pt] <=> CC#[Pt] + OC(O)[Pt],1.68487982758191e-10,-1.388289287267591e-09,2.8805010627187767e-10,-1.2687334528676949e-09,5.24102414969387e-11,-1.5043728443276283e-09,-1.5567776105445927e-09,4.107105204972003e-09,2.5503267137510377e-09,7.284887338580952e-10,2.9250328120147193e-11,0.0,0.0,-9.778682050245434e-13,0.0
223,OCO.[Pt] + [Pt] <=> [Pt] + OC(O)[Pt],-5.492463859569089e-11,4.3492137805314076e-10,-2.221051853143029e-09,-1.7312213368807938e-09,2.0482914308780838e-09,2.5381365085656048e-09,4.8983195447125e-10,4.172056808235832e-09,4.661888430644659e-09,-5.741112994376459e-10,-1.0229026377555484e-09,0.0,0.0,2.1299191840690835e-09,0.0
224,[H][H].[Pt] + OC(O)[Pt] <=> [Pt] + OCO.[Pt],1.9506715258081938e-10,-9.183061656505899e-10,2.8763262455427484e-10,-8.257594781497899e-10,1.0519007295893769e-10,-1.0081969846958519e-09,-1.1133857395433358e-09,2.7461347551397035e-09,1.6327521619786883e-09,4.6075404601429896e-10,-1.1396231735122284e-12,0.0,0.0,-6.350904752989757e-11,0.0
225,O=C=[Pt] + OCO.[Pt] <=> O=C[Pt] + OC(O)[Pt],-2.893826773587943e-10,-6.184398331437576e-10,-6.118071782728409e-10,-9.40883309274432e-10,2.368952453467179e-11,-3.053771185584977e-10,-3.2907094734540384e-10,2.7140818613966475e-09,2.3850085043138227e-09,3.765637394687618e-10,2.8837421173222472e-11,0.0,0.0,-5.413198992100151e-13,0.0
226,O=[Pt] + OCO.[Pt] <=> O[Pt] + OC(O)[Pt],-4.4261999945316854e-09,1.314231291664981e-08,-5.093311335601365e-08,-3.336460216654455e-08,4.0730030219853196e-08,5.829855293656517e-08,1.7568511384738445e-08,7.773545676102209e-08,9.53039685539288e-08,-1.3147462687078701e-08,-2.084570631316177e-08,0.0,0.0,5.269977970121743e-08,0.0
227,C=[Pt] + OCO.[Pt] <=> C[Pt] + OC(O)[Pt],5.090086441134579e-10,-7.629863733614488e-10,9.44699732564877e-10,-3.273231857051226e-10,8.599523928967671e-11,-1.1860125213987709e-09,-1.2720026709975952e-09,1.215525378389096e-09,-5.648066908082971e-11,2.9825248483792997e-10,1.4022319917563505e-11,0.0,0.0,1.204873324048098e-12,0.0
228,C[Pt] + OCO.[Pt] <=> C.[Pt] + OC(O)[Pt],4.3616695931507575e-10,-3.4365700621292153e-10,8.099513687715531e-10,3.010246936001228e-11,7.325034662356491e-11,-7.065773206041454e-10,-7.798330784677402e-10,8.604413422063983e-11,-6.937905786087861e-10,8.07275639938337e-11,1.509587797956778e-11,0.0,0.0,2.8166096691153362e-11,0.0
229,C#[Pt] + OCO.[Pt] <=> C=[Pt] + OC(O)[Pt],-1.0542143187727983e-10,3.030950631728241e-10,-2.3295479842235656e-10,1.755428464867237e-10,1.840796471139066e-11,4.269107840992664e-10,4.085059730948147e-10,-7.410051059279841e-10,-3.3250335312438243e-10,-1.7602908839758408e-10,6.094506536608873e-12,0.0,0.0,1.0267616152757705e-11,0.0
230,C~[Pt] + OCO.[Pt] <=> C#[Pt] + OC(O)[Pt],7.149881367853154e-11,-1.0494510398878329e-09,9.701538384646e-11,-1.0239615138265447e-09,4.67352471947224e-11,-1.0742322483037158e-09,-1.1209644514658195e-09,3.2425757531733073e-09,2.1216053505167818e-09,5.449253265018597e-10,4.8723019737117005e-11,0.0,0.0,3.3177671241904146e-13,0.0
231,O[Pt] + OCO.[Pt] <=> O.[Pt] + OC(O)[Pt],5.270950614483825e-10,6.937714737578266e-11,1.0336110595402241e-09,5.758661671332765e-10,3.5301802791727816e-11,-4.2243381707500443e-10,-4.5773037705499323e-10,-1.5152437234554205e-09,-1.972971388933569e-09,-1.4535908293963926e-10,3.5807290437311755e-11,0.0,0.0,1.4301322498483945e-11,0.0
232,C=O.[Pt] + OC(O)[Pt] <=> O=C[Pt] + OCO.[Pt],-4.0467602665767853e-11,-1.1691898957422006e-09,-8.946387630746838e-11,-1.2182113653422477e-09,7.117587391645223e-12,-1.1216241420891176e-09,-1.1287367257753213e-09,3.83346617971861e-09,2.7047269026379003e-09,6.422436130511077e-10,8.380359394784125e-11,0.0,0.0,6.635534248380829e-13,0.0
233,CO.[Pt] + OC(O)[Pt] <=> OC[Pt] + OCO.[Pt],-1.1437390600961712e-10,-1.223478000307067e-09,-2.5909652126871946e-10,-1.3682296891221775e-09,2.61455094637822e-11,-1.0829623340010267e-09,-1.1091124776145484e-09,4.256955566924147e-09,3.147840202052167e-09,6.82388595381296e-10,4.3503875927988544e-11,0.0,0.0,-1.3096449174435848e-12,0.0
234,C=O.[Pt] + OCO.[Pt] <=> OC[Pt] + OC(O)[Pt],-2.4333792526734066e-10,-3.528889044488477e-10,-5.373480860509787e-10,-6.469231448621896e-10,4.2157100530749596e-11,-6.741033205103023e-11,-1.0955631105232711e-10,1.759737346701658e-09,1.6501808203247601e-09,2.141953606982276e-10,-1.689615226815956e-11,0.0,0.0,2.270051190235547e-13,0.0
235,CC#[Pt] + OCO.[Pt] <=> CC=[Pt] + OC(O)[Pt],4.1065240803791446e-10,-7.488870419607109e-10,7.439769785162653e-10,-4.1558863196861594e-10,8.703247564323305e-11,-1.0725214073337301e-09,-1.1595429241399944e-09,1.4153669770367053e-09,2.558290724412226e-10,2.9935599620056077e-10,-1.4038836195440494e-11,0.0,0.0,-8.067412691452483e-12,0.0
236,OC=[Pt] + OCO.[Pt] <=> OC[Pt] + OC(O)[Pt],5.774345815357547e-11,-1.13568573079108e-09,8.967261716626977e-11,-1.1037791664457895e-09,2.6753544567591092e-11,-1.1666816173547255e-09,-1.1934312312825733e-09,3.51034693146879e-09,2.316912668348797e-09,5.974943246906324e-10,1.7507254549608145e-11,0.0,0.0,1.204873324048098e-12,0.0
237,OC=[Pt] + OCO.[Pt] <=> OC[Pt] + OC(O)[Pt],1.5856767358451994e-10,-4.0240692451219863e-10,2.760413674537739e-10,-2.849689454458493e-10,4.451770740436058e-11,-5.164661137524495e-10,-5.609884658220343e-10,8.79049289316166e-10,3.180641527861452e-10,1.6617359036581274e-10,3.808653678433621e-11,0.0,0.0,4.3654830581452826e-13,0.0
238,OC#[Pt] + OCO.[Pt] <=> OC=[Pt] + OC(O)[Pt],2.3202635322175234e-10,-7.369618307069223e-10,4.3274435804338567e-10,-5.362619883527352e-10,3.714975261702934e-11,-9.318487077642415e-10,-9.689881988277244e-10,1.8203893864287607e-09,8.514047302550595e-10,3.5595851868032867e-10,2.469183542609828e-11,0.0,0.0,8.730966116290565e-13,0.0
239,O=CO.[Pt] + OCO.[Pt] <=> 2 OC(O)[Pt],5.756198908332539e-11,-6.733282544656175e-11,1.0929425789360088e-10,-1.562759487015955e-11,7.332188016518949e-12,-1.1758434105865188e-10,-1.249072972843126e-10,6.67489617914773e-11,-5.815854669787528e-11,2.5152448644790984e-11,4.056397846588453e-11,0.0,0.0,1.6414216298626263e-12,0.0
240,OC=[Pt] + OCO.[Pt] <=> OC[Pt] + OC(O)[Pt],1.68524276572241e-10,-4.132450756925127e-10,3.096854823429399e-10,-2.7210787948842614e-10,3.146283605787562e-11,-5.50299193121515e-10,-5.817740883049167e-10,9.144502038460176e-10,3.326805937177323e-10,1.8333509466051885e-10,-1.564091514950841e-11,0.0,0.0,1.746193223258113e-12,0.0
241,OC=[Pt] + OCO.[Pt] <=> OC[Pt] + OC(O)[Pt],1.463608541256979e-10,-3.4218055148626196e-10,2.5505677170721014e-10,-2.3350821418215217e-10,4.082180775375753e-11,-4.477286807620846e-10,-4.885514648340523e-10,7.299037738454522e-10,2.413544239843154e-10,1.3512306374834005e-10,2.0744445013497954e-11,0.0,0.0,6.65299618061341e-12,0.0
242,O=C=O + [Pt] <=> O=C(O)[Pt],5.601345301719138e-11,-8.922491734416314e-10,7.595711485561342e-11,-8.723129140801809e-10,3.6660940082594746e-11,-9.116064211473998e-10,-9.482621340023862e-10,2.7207602818082024e-09,1.7725004618152936e-09,4.585470232890374e-10,4.058049474376152e-11,0.0,0.0,1.4144165108390716e-12,0.0
243,O=C=O.[Pt] + [Pt] <=> O=C(O)[Pt] + [Pt],9.597124857493667e-09,1.5903526627161404e-08,2.2003852802342862e-08,2.831023618014525e-08,-2.4492726984546395e-09,3.857114950584956e-09,6.306396573783922e-09,-8.757190659030268e-08,-8.126550919725567e-08,-1.0974020954145495e-08,-1.6907218174337142e-08,0.0,0.0,-3.4696859346138706e-11,0.0
244,C.[Pt] + O=C=O.[Pt] <=> C[Pt] + O=C(O)[Pt],1.7421030744007685e-10,-4.169118753433375e-10,3.2707236799369136e-10,-2.640717716942872e-10,2.5799764012596756e-11,-5.653290109886803e-10,-5.911246405393366e-10,8.721065514740747e-10,2.8098542065734947e-10,1.749826552088825e-10,7.187884132065533e-11,0.0,0.0,7.683250182335698e-13,0.0
245,C=[Pt] + O=C=O.[Pt] <=> O=C(O)[Pt] + C#[Pt],1.8134809086991333e-10,1.5293475003838338e-10,-1.3431491953945983e-09,-1.3715725782250672e-09,1.6615811048556305e-09,1.633165592114879e-09,-2.8423892062910092e-11,3.400020835962866e-09,3.3716005431366173e-09,-3.9087133506700904e-10,-1.197727439083475e-09,0.0,0.0,1.2956858488168594e-08,0.0
246,C[Pt] + O=C=O.[Pt] <=> C=[Pt] + O=C(O)[Pt],-1.5792648286963632e-10,-5.194524673487038e-10,-8.751890265840126e-10,-1.2367207611631743e-09,5.385045013498014e-10,1.7698409996984193e-10,-3.615298707069251e-10,3.3516859884987633e-09,2.9901551541685536e-09,2.0319829918787269e-10,-5.798369674274464e-10,0.0,0.0,5.9602987908791494e-09,0.0
247,C#[Pt] + O=C=O.[Pt] <=> O=C(O)[Pt] + C~[Pt],-3.692411662068462e-10,-3.0507448599318086e-10,-7.518722945285768e-10,-6.877294463250509e-10,2.2890733319864034e-12,6.645098197440266e-11,6.415848658935547e-11,1.8487418361443063e-09,1.912898643827515e-09,2.1198833797296605e-10,-1.3989287361809527e-11,0.0,0.0,-6.460914926055018e-13,0.0
248,O=C=O.[Pt] + [H][H].[Pt] <=> O=C(O)[Pt] + [Pt],2.8357566711079177e-10,2.751397720295889e-10,5.243693161831508e-10,5.159082399233177e-10,4.9775422713766844e-11,4.1331999134704254e-11,-8.44229795687272e-12,-1.6026975506389216e-09,-1.6111406256295592e-09,-2.331453144427146e-10,2.834193283691281e-11,0.0,0.0,1.0477159339548678e-13,0.0
249,O=C=O.[Pt] + O[Pt] <=> O=C(O)[Pt] + O=[Pt],3.5209838803722197e-10,-1.0302733532184748e-09,7.521178720095197e-10,-6.302745690837582e-10,-3.627942786059701e-11,-1.4186549149809555e-09,-1.3823778998411533e-09,2.262768659336638e-09,8.803894752875439e-10,5.088519205786194e-10,4.381768520765133e-11,0.0,0.0,-1.669360721434756e-11,0.0
250,O=C(O)[Pt] + O[Pt] <=> O=C=O.[Pt] + O.[Pt],-4.010466452526769e-10,-4.760836378502317e-10,-8.058256670917139e-10,-8.808924471964645e-10,-8.023678918889842e-12,-8.306372746800333e-11,-7.504264850553529e-11,2.4828217308392694e-09,2.4077780125395046e-09,3.2264389116366527e-10,4.2463350421738245e-11,0.0,0.0,-2.828833021678143e-12,0.0
251,O=C[Pt] + O=C=O.[Pt] <=> O=C(O)[Pt] + O=C=[Pt],1.5632955505143562e-10,-4.680199235738603e-10,2.786322098777206e-10,-3.457337769220229e-10,3.759087612371422e-11,-5.867544960333625e-10,-6.243578134489308e-10,1.1129878365029802e-09,4.88628683786517e-10,2.1174099921927296e-10,-4.611344783255278e-11,0.0,0.0,1.931289704923473e-11,0.0
252,O=C(O)[Pt] + [Pt] <=> O=C=[Pt] + O[Pt],2.1378314661013162e-08,2.0082704742468722e-08,7.909062211807353e-08,7.779499063535446e-08,-3.465783400550952e-08,-3.595345089759565e-08,-1.2956172822138211e-09,-2.2164302895311868e-07,-2.2293864187764062e-07,-1.0818768321058132e-08,3.498246752013493e-09,0.0,0.0,-1.3671051516481162e-08,0.0
253,O=C=[Pt] + O.[Pt] <=> O=C(O)[Pt] + [Pt],5.950508125096614e-07,-8.605498527080231e-08,3.4437346483513764e-06,2.7626288150690625e-06,-2.170898275951148e-06,-2.852004051183104e-06,-6.811057938301215e-07,-7.248090959005343e-06,-7.929196709361151e-06,2.6131223268722726e-07,-1.274296903321195e-08,0.0,0.0,-9.365008875655585e-10,0.0
254,CO.[Pt] + O=C=O.[Pt] <=> OC[Pt] + O=C(O)[Pt],1.1144620500958249e-10,-3.9062773625335437e-10,2.0096833152955462e-10,-3.0112349820414914e-10,2.4547927034166693e-11,-4.775324898093142e-10,-5.020859425109435e-10,9.505383436952641e-10,4.4845414929387656e-10,1.7401232625208648e-10,5.490010766311083e-11,0.0,0.0,9.778682050245434e-13,0.0
255,CO.[Pt] + O=C=[Pt] <=> C[Pt] + O=C(O)[Pt],5.3545473661790285e-11,-4.852993113089418e-10,7.472922745089933e-11,-4.641346274135373e-10,3.298888494586656e-11,-5.05865295405715e-10,-5.388479066300243e-10,1.3789087927847078e-09,8.400613322806669e-10,2.1870453643863264e-10,1.6037305818556142e-11,0.0,0.0,-2.3678380107380013e-11,0.0
256,OC[Pt] + O=C=O.[Pt] <=> OC=[Pt] + O=C(O)[Pt],1.0531255043512979e-10,-1.2239971931779801e-09,1.8580392208133563e-10,-1.1435150846983658e-09,2.717082356040111e-11,-1.3021418481745377e-09,-1.3293120269693819e-09,3.6954748598165355e-09,2.3661619212209516e-09,6.472284402409226e-10,2.0860058958636874e-11,0.0,0.0,1.0477159339548678e-13,0.0
257,C=[Pt] + O=C(O)[Pt] <=> OC[Pt] + O=C=[Pt],3.345321820370142e-10,4.891283587319269e-10,5.194086510681059e-10,6.739956063653953e-10,1.5503702921432911e-10,3.0963023723154656e-10,1.545967895700343e-10,-2.678733810352903e-09,-2.5241423700934817e-09,-5.270027798880979e-10,-3.349831479010872e-10,0.0,0.0,3.597158039911713e-12,0.0
258,C=O.[Pt] + O=C=O.[Pt] <=> O=C(O)[Pt] + O=C[Pt],-4.4946259319539827e-10,-2.5420980942089863e-10,-9.366447911899527e-10,-7.414132811793397e-10,2.3570301965297498e-11,2.1881176331080377e-10,1.9524489084386591e-10,1.914574497509924e-09,2.1098247590787927e-09,1.8833894790831009e-10,2.3073240194153375e-11,0.0,0.0,3.1606097340971846e-12,0.0
259,OC=[Pt] + O=C=O.[Pt] <=> O=C(O)[Pt] + OC#[Pt],-2.6712247140811782e-11,2.3105705233361105e-10,-2.8264740169113566e-10,-2.4898760214627226e-11,2.2178974580699512e-10,4.795471249702321e-10,2.577655418507593e-10,-1.9041427695847512e-10,6.735142547295593e-11,-1.939326089533695e-10,5.214188925765369e-11,0.0,0.0,2.287513122468128e-12,0.0
260,O=C(O)[Pt] + C#[Pt] <=> OC=[Pt] + O=C=[Pt],1.6316878133261836e-05,3.456895893535788e-05,3.196612501015965e-05,5.021820864678325e-05,1.122134602140689e-06,1.937421262412135e-05,1.8252077818079414e-05,-0.00016238608955833936,-0.00014413404138481455,-2.552503367404178e-05,-1.0771069245414684e-05,0.0,0.0,3.7625452386661587e-08,0.0
261,O=C(O)[Pt] + C~[Pt] <=> OC#[Pt] + O=C=[Pt],3.9185221236000616e-11,-7.758363969165517e-10,7.851112065741872e-11,-7.365389207140423e-10,1.0133918396814807e-12,-8.140245291864327e-10,-8.150316540762889e-10,2.3620815285702086e-09,1.547050427074241e-09,4.1280837991378965e-10,-2.206574724365706e-11,0.0,0.0,4.3654830581452826e-13,0.0
262,CC=[Pt] + O=C=O.[Pt] <=> CC#[Pt] + O=C(O)[Pt],-1.5436968909273475e-10,-4.961212377120398e-10,-3.191033787370969e-10,-6.608875288979064e-10,5.579616246716859e-12,-3.3618824518618635e-10,-3.4175672840229194e-10,2.0244776851269895e-09,1.6827221932637989e-09,3.0236211336083076e-10,-1.2056882850201836e-11,0.0,0.0,2.1827415290726412e-12,0.0
263,O=CO + 2 [Pt] <=> O=C(O)[Pt] + [Pt],-2.0966561340615732e-08,3.4657989982839094e-08,-1.756143844054341e-07,-1.1998985906833335e-07,1.291898146191214e-07,1.8481436326277995e-07,5.56245442869368e-08,2.876769592315087e-07,3.43301499953433e-07,-3.7783353857810626e-08,7.187091350727437e-08,0.0,0.0,-1.4113072391857382e-07,0.0
264,O=C(O)[Pt] + [Pt] <=> O=CO.[Pt] + [Pt],-1.8247561869306715e-09,2.8113644968863692e-09,-1.5538178374213942e-08,-1.0902083540827775e-08,1.1490408946641625e-08,1.612651489642993e-08,4.636116957374707e-09,2.6334720935478375e-08,3.0970832225325825e-08,-3.210704361690176e-09,5.379946290538829e-09,0.0,0.0,-4.574589696630441e-09,0.0
265,[Pt] + O=CO.[Pt] <=> O=C(O)[Pt] + [H][H].[Pt],-5.4803659215524177e-11,-8.08415749566358e-10,-1.6901870125889406e-10,-9.2265385983158e-10,5.611806340447917e-11,-6.974954732120711e-10,-7.536128197339609e-10,2.718099486340802e-09,1.964487472531888e-09,4.227970603513958e-10,-2.3519179696832074e-11,0.0,0.0,-6.460914926055018e-13,0.0
266,O=C=O.[Pt] + O=CO.[Pt] <=> 2 O=C(O)[Pt],5.969606534946633e-10,-4.517140224717411e-10,1.169746936100875e-09,1.2106857480022444e-10,4.082180775375753e-11,-1.0078452230010884e-09,-1.0486763446216975e-09,-6.273133684732291e-12,-1.0549478276580664e-09,1.3571287154560823e-10,6.771673929565415e-11,0.0,0.0,2.409746648096196e-12,0.0
267,O=C=[Pt] + O=CO.[Pt] <=> O=C(O)[Pt] + O=C[Pt],9.005705059610639e-11,-3.088386343073019e-10,1.6302661072388933e-10,-2.358959921127877e-10,1.9218678183135844e-11,-3.796947711612464e-10,-3.989023008158325e-10,7.427496009695248e-10,3.43846751098775e-10,1.401839951700605e-10,-3.3973983592966e-11,0.0,0.0,2.270051190235547e-13,0.0
268,O=C=[Pt] + O=CO.[Pt] <=> O=C(O)[Pt] + O=C[Pt],-9.02264217283398e-11,-4.635905593938816e-10,-1.7277603671731917e-10,-5.461424487553651e-10,-1.007430711212766e-11,-3.8343623646009393e-10,-3.733669551438101e-10,1.682186612582257e-09,1.3088154375328836e-09,2.725292544538472e-10,-6.5899948729185376e-12,0.0,0.0,5.413198992100151e-13,0.0
269,O=[Pt] + O=CO.[Pt] <=> O=C(O)[Pt] + O[Pt],-1.7075029716730864e-10,-9.321621253930873e-10,-3.6390899013511394e-10,-1.1253515049915314e-09,1.6798460024837722e-11,-7.446315403103721e-10,-7.614148728722348e-10,3.4054481538698817e-09,2.644027907435343e-09,5.289053856857372e-10,4.0679592411023454e-11,0.0,0.0,-2.0954318679097357e-13,0.0
270,C=[Pt] + O=CO.[Pt] <=> C[Pt] + O=C(O)[Pt],2.367566469862711e-11,-5.15380048267478e-10,-2.910093149172386e-12,-5.419761879522562e-10,4.950121080420597e-11,-4.895403549351026e-10,-5.390563584314285e-10,1.6361248950207675e-09,1.0970720086775554e-09,2.5786016375404854e-10,1.884507305764424e-11,0.0,0.0,8.730966116290565e-13,0.0
271,C[Pt] + O=CO.[Pt] <=> C.[Pt] + O=C(O)[Pt],1.660200034027899e-10,-5.119403954976778e-10,3.161810067138774e-10,-3.618059925103008e-10,2.0232070022817328e-11,-6.577464017038023e-10,-6.779745946529849e-10,1.2401245205910238e-09,5.621480819080488e-10,2.3835845432824614e-10,3.053859779455232e-11,0.0,0.0,-0.0,0.0
272,C#[Pt] + O=CO.[Pt] <=> C=[Pt] + O=C(O)[Pt],-1.2577016362132216e-10,-4.1444570920649956e-10,-2.7952856768316187e-10,-5.682252777552428e-10,2.354645745142264e-11,-2.651323828439714e-10,-2.8867596611613455e-10,1.6419046361684984e-09,1.3532319302263646e-09,2.310905001812642e-10,-1.0818162009427675e-11,0.0,0.0,2.270051190235547e-13,0.0
273,C~[Pt] + O=CO.[Pt] <=> O=C(O)[Pt] + C#[Pt],3.1232036783840444e-10,-1.4970601937239162e-10,5.937940700456853e-10,1.3175593946906908e-10,3.903346921314315e-11,-4.23009427120981e-10,-4.6203341781255265e-10,-2.9681085333042337e-10,-7.588496924077501e-10,6.202494900303979e-12,3.666613688691517e-12,0.0,0.0,6.635534248380829e-13,0.0
274,O[Pt] + O=CO.[Pt] <=> O=C(O)[Pt] + O.[Pt],3.275879656154445e-10,-4.965430819196568e-10,6.432288169594744e-10,-1.8092769740615697e-10,2.1114317036187087e-11,-8.030239816411032e-10,-8.241439756805325e-10,8.097628801915385e-10,-1.4380120140453923e-11,2.1046625333485465e-10,3.8400346063999e-11,0.0,0.0,-1.0826397984200301e-12,0.0
275,C=O.[Pt] + O=C(O)[Pt] <=> O=C[Pt] + O=CO.[Pt],-2.542502653583788e-10,2.1199293910476525e-10,-5.357272746767561e-10,-6.950903893250101e-11,1.9063688842949266e-11,4.853032254299975e-10,4.6623223266941e-10,-8.285470389216639e-11,3.8337140341579914e-10,-9.825056339009125e-11,-2.0975672903775796e-11,0.0,0.0,8.730966116290565e-13,0.0
276,CO.[Pt] + O=C(O)[Pt] <=> OC[Pt] + O=CO.[Pt],-1.6713301370032373e-10,-7.219701365593023e-10,-3.2897559347099816e-10,-8.838236504492447e-10,-9.978929056628227e-12,-5.648173576144789e-10,-5.548391376806085e-10,2.69905101018014e-09,2.1442094341886703e-09,4.22759008235443e-10,2.8358449114789798e-11,0.0,0.0,-3.3177671241904146e-13,0.0
277,C=O.[Pt] + O=CO.[Pt] <=> OC[Pt] + O=C(O)[Pt],2.7465948679250446e-10,-1.335948155968649e-10,5.06000120608628e-10,9.773422081601362e-11,5.004963462332772e-11,-3.5820532944478896e-10,-4.082528530502524e-10,-2.6026456326824704e-10,-6.685160699970925e-10,-2.7017002326477454e-12,2.5468100486316755e-11,0.0,0.0,-1.204873324048098e-12,0.0
278,CC#[Pt] + O=CO.[Pt] <=> CC=[Pt] + O=C(O)[Pt],6.428723282679335e-10,-5.312478803847642e-10,1.2192553562589468e-09,4.5104301738005275e-11,8.324119793713057e-11,-1.0909089504690916e-09,-1.174134550238293e-09,1.6088120938653321e-10,-1.0132490240626169e-09,1.4495953572213501e-10,1.3047859522821164e-12,0.0,0.0,-4.3654830581452826e-13,0.0
279,OC=[Pt] + O=CO.[Pt] <=> OC[Pt] + O=C(O)[Pt],-2.8260783206945798e-11,-1.368008315747542e-09,-8.266138008535233e-11,-1.4224075469965979e-09,2.457177154804155e-11,-1.3151730200487287e-09,-1.339749506453981e-09,4.462347831613022e-09,3.1226011415591433e-09,7.385915706435597e-10,2.2924593693260477e-11,0.0,0.0,2.409746648096196e-12,0.0
280,OC#[Pt] + O=CO.[Pt] <=> OC=[Pt] + O=C(O)[Pt],-1.5377689012991783e-10,-1.0033888973714982e-09,-3.24862170665206e-10,-1.1744903280606105e-09,1.2351458187176636e-11,-8.372727793767073e-10,-8.496197636950108e-10,3.5593337619282165e-09,2.7097132713308104e-09,5.585860361289096e-10,4.4957308381163556e-11,0.0,0.0,1.9731983422816677e-12,0.0
281,2 O=CO.[Pt] <=> O=C(O)[Pt] + OC(O)[Pt],3.086183988053028e-10,-2.345778289894915e-10,6.349282981036073e-10,9.170713997040941e-11,-8.202512772951279e-12,-5.514024457096367e-10,-5.432105050451278e-10,-6.570931323136717e-11,-6.089159664733048e-10,7.125258712159019e-11,3.66165880532842e-11,0.0,0.0,2.724061428282656e-12,0.0
282,O=C=O.[Pt] + OCO.[Pt] <=> O=C(O)[Pt] + OC(O)[Pt],-3.129010688632047e-10,-9.60766407624964e-10,-6.575459840984407e-10,-1.3054393632634647e-09,2.1746196653870833e-11,-6.261358166789241e-10,-6.478681987644547e-10,3.875210712581337e-09,3.227338516189368e-09,5.736166219302597e-10,1.5541817482246476e-11,0.0,0.0,1.9731983422816677e-12,0.0
283,O=C=[Pt] + OCO.[Pt] <=> OC[Pt] + O=C(O)[Pt],1.18620282253469e-10,-6.127936106725761e-10,2.1513815217995517e-10,-5.163034583394229e-10,2.4917516999226997e-11,-7.064973747644264e-10,-7.314275922987928e-10,1.6954729687572237e-09,9.640470353486892e-10,3.043979015643048e-10,-1.339470135823793e-11,0.0,0.0,-7.962641098056995e-12,0.0
284,OC=[Pt] + O=C(O)[Pt] <=> O=C=[Pt] + OC(O)[Pt],3.017104761977831e-10,-1.526913783801428e-10,5.844007313996225e-10,1.299774565965957e-10,2.7242357102025686e-11,-4.271666107863671e-10,-4.54410037646911e-10,-2.6477558074940283e-10,-7.19183247616046e-10,1.4155387134436074e-11,3.347849525665633e-11,0.0,0.0,1.204873324048098e-12,0.0
285,O=CO.[Pt] + OC(O)[Pt] <=> O=C(O)[Pt] + OCO.[Pt],4.271781913686884e-11,-7.243876283644921e-10,6.537272542697798e-11,-7.017597000967853e-10,2.0732804814189352e-11,-7.463903487841893e-10,-7.6711751858208e-10,2.18794920533278e-09,1.4208314925300102e-09,3.724160588299082e-10,3.498147654346231e-11,0.0,0.0,2.1827415290726412e-12,0.0
286,O=C=[Pt] + O=CO.[Pt] <=> O=C(O)[Pt] + O=C[Pt],-3.4164576959081734e-11,-1.0860379125100009e-09,-7.232256813765972e-11,-1.1242152520452289e-09,2.9090306927327213e-12,-1.0489693629525234e-09,-1.0518775687146916e-09,3.564514383566731e-09,2.5126335475652957e-09,6.012995362859109e-10,5.615534478176198e-13,0.0,0.0,-3.3177671241904146e-13,0.0
287,O=C=[Pt] + O=CO.[Pt] <=> O=C(O)[Pt] + O=C[Pt],-4.328642222365243e-10,-7.192281492097917e-10,-9.056774708430634e-10,-1.1920775475772917e-09,2.6228965262344205e-11,-2.6014376244550803e-10,-2.8636810688630164e-10,3.3819943872002787e-09,3.095625123251291e-09,4.4920522882262864e-10,-3.390791848145804e-11,0.0,0.0,6.635534248380829e-13,0.0
288,O=C=O + O[Pt] <=> O=C(O)O[Pt],3.6838221260766247e-10,1.2319473340138394e-10,7.152444132459557e-10,4.700299687871065e-10,3.159398088418734e-11,-2.1359929456112734e-10,-2.4519887610895937e-10,-1.3176400123863535e-09,-1.5628366559219373e-09,-1.4844130433181485e-10,2.3899054088002818e-11,0.0,0.0,4.3654830581452826e-13,0.0
289,O=C=O.[Pt] + O[Pt] <=> O=C(O)O[Pt] + [Pt],-5.134364894275598e-11,-3.4505233705350086e-10,-1.8127301755794065e-10,-4.750031338564302e-10,7.483600679624299e-11,-2.1887571998257894e-10,-2.937085881786089e-10,1.3356135976628337e-09,1.0419029199875148e-09,1.64442219089961e-10,-8.406785439387307e-12,0.0,0.0,1.3637769073645863e-11,0.0
290,O=C=O.[Pt] + O.[Pt] <=> O=C(O)O[Pt] + [Pt],4.214921605008526e-11,-7.123812932246232e-10,7.528177678302067e-11,-6.792816526808023e-10,9.978929056628227e-12,-7.445675836385969e-10,-7.545359634258941e-10,2.0803543899423998e-09,1.3258187184549157e-09,3.5826067169547215e-10,5.3347577542673876e-11,0.0,0.0,-1.5383962296903975e-11,0.0
291,CO.[Pt] + O=C=O.[Pt] <=> C[Pt] + O=C(O)O[Pt],2.7822837850742274e-10,4.4131394027626014e-11,5.390548495435313e-10,3.049274754591616e-10,2.4989050540851572e-11,-2.0910633836892158e-10,-2.3410626239137524e-10,-8.589083011092867e-10,-1.0930191071096214e-09,-8.833798718439072e-11,3.3329848755763434e-11,0.0,0.0,7.683250182335698e-13,0.0
292,OC[Pt] + O=C=O.[Pt] <=> C=[Pt] + O=C(O)O[Pt],-1.2664121515852252e-10,-7.685190223921181e-10,-3.0062367329614993e-10,-9.42513585240866e-10,4.230016761399875e-11,-5.995778087242843e-10,-6.41882654181275e-10,2.78026694600298e-09,2.1383841266872374e-09,4.183259367269435e-10,-5.219143809128466e-11,0.0,0.0,5.57035638219338e-12,0.0
293,OC=[Pt] + O=C=O.[Pt] <=> O=C(O)O[Pt] + C#[Pt],1.894222547022402e-09,1.0259705423007813e-08,-7.807301043141673e-09,5.581636755785648e-10,1.1313983388481547e-08,1.967945191605217e-08,8.365483468055249e-09,-1.0329983335578292e-08,-1.9644992885714445e-09,-8.662278805781893e-09,-5.868068366915357e-09,0.0,0.0,1.085880733042397e-08,0.0
294,OC#[Pt] + O=C=O.[Pt] <=> O=C(O)O[Pt] + C~[Pt],2.454429664822416e-10,2.1310271386634233e-09,-2.92867108560571e-09,-1.0430966721396378e-09,3.3273946109240485e-09,5.212964413882694e-09,1.8855805484310483e-09,9.21463426336252e-10,2.80704198915901e-09,-1.8776055574582776e-09,-2.3872793206178406e-09,0.0,0.0,2.481235798656383e-09,0.0
295,O=C=O.[Pt] + O=CO.[Pt] <=> O=C(O)O[Pt] + O=C[Pt],2.4607205925910853e-11,-1.1909310972116927e-09,1.55327756696332e-11,-1.2000313182014086e-09,3.3418086195614004e-11,-1.1821271535884293e-09,-1.2155420116458115e-09,3.776038812644052e-09,2.560500323809321e-09,6.399414600359642e-10,3.07202768511992e-11,0.0,0.0,2.1827415290726412e-12,0.0
296,O=[Pt] + O=CO.[Pt] <=> O=C(O)O[Pt] + [Pt],7.817687546373448e-11,-7.666856225667057e-10,1.2124160234146894e-10,-7.23628452454606e-10,3.637480591609644e-11,-8.084922770778804e-10,-8.448700405058708e-10,2.297517590871166e-09,1.4526520870560929e-09,3.9427699944478333e-10,2.8358449114789798e-11,0.0,0.0,1.0477159339548678e-13,0.0
297,O=C=O.[Pt] + OCO.[Pt] <=> OC[Pt] + O=C(O)O[Pt],1.79847946555846e-10,-6.262277262074563e-10,3.337643543493831e-10,-4.723189421137157e-10,3.0413677447381854e-11,-7.756665152892738e-10,-8.060831160302915e-10,1.5652525813129212e-09,7.591687254757799e-10,2.9574104518504615e-10,9.166534221728792e-12,0.0,0.0,2.6192898348871696e-12,0.0
298,O=C=O.[Pt] + OC(O)[Pt] <=> OC=[Pt] + O=C(O)O[Pt],9.28637722159743e-11,-7.356800733068552e-10,1.844655248101973e-10,-6.440907462134357e-10,3.934344789351631e-12,-8.246093583652235e-10,-8.285512423387941e-10,2.1117024372040255e-09,1.2831509996158203e-09,3.791322572955748e-10,5.5874568057853164e-11,0.0,0.0,1.4144165108390716e-12,0.0
299,O=C(O)[Pt] + O=C=O.[Pt] <=> O=C(O)O[Pt] + O=C=[Pt],3.1611912037563945e-11,-1.0355950801453357e-09,1.0861891982100812e-10,-9.586022682631481e-10,-4.314664785655622e-11,-1.1103517786887436e-09,-1.0672136655322911e-09,3.0742584134076812e-09,2.0070488470149732e-09,5.656256775801749e-10,5.2670410149717334e-11,0.0,0.0,-6.253117932487303e-11,0.0
300,O=C(O)O[Pt] + [Pt] <=> O=C(O)[Pt] + O=[Pt],-8.444360735637058e-12,1.9435660627093087e-10,-3.0856810480465007e-11,1.719364784397638e-10,1.3341005512983259e-11,2.161415722641904e-10,2.027938239375775e-10,-6.730931474421463e-10,-4.703020064341389e-10,-1.317173993705658e-10,2.8639225838698607e-11,0.0,0.0,2.6192898348871696e-12,0.0
