,Reaction,SYNGAS Selec,SYNGAS Yield,CO Selectivity,CO % Yield,H2 Selectivity,H2 % Yield,CH4 Conversion,H2O+CO2 Selectivity,H2O+CO2 yield,Exit Temp,Peak Temp,Dist to peak temp,O2 Conversion,Max CH4 Conv,Dist to 50 CH4 Conv
0,[H][H] + 2 [Pt] <=> 2 [Pt],-0.00011820835068717108,8.706258190720818e-06,-0.0008053909628272563,-0.0006784772260931621,0.0005867720787693932,0.0007136875823782676,0.00012691475890369637,0.002290232249002839,0.002417149914557876,-4.781895044401311e-05,-0.0009888558122687643,0.0,0.0,0.004079604842659079,0.0
1,O=C=O + [Pt] <=> O=C=O.[Pt],2.0547012132861497e-09,3.0599814493808136e-09,6.300482960296631e-09,7.305757575768762e-09,-2.3010570272603535e-09,-1.2957720950764033e-09,1.0052813006592808e-09,-2.703041300596794e-08,-2.6025124691785823e-08,-2.304814707190897e-09,3.460699602488699e-09,0.0,0.0,4.987606038839001e-07,0.0
2,[C-]#[O+] + [Pt] <=> O=C=[Pt],5.151498768378135e-05,3.0406887239749524e-05,0.00021108120149895064,0.00018997306736038462,-0.00011218394175432573,-0.00013329200764320353,-2.11080895720175e-05,-0.0006556770333078522,-0.0006767849844726248,-1.1725452265776394e-05,-0.00019185389574693685,0.0,0.0,0.00042984113513798395,0.0
3,[O][O] + 2 [Pt] <=> 2 O=[Pt],-0.018574199153075777,-0.06341846402186098,-0.010362084341657739,-0.055210032557125685,-0.026999005200727833,-0.07183949132531553,-0.04485259587927165,0.2416154075365087,0.19665444087491674,0.056350958390456236,0.05792724055282496,0.3809523809523841,0.0,1.1119386503246074,0.0
4,O=C=[Pt] + O=[Pt] <=> O=C=O.[Pt] + [Pt],5.594681837778308e-06,9.636142814356994e-06,1.6188650900829985e-05,2.0230112306732542e-05,-5.273667750678648e-06,-1.2322072014149354e-06,4.041460757118345e-06,-7.610836014894372e-05,-7.20669024687682e-05,-7.584081824251737e-06,1.0204230461818855e-05,0.0,0.0,-1.444743441175509e-05,0.0
5,C=[Pt] + [Pt] <=> C[Pt] + [Pt],-8.535287812389137e-05,-7.228257415574718e-05,-9.841627021230583e-05,-8.534596795413154e-05,-7.195114820465967e-05,-5.8880842481187764e-05,1.3070315132568522e-05,0.00029095843807248726,0.00030402879124058154,3.739958477448281e-05,-0.00038068512659698844,0.0,0.0,0.0017190702518388571,0.0
6,C[Pt] + [Pt] <=> C + 2 [Pt],4.918452760692234e-06,9.411406175581926e-06,3.6237326342337994e-06,8.116685994128511e-06,6.246705738382927e-06,1.0739659222820207e-05,4.492953202062036e-06,-3.3404709766051915e-05,-2.891175806130969e-05,-7.4588469787639115e-06,-0.00017174443070232728,0.0,0.0,4.5643378059731385e-05,0.0
7,C=[Pt] + [Pt] <=> C#[Pt] + [Pt],-9.893147190683893e-08,1.654869959329704e-07,-2.771806881193792e-07,-1.2762220631286316e-08,8.393434393010945e-08,3.483528252590016e-07,2.644184755789112e-07,-2.188198184428645e-07,4.5598663338122435e-08,-2.0967124751717227e-07,-1.1320592762447867e-05,0.0,0.0,2.0729105114808623e-05,0.0
8,O=C=[Pt] + [Pt] <=> C~[Pt] + O=[Pt],0.0002335501095333803,0.0003958902323535379,0.00021279443374186608,0.000375134522873195,0.0002548433509268579,0.0004171835083225728,0.00016233974367938075,-0.0014985906372492225,-0.0013362533263773142,-0.0003029044779849451,-0.0010357070029485766,0.0,0.0,0.00026845406154680775,0.0
9,C#[Pt] + [Pt] <=> C~[Pt] + [Pt],4.275915529080014e-10,6.250811314755344e-10,5.339250896003006e-10,7.314024323582661e-10,3.1850401047034e-10,5.159930134941182e-10,1.974976994657976e-10,-2.8019782474340797e-09,-2.6044750657518322e-09,-4.572819992747566e-10,-6.089612382868834e-09,0.0,0.0,1.2993248500722513e-07,0.0
10,C~[Pt] + [H][H] <=> C=[Pt],-1.975825332730236e-10,4.0852544775534566e-10,-1.5383403700959131e-09,-9.32235776307713e-10,1.1779005172558174e-09,1.7840251015098389e-09,6.061157134471482e-10,2.7168299990027184e-09,3.3229540900123773e-09,-4.799496340474961e-10,-2.078689684409628e-08,0.0,0.0,3.105346539722519e-09,0.0
11,C + O=[Pt] + [Pt] <=> C[Pt] + O[Pt],5.471997607491443e-06,7.0206014628164125e-06,6.375870912126917e-06,7.924474765774375e-06,4.544714263544959e-06,6.093318107462626e-06,1.5486037694783687e-06,-2.97771536564042e-05,-2.8228550339422622e-05,-4.8443063621857504e-06,-8.047704035395859e-05,0.0,0.0,0.002581903544859383,0.0
12,O=C=[Pt] + O[Pt] <=> O=C=O.[Pt] + [Pt],1.693410159071812e-08,2.8110882178450616e-08,5.143183344443338e-08,6.26086112700902e-08,-1.8457122917040135e-08,-7.2803405658007e-09,1.1176781491966862e-08,-2.3421444170640575e-07,-2.230376577684227e-07,-2.1924495920562012e-08,2.0591574641364507e-08,0.0,0.0,-4.7039801987050454e-08,0.0
13,O[Pt] + [Pt] <=> [Pt] + O=[Pt],2.801724607250201e-10,8.442159390846644e-10,4.797991476813691e-10,1.0438496686186008e-09,7.536344610583875e-11,6.394117576386888e-10,5.640512055739017e-10,-4.2823267111263045e-09,-3.718277114052689e-09,-7.408776490357427e-10,2.535472802793733e-10,0.0,0.0,5.949029070579695e-07,0.0
14,C + O[Pt] + [Pt] <=> C[Pt] + O.[Pt],9.858676311969588e-07,9.378641737401268e-07,4.135421505736871e-06,4.087418044903368e-06,-2.2452587155434303e-06,-2.2932621695361363e-06,-4.800346035984491e-08,-1.451336564896746e-05,-1.4561369103642094e-05,-5.858079703319407e-07,-6.037917065086046e-07,0.0,0.0,0.0007815063928436534,0.0
15,O + [Pt] <=> O.[Pt],1.229206674645886e-10,6.544883279780845e-10,-2.5125955709033654e-10,2.8030161627811147e-10,5.068041023725445e-10,1.0383794881517728e-09,5.315720869947598e-10,-1.52697377700834e-09,-9.95396613925178e-10,-6.041675312240289e-10,1.7344543193945676e-09,0.0,0.0,2.5870257359630637e-09,0.0
16,O.[Pt] + [Pt] <=> [Pt] + O[Pt],9.439972187587999e-06,7.239756860647263e-05,-3.574453136206529e-05,2.721303661653007e-05,5.5794740430113904e-05,0.00011875236604008086,6.295759047900854e-05,-0.00015987334697855498,-9.691585714392992e-05,-6.868240692736087e-05,0.00014337133760231022,0.0,0.0,-0.00010079986799286077,0.0
17,O.[Pt] + O=[Pt] <=> 2 O[Pt],1.3119913514799977e-06,2.1791803139209802e-07,8.19042132353753e-06,7.0963479288512075e-06,-5.744587831554455e-06,-6.838661061983599e-06,-1.0940733000660482e-06,-2.4187296702342868e-05,-2.5281369737291928e-05,2.232349262869218e-07,4.893025144997648e-06,0.0,0.0,-0.00010322626975869791,0.0
18,[H] + [Pt] <=> [Pt],-2.3410161361854608e-09,6.763887187132295e-08,-3.781017332270222e-08,3.216971640038658e-08,3.404676920403981e-08,1.0402666750968617e-07,6.997989327319091e-08,-1.8454747049003037e-07,-1.145675779164083e-07,-6.208641069465757e-08,-2.4341106076600595e-06,0.0,0.0,2.963698298574217e-09,0.0
19,C + [Pt] <=> C.[Pt],0.0020146478875068784,0.00328114897896734,0.00189780229155834,0.0031643019031927233,0.0021345197482874967,0.0034010223579010743,0.0012664755764455534,-0.012537929765320843,-0.0112716129786874,-0.0024812034326266827,-0.0447979150668494,0.0,0.0,0.28867688858465257,0.0
20,[CH3] + [Pt] <=> C[Pt],6.319765892471335e-07,3.559517310153469e-07,6.730418304834019e-07,3.9701696217415594e-07,5.898477709511967e-07,3.138229099296152e-07,-2.76024858988787e-07,-1.1382472970570167e-06,-1.4142721531104119e-06,-2.3074708795042914e-07,-3.4069894949063396e-07,0.0,0.0,6.869718789193914e-07,0.0
21,[H][H] + [Pt] <=> [H][H].[Pt],-4.021348802824264e-07,1.6533753635162734e-07,-2.8819870355045002e-06,-2.314514647270568e-06,2.14194466747628e-06,2.7094170990476474e-06,5.674724159517522e-07,7.678325477580809e-06,8.245797941609412e-06,-2.982040970544516e-07,-4.904706899054096e-06,0.0,0.0,0.00011456102517131706,0.0
22,[OH] + [Pt] <=> O[Pt],1.2032704852348365e-07,6.47790874615788e-07,-2.0861870515846958e-07,3.1884511041442397e-07,4.577923835298898e-07,9.852562062156915e-07,5.274638229883128e-07,-1.6630107808541859e-06,-1.1355469686924838e-06,-6.001419038571159e-07,2.5572905555902238e-06,0.0,0.0,1.701987436529345e-07,0.0
23,[CH]=O + [Pt] <=> O=C[Pt],1.0980246336368055e-10,4.2983238078760313e-10,1.263526331440856e-11,3.326662169816374e-10,2.0947420572010094e-10,5.295019899567034e-10,3.2002870990002186e-10,-1.5053674351393543e-09,-1.1853308293328872e-09,-3.584933702161293e-10,-1.1728691709082304e-08,0.0,0.0,1.7947565026901723e-11,0.0
24,O=C=O + 2 [Pt] <=> O=C=[Pt] + O=[Pt],0.0014510744414410208,0.003060682084430246,0.003757875370249542,0.005367520143139663,-0.0009154719186796514,0.0006940976327546465,0.0016095842867239018,-0.020730076553792536,-0.019120825935114546,-0.0025287073729334452,0.004733632029893177,0.0,0.0,-0.004358310562279516,0.0
25,O + 2 [Pt] <=> [Pt] + O[Pt],0.0010955933243780177,0.006051300701139548,-0.0011952055145420593,0.003760388338172473,0.0034457231454264655,0.008401546986473805,0.004955653082959456,-0.018349024502266484,-0.013394280733299457,-0.00563526091312293,0.009391123557131616,0.0,0.0,-0.02185487959811388,0.0
26,CC + 2 [Pt] <=> 2 C[Pt],3.106331830120536e-06,-2.172729665866307e-06,3.959592084625691e-06,-1.3194694519424623e-06,2.2309724107224606e-06,-3.048089029433667e-06,-5.279061324973503e-06,9.978143364032812e-06,4.699081514731554e-06,2.358585821348807e-06,2.6043879734842377e-07,0.0,0.0,1.4937827133172414e-05,0.0
27,C=O + 2 [Pt] <=> O=C[Pt] + [Pt],1.2370792446195411e-05,4.2921068115971486e-05,4.611885143716703e-06,3.516215843497513e-05,2.03306530504588e-05,5.0880931160355386e-05,3.0550271892968085e-05,-0.00015320087332118177,-0.00012265064822308561,-3.787949704307511e-05,-5.774486416049292e-06,0.0,0.0,-6.153414322169536e-05,0.0
28,C=O + 2 [Pt] <=> C=[Pt] + O=[Pt],2.501914798518742e-05,6.012582998972121e-05,2.0380856608073673e-05,5.548753698665469e-05,2.9777569675827747e-05,6.488425336155421e-05,3.510667322844326e-05,-0.0002329942066746343,-0.00019788761523781574,-5.038731391916791e-05,-6.72423399585909e-05,0.0,0.0,8.536454938017718e-05,0.0
29,CO + 2 [Pt] <=> C[Pt] + O[Pt],1.6066158126838848e-05,1.688249897002184e-05,6.738512601434895e-05,6.820146728261788e-05,-3.6581955172407566e-05,-3.576561475219186e-05,8.163407187576256e-07,-0.00024383733033135377,-0.00024302099159401863,-1.1166016855961479e-05,4.0744748342165165e-06,0.0,0.0,0.03483714140746328,0.0
30,CC=O + 2 [Pt] <=> C[Pt] + O=C[Pt],-4.247345937571684e-11,-6.538532673220135e-11,2.835000475753809e-11,5.425853054324291e-12,-1.1511917119559082e-10,-1.3803049419593828e-10,-2.2905816787299495e-11,3.251419469237875e-11,9.607833398661794e-12,4.8560264190169516e-11,1.1190875452065865e-09,0.0,0.0,7.935713456531168e-09,0.0
31,C=C + 2 [Pt] <=> 2 C=[Pt],-0.0007130853299890436,-0.0005737766075112359,-0.0008297148175052307,-0.0006904062575154383,-0.0005934351747824017,-0.0004541262856213172,0.00013930971587597008,0.0023201416571086517,0.0024594546051686975,0.00028239519087683854,-0.00026425217745530607,0.0,0.0,-1.1734677679200968e-05,0.0
32,C.[Pt] + [Pt] <=> C[Pt] + [Pt],-1.509489842538001e-07,5.8103254674516125e-09,-8.769559510837178e-07,-7.201966381505299e-07,5.938613386951607e-07,7.50620658249545e-07,1.5675931146576192e-07,2.4090117531911236e-06,2.565771077117569e-06,-5.7830381555168913e-08,-3.183887944428725e-07,0.0,0.0,1.3340100531244487e-05,0.0
33,O=C[Pt] + [Pt] <=> O=C=[Pt] + [Pt],-1.1053974928853883e-07,3.2790548245917847e-07,-9.218917899678807e-07,-4.83446565581049e-07,7.218260706107508e-07,1.160271310980104e-06,4.38445231264134e-07,1.2863250420643104e-06,1.7247702830170176e-06,-3.6581169858081953e-07,1.3720324252577463e-06,0.0,0.0,2.2694164913116376e-05,0.0
34,C[Pt] + [H][H].[Pt] <=> C.[Pt] + [Pt],-1.6716782231311425e-10,3.5537475896867416e-11,-1.2671934962353632e-09,-1.0644909445068675e-09,9.613481766774561e-10,1.1640562925019455e-09,2.027074129409037e-10,3.5884532787407173e-09,3.7911621610093225e-09,-8.625933951948432e-11,-2.267792920247132e-09,0.0,0.0,-1.6115277049722705e-08,0.0
35,C#[Pt] + [H][H].[Pt] <=> C=[Pt] + [Pt],-4.511257539129881e-09,9.491940576175004e-09,-3.6114086097775914e-08,-2.211088866294762e-08,2.791008657268495e-08,4.1913286456196194e-08,1.4003202145990208e-08,6.477374022181907e-08,7.877695106292737e-08,-1.1113146201084161e-08,-4.997183216625396e-07,0.0,0.0,8.437117244099408e-08,0.0
36,C=[Pt] + [H][H].[Pt] <=> C[Pt] + [Pt],-5.968175762093616e-09,-5.088015253489463e-09,-7.081471524193553e-09,-6.201302152279218e-09,-4.826045983741752e-09,-3.945868311490755e-09,8.801635647408971e-10,2.1214685049854828e-08,2.209484839736717e-08,2.6588968778355526e-09,-2.0395086382340057e-08,0.0,0.0,1.4315750777083579e-09,0.0
37,C~[Pt] + [H][H].[Pt] <=> C#[Pt] + [Pt],1.8919021576745175e-09,4.980897369358314e-09,-5.251685582800826e-09,-2.162701518254642e-09,9.220518671551653e-09,1.2309513260929104e-08,3.0889974656700516e-09,4.619653629918066e-09,7.708650805281715e-09,-4.1556650820116325e-09,-1.1910154944090198e-07,0.0,0.0,1.9606713836517633e-09,0.0
38,[H][H].[Pt] + O=[Pt] <=> [Pt] + O[Pt],-2.1286607433033382e-06,4.97073665806961e-07,-1.626254302554358e-05,-1.3636808996726371e-05,1.2371284710897557e-05,1.4997019495952059e-05,2.6257344648607564e-06,4.5956973513215704e-05,4.8582709185606606e-05,-1.17916769191682e-06,-1.9949743022463125e-05,0.0,0.0,0.00010269140664421495,0.0
39,[H][H].[Pt] + O[Pt] <=> O.[Pt] + [Pt],2.8215713072712146e-07,2.2373024778505415e-06,-1.3447286670826998e-06,6.104166457815339e-07,1.9511787680245522e-06,3.90632415029446e-06,1.9551453439710707e-06,-4.128845998850831e-06,-2.1737007320774283e-06,-2.1230727288126326e-06,2.9033104220607603e-06,0.0,0.0,-3.3880493075159153e-06,0.0
40,O=C=[Pt] + [H][H].[Pt] <=> O=C[Pt] + [Pt],-1.0532477509457295e-08,2.0489503692437463e-07,-8.396410330680072e-07,-6.242135279623515e-07,8.400497334598471e-07,1.0554772574634523e-06,2.15427514634235e-07,2.0085094610027806e-06,2.223936981485439e-06,-1.9965443268521509e-07,-4.472441124805615e-06,0.0,0.0,4.613542140007776e-06,0.0
41,C.[Pt] + O=C=[Pt] <=> C[Pt] + O=C[Pt],5.982353421879624e-10,-7.275851055340043e-10,7.703443830061979e-09,6.3776167828982745e-09,-6.690995850152527e-09,-8.016809527509255e-09,-1.3258176856543247e-09,-2.139109496902932e-08,-2.2716907171861785e-08,8.72490792552687e-10,3.1557447871195696e-08,0.0,0.0,-1.420334784073178e-08,0.0
42,O=C[Pt] + C#[Pt] <=> C=[Pt] + O=C=[Pt],2.694164856819924e-08,4.4840336883013465e-09,4.321404624447511e-08,2.0756434500615438e-08,1.0247788761806809e-08,-1.2209817277200366e-08,-2.2457612203408696e-08,-5.14931048954825e-08,-7.395071866040006e-08,6.808186108365729e-09,9.822970461851343e-07,0.0,0.0,-1.0468484277879252e-06,0.0
43,C=[Pt] + O=C[Pt] <=> C[Pt] + O=C=[Pt],2.274877531843677e-09,1.948975232638594e-09,2.662749514011802e-09,2.3368406889226725e-09,1.876971843333578e-09,1.5510641808795434e-09,-3.2590323599956145e-10,-7.998952494636335e-09,-8.324851422757455e-09,-1.0201918403891224e-09,8.415350527153324e-09,0.0,0.0,-4.3299066384784855e-09,0.0
44,O=C[Pt] + C~[Pt] <=> C#[Pt] + O=C=[Pt],2.8569591508329717e-13,4.665751758888501e-13,-2.938433328932223e-13,-1.1517140917197788e-13,8.681868991392625e-13,1.050260560745203e-12,1.813125339364076e-13,1.6749102224019965e-13,3.5331297195553453e-13,-7.228436272582486e-13,7.291738683531156e-12,0.0,0.0,-8.55251086102504e-11,0.0
45,O=C[Pt] + O=[Pt] <=> O=C=[Pt] + O[Pt],2.887419335059365e-07,1.80202478890809e-08,1.8088390725790339e-06,1.538117381494398e-06,-1.2707252517890808e-06,-1.5414469317965426e-06,-2.7072168494618773e-07,-5.208962835846652e-06,-5.47968450481803e-06,7.93109217474305e-08,9.54812695133923e-07,0.0,0.0,-2.2880843211942945e-05,0.0
46,O=C[Pt] + O[Pt] <=> O=C=[Pt] + O.[Pt],8.955852698073658e-10,-1.2158689875232383e-09,2.5402521053952755e-08,2.3291075686379362e-08,-2.424607257898697e-08,-2.6357509699802732e-08,-2.111444895200779e-09,-8.086763850321315e-08,-8.297908459347684e-08,1.2443289681951225e-09,9.210462546744656e-08,0.0,0.0,-2.3708031861380448e-07,0.0
47,C.[Pt] + O=[Pt] <=> C[Pt] + O[Pt],4.0952902387668306e-07,2.1798832677453536e-05,-2.748256663883518e-05,-6.09326895187631e-06,2.9024021346144645e-05,5.041333112087304e-05,2.138930357155254e-05,3.210467495572591e-07,2.171035039270829e-05,-2.1480913642934546e-05,-2.346892721998792e-06,0.0,0.0,8.68642138639345e-06,0.0
48,C=[Pt] + C.[Pt] <=> 2 C[Pt],-6.710568501434025e-09,-5.789316624115062e-09,-7.83335784440073e-09,-6.912101699218942e-09,-5.558699261404274e-09,-4.637425505970443e-09,9.212610724331495e-10,2.3703245721921932e-08,2.462451229060558e-08,3.054255273041853e-09,-2.5406827423094077e-08,0.0,0.0,2.4735783244399612e-08,0.0
49,C.[Pt] + C#[Pt] <=> C=[Pt] + C[Pt],-8.722534367422299e-10,5.733820099027394e-10,-1.7760243652065827e-09,-3.3040117926792184e-10,5.4924879521935284e-11,1.500572904421718e-09,1.4456410955817652e-09,-2.65117351828456e-10,1.180532611229878e-09,-9.502242841609202e-10,-6.573334511097192e-08,0.0,0.0,1.8285995871907543e-07,0.0
50,C.[Pt] + C~[Pt] <=> C[Pt] + C#[Pt],1.4284795754164858e-13,3.369709603641695e-13,-7.522389322066491e-13,-5.630602226185585e-13,1.073175472547144e-12,1.2603126728942434e-12,1.9340003619883478e-13,2.051765022442446e-12,2.2452469508142032e-12,-2.001720813945919e-12,-4.664225170702232e-13,0.0,0.0,-6.9631678086912594e-12,0.0
51,C[Pt] + O.[Pt] <=> C.[Pt] + O[Pt],4.080499523163039e-09,6.595247477933735e-09,1.573884835016009e-08,1.8253593420606222e-08,-7.879796936253093e-09,-5.3650460224547195e-09,2.514756495688924e-09,-6.754065003647161e-08,-6.502588482529888e-08,-5.148222054497113e-09,1.701319663781899e-08,0.0,0.0,3.6427970106919192e-06,0.0
52,C#[Pt] + O[Pt] <=> C=[Pt] + O=[Pt],3.091291701982877e-08,3.557713478681797e-08,6.460444218483712e-08,6.926865394192465e-08,-3.6512202950870532e-09,1.0130025673527668e-09,4.664216585505036e-09,-2.514239139414307e-07,-2.467596947567274e-07,-2.361659871416565e-08,-1.1005006079013382e-07,0.0,0.0,3.298263812534588e-05,0.0
53,C=[Pt] + O[Pt] <=> C[Pt] + O=[Pt],2.9150911271545454e-08,3.0210224221940945e-08,1.3088956245022364e-07,1.3194887623487333e-07,-7.52227515955727e-08,-7.416342744288699e-08,1.0593124357723302e-09,-4.7112427456096747e-07,-4.700649586084248e-07,-1.9966127189799608e-08,2.6418653336791746e-08,0.0,0.0,7.100362277149727e-05,0.0
54,C~[Pt] + O[Pt] <=> C#[Pt] + O=[Pt],8.570877452498915e-13,1.3349234199042099e-12,-2.938433328932223e-13,1.9195234861996312e-13,2.0498857340788143e-12,2.5337536027978017e-12,4.83500090497087e-13,-1.1305644001213477e-12,-6.382427880487075e-13,3.4288736164814353e-12,4.975173515415714e-13,0.0,0.0,-5.5270144481486874e-11,0.0
55,2 C=[Pt] <=> C[Pt] + C#[Pt],-9.65199841115996e-10,-8.403407730404764e-10,-1.1284759356431309e-09,-1.0036164563478566e-09,-7.976949461897052e-10,-6.728362999844049e-10,1.2486389837087272e-10,3.4495822849258116e-09,3.5744445428888554e-09,4.4523460548711913e-10,-3.233924974689157e-09,0.0,0.0,3.958038661655329e-10,0.0
56,C[Pt] + C~[Pt] <=> C=[Pt] + C#[Pt],-1.0198232335204177e-07,-8.903011244577923e-08,-1.190823731553748e-07,-1.0613015922504305e-07,-8.443939960053234e-08,-7.148719286676709e-08,1.295221799927669e-08,3.6511719669287827e-07,3.7806941814818386e-07,4.7444619922078346e-08,-3.4089602855151335e-07,0.0,0.0,1.4624062439732905e-08,0.0
57,C=[Pt] + C~[Pt] <=> 2 C#[Pt],5.951998230902025e-13,1.321962998351742e-12,3.055970662089512e-13,1.02374585930647e-12,8.923032018931309e-13,1.6147756121457494e-12,7.252501357456304e-13,-5.380649089466414e-12,-4.650054598640583e-12,2.6689610852612254e-12,-3.5759059642050443e-13,0.0,0.0,1.0258486974154398e-10,0.0
58,C#[Pt] + O.[Pt] <=> C=[Pt] + O[Pt],5.76775174486516e-08,3.7269555882741146e-07,-1.3274431332117897e-09,3.136905884032856e-07,1.1821068827821471e-07,4.332287266258915e-07,3.1501804132467113e-07,-1.43234716975565e-06,-1.1173291261111185e-06,-3.5236122824376986e-07,2.847455268417229e-06,0.0,0.0,-7.022522373330129e-07,0.0
59,C=[Pt] + O.[Pt] <=> C[Pt] + O[Pt],3.49858456012421e-11,2.357371076178415e-10,7.475374388803576e-11,2.7550280756261243e-10,-5.812028963682285e-12,1.9494148833131896e-10,2.0074923757439052e-10,-1.185396773527233e-09,-9.846490612621435e-10,-2.2337721527477977e-10,2.0858259489208022e-09,0.0,0.0,2.013443491681882e-08,0.0
60,C~[Pt] + O.[Pt] <=> C#[Pt] + O[Pt],1.2879957515721515e-08,1.2212248817297957e-07,-1.558298209266021e-08,9.365953980495694e-08,4.2080066407321275e-08,1.5132260498098658e-07,1.0924253020950911e-07,-4.4283916537102044e-07,-3.33596626485372e-07,-1.1782903450978484e-07,1.3272373000028257e-06,0.0,0.0,-4.535166899143087e-08,0.0
61,CO + 2 [Pt] <=> CO[Pt] + [Pt],-1.9614319725283395e-07,-3.2867667938323654e-08,-6.272578657106426e-07,-4.6398234149451993e-07,2.461372079120914e-07,4.094127424570361e-07,1.6327552679790698e-07,1.5474334753390694e-06,1.710709007990012e-06,-4.089022606468819e-08,1.7306466480816303e-06,0.0,0.0,-0.00021453767385114174,0.0
62,C=O + [Pt] <=> CO[Pt],6.484583032603137e-10,1.8056718515329547e-09,4.4992115759278627e-10,1.6071402340555033e-09,8.52137499656563e-10,2.009345376560713e-09,1.1572212040979903e-09,-6.902388772029747e-09,-5.7451652510057284e-09,-1.5590439628321753e-09,-3.229183012432276e-09,0.0,0.0,-1.9124027044019153e-08,0.0
63,C.[Pt] + O=[Pt] <=> CO[Pt] + [Pt],0.0351559082151067,0.122083289028309,0.02315333302032833,0.11007028397599446,0.047469346398882596,0.13440742719972282,0.08689683144290697,-0.47855587189055393,-0.39207489033699877,-0.10877383683175147,-0.018498425725046893,-0.6349206349206327,0.0,1.1106230906161845,0.0
64,CO[Pt] + [Pt] <=> C[Pt] + O=[Pt],1.9046394338886477e-12,4.497266278706416e-12,6.817165323122758e-13,3.275986749780704e-12,3.1592356607567606e-12,5.763304827089301e-12,2.5988129864218424e-12,-1.589071073503894e-11,-1.328912662258559e-11,-2.2241342377176878e-13,-1.0354579878958954e-11,0.0,0.0,-3.9829319865714e-11,0.0
65,C=O + [Pt] <=> C=O.[Pt],1.4352154041984118e-06,5.037478526204865e-06,-3.6313059289748563e-06,-2.904297900006952e-08,6.632958086503728e-06,1.0235221412324033e-05,3.6022630788383745e-06,-5.62295778605911e-06,-2.020694902470438e-06,-4.677799369715717e-06,-3.316880011967303e-05,0.0,0.0,-0.007355829383489469,0.0
66,O=C[Pt] + [Pt] <=> C=O.[Pt] + [Pt],0.000981561415140053,0.0032867099180851366,0.0005811140691254461,0.002886253341247952,0.0013923802236981545,0.003697538196542338,0.0023051258767181485,-0.012571653804530066,-0.010266817720258356,-0.002910984420736726,-0.0013966316252080383,0.0,0.0,0.0008423775807962946,0.0
67,C=O.[Pt] + C[Pt] <=> C.[Pt] + O=C[Pt],4.863972954293134e-11,1.362529117810967e-10,3.060672155415804e-11,1.1822984992665596e-10,6.71277287153927e-11,1.5475589362580563e-10,8.762230390033459e-11,-5.117269456993699e-10,-4.241009354657224e-10,-1.197510942491165e-10,-2.3077031402911077e-10,0.0,0.0,3.9352342870818654e-10,0.0
68,C=O.[Pt] + [Pt] <=> C=[Pt] + O=[Pt],-0.19319854092417824,0.6576970049362539,-0.15179420351197515,0.699454331982115,-0.2356752378822327,0.6148581760221096,0.8525426458129015,0.22893701013560055,1.0834314415919575,0.39230079564079773,0.3285690435006437,0.06349206349206214,0.0,5.269530589569732,0.0
69,C=O.[Pt] + C#[Pt] <=> C=[Pt] + O=C[Pt],3.6119106064405846e-09,6.606847055223194e-09,2.923423811488037e-09,5.918364390413392e-09,4.318241054804923e-09,7.313187464838006e-09,2.994944610566106e-09,-2.4074782682006255e-08,-2.1079837214902137e-08,-5.173910804942753e-09,-3.0786280428889023e-08,0.0,0.0,-5.328041928015335e-10,0.0
70,C=O.[Pt] + C=[Pt] <=> C[Pt] + O=C[Pt],2.0831993808157085e-11,2.094404122878838e-11,2.280224263251405e-11,2.2906313601982267e-11,1.8810716148017354e-11,1.8930946607432282e-11,1.2087502262427174e-13,-8.081441823089632e-11,-8.069212391758659e-11,-8.396106747384272e-12,3.3940011825476576e-11,0.0,0.0,-7.528925193147424e-11,0.0
71,C=O.[Pt] + C~[Pt] <=> O=C[Pt] + C#[Pt],1.5705180611987316e-09,2.62426503720839e-09,1.3070268984423685e-09,2.360770748383961e-09,1.840833563656906e-09,2.8945837466988257e-09,1.0537521847316137e-09,-9.461923764771138e-09,-8.408164900983099e-09,-2.0006458157310223e-09,-1.7941268614868083e-08,0.0,0.0,-4.9072925131751654e-11,0.0
72,C=O.[Pt] + [Pt] <=> O=C[Pt] + [H][H].[Pt],9.499648683642499e-08,3.317771880708119e-07,4.473159426033549e-08,2.8151228533450407e-07,1.4656323665752489e-07,3.833439362571252e-07,2.36780703843428e-07,-1.2379611719373416e-06,-1.0011804726452093e-06,-2.95386415526495e-07,-1.116972319091673e-07,0.0,0.0,-1.4216635305702714e-07,0.0
73,C=O.[Pt] + O=[Pt] <=> O=C[Pt] + O[Pt],2.933035520924977e-05,4.590984484085756e-05,6.922117923440536e-05,8.580067547806133e-05,-1.1593628832678487e-05,4.9858540287593605e-06,1.6579484777620026e-05,-0.0003221877556408162,-0.0003056083242712358,-3.486130319678889e-05,-0.00015601090379271988,0.0,0.0,0.03672059476584535,0.0
74,C=O.[Pt] + O[Pt] <=> O=C[Pt] + O.[Pt],2.0093946027525234e-10,-2.127712406268681e-10,2.3445054307551265e-09,1.9307974874752435e-09,-1.9981562646717663e-09,-2.4118708647233212e-09,-4.137068524338325e-10,-6.46835672427205e-09,-6.882058011602776e-09,2.6474611209632877e-10,4.3767223311801464e-09,0.0,0.0,8.03989115090895e-08,0.0
75,C=O.[Pt] + O=C=[Pt] <=> 2 O=C[Pt],1.7295673579248957e-09,5.956104289073773e-09,1.0259128587300806e-09,5.2524433025810164e-09,2.451446291233477e-09,6.677989877699307e-09,4.22654021608481e-09,-2.2908479885014407e-08,-1.8681936265817856e-08,-5.295663620005815e-09,-1.407880820359233e-09,0.0,0.0,-1.044475171303689e-11,0.0
76,C=O.[Pt] + [Pt] <=> CO[Pt] + [Pt],0.003190102097436999,0.010167859651837998,0.002050306193265611,0.00902798421800459,0.004359418363339885,0.011337257507195506,0.006977534963919919,-0.03913621967172246,-0.032161415451204434,-0.008948734394121152,-0.007677133693585612,0.0,0.0,0.04607531816869204,0.0
77,C=O.[Pt] + [H][H].[Pt] <=> CO[Pt] + [Pt],5.904382245054808e-12,1.6446774950081965e-11,3.573134927981583e-12,1.4102099211946624e-11,8.296008147330731e-12,1.8839048808367077e-11,1.0540301972836495e-11,-6.222291476223417e-11,-5.1674871446657855e-11,-9.990069617748615e-12,-4.0749780574701835e-11,0.0,0.0,3.6904789386063674e-12,0.0
78,C=O.[Pt] + O=C[Pt] <=> CO[Pt] + O=C=[Pt],5.084158557967902e-07,1.8772511451709824e-06,2.9165229595837067e-07,1.660487566799847e-06,7.307935248593548e-07,2.0996288201179965e-06,1.3688352809934612e-06,-7.284507479917161e-06,-5.915672290515032e-06,-1.6855615592071523e-06,3.4122271088246933e-07,0.0,0.0,-8.715015008314739e-07,0.0
79,C=O.[Pt] + O[Pt] <=> CO[Pt] + O=[Pt],3.0484408859193206e-07,3.1643561306861667e-07,1.3249955828010555e-06,1.336587096957582e-06,-7.417290141104908e-07,-7.301374790463594e-07,1.1591527869595262e-08,-4.773143240154097e-06,-4.761551704475616e-06,-2.0858016139795589e-07,3.2119068778741674e-07,0.0,0.0,0.000712909527227116,0.0
80,C=O.[Pt] + C[Pt] <=> C=[Pt] + CO[Pt],5.372754524669224e-08,7.464219118225769e-08,5.356018771951226e-08,7.447483672848825e-08,5.3899225223964644e-08,7.48138669364135e-08,2.091465462711213e-08,-2.8620874254956425e-07,-2.652940829665796e-07,-5.3027623151145306e-08,-2.044800979061029e-08,0.0,0.0,-6.938610804780348e-07,0.0
81,C=O.[Pt] + C.[Pt] <=> CO[Pt] + C[Pt],5.571070344124294e-12,1.2247598367082315e-11,3.71417972777033e-12,1.039102047196067e-11,7.476053853699205e-12,1.4165389313050923e-11,6.684388751122227e-12,-4.3840775071372254e-11,-3.715484801854976e-11,-8.099555515688579e-12,-5.346756787348325e-11,0.0,0.0,-5.2223758565184446e-11,0.0
82,C=O.[Pt] + C=[Pt] <=> CO[Pt] + C#[Pt],2.868863147294776e-09,5.4493388459507195e-09,2.338322967031053e-09,4.918791730209796e-09,3.413144154300864e-09,5.993613839803714e-09,2.5804762454897404e-09,-2.0104470808935665e-08,-1.7523992890407846e-08,-4.315728609319382e-09,-2.850239593180297e-08,0.0,0.0,4.214335460773733e-09,0.0
83,C=O.[Pt] + C#[Pt] <=> CO[Pt] + C~[Pt],7.728434003696335e-08,1.3455799969215112e-07,6.525751486905897e-08,1.2253116934182505e-07,8.96226562606644e-08,1.4689632123249696e-07,5.727366803245687e-08,-4.937397498389505e-07,-4.3646608028348844e-07,-1.0390752961009051e-07,-8.823998841775781e-07,0.0,0.0,1.228694479642377e-07,0.0
84,C=O.[Pt] + O.[Pt] <=> CO[Pt] + O[Pt],6.309118124756146e-13,3.6289180346910563e-13,1.292910664730178e-13,-1.4076505565463962e-13,1.145524380808749e-12,8.795932196241074e-13,-2.6592504977339783e-13,-8.165187334209733e-13,-1.0827333011540574e-12,1.7607729381931695e-12,8.084656962550535e-13,0.0,0.0,-1.3024605386157e-10,0.0
85,2 C=O.[Pt] <=> CO[Pt] + O=C[Pt],2.0236793985066882e-13,8.035461362530196e-13,1.8805973305166229e-13,7.806062177211834e-13,2.1704672478481563e-13,8.270801915868472e-13,6.043751131213588e-13,-2.5961108447230946e-12,-1.983111520008484e-12,1.8349107461170926e-12,4.664225170702232e-14,0.0,0.0,2.0019107449987372e-11,0.0
86,[CH]C + 2 [Pt] <=> C[Pt] + C#[Pt],-0.0003041698620765548,-0.00024873500142977745,-0.00035310891406514425,-0.0002976740805442016,-0.00025396330376266396,-0.00019852841528750115,5.543502926361742e-05,0.0010049758895821633,0.0010604114759556115,0.00012450370317089929,-0.00011049318488057969,0.0,0.0,-1.5480862830672844e-08,0.0
87,C.[Pt] + C~[Pt] <=> CC#[Pt] + [Pt],-1.702459589086072e-06,-1.412587346331847e-06,-1.972431940517342e-06,-1.6825596938851969e-06,-1.425495037168871e-06,-1.1356227852647458e-06,2.8987225323061447e-07,5.703941391158847e-06,5.993813665732989e-06,7.175244063497749e-07,-5.959615918610364e-07,0.0,0.0,-6.449634182800279e-10,0.0
88,CC#[Pt] + [Pt] <=> C[Pt] + C~[Pt],-0.058175591463966426,0.17815829410804757,-0.04387223130619985,0.1924954776295912,-0.0728494042303747,0.1634497819632163,0.23647145423916904,0.0752854131293925,0.31193489587982326,0.11390519998605507,0.09328800493021941,0.06349206349206214,0.0,3.154380678188151,0.0
89,CO[Pt] + C~[Pt] <=> CC#[Pt] + O=[Pt],-4.0473587970133765e-13,-3.888126465740417e-14,-5.876866657864446e-13,-2.1754599510262488e-13,-2.1704672478481563e-13,1.7066734112109546e-13,3.747125701352424e-13,-1.6330374668419466e-12,-1.2536911908099612e-12,-2.7801677971471096e-12,-2.9540092747780803e-13,0.0,0.0,-2.426663981328904e-11,0.0
90,[CH]C + 2 [Pt] <=> CC#[Pt] + [Pt],-0.0003007046704049373,-0.00024586467170823503,-0.0003490934434276712,-0.0002942534712771652,-0.0002510626431000342,-0.0001962226171685272,5.484016360610096e-05,0.000993385465808993,0.001048226174187709,0.00012304817117540304,-0.00010929030605382832,0.0,0.0,-1.495199282768322e-08,0.0
91,C=C + 2 [Pt] <=> C=C[Pt] + [Pt],4.414001888036941e-11,1.2860626306514053e-10,3.5496274613501256e-11,1.199446242409943e-10,5.300763345300275e-11,1.3746597914453774e-10,8.44674658098411e-11,-5.127318918328112e-10,-4.2826091078068277e-10,-1.1005757586306359e-10,2.8067752335562465e-10,0.0,0.0,3.786222495975873e-11,0.0
92,C#C.[Pt] + [Pt] <=> C=C[Pt] + [Pt],-1.5600187363194205e-09,-6.1004445039036095e-09,-1.1979522532724043e-09,-5.738389868347315e-09,-1.9314505712545665e-09,-6.4718762426530614e-09,-4.540428474835519e-09,2.4980595066659035e-08,2.0440169777772963e-08,5.537890372945252e-09,-3.88349140257045e-08,0.0,0.0,-3.664292205269832e-08,0.0
93,C#C.[Pt] + [H][H].[Pt] <=> C=C[Pt] + [Pt],2.618879221596891e-13,1.1923587828270613e-12,-7.052239989437335e-14,8.573871571691686e-13,6.149657202236443e-13,1.5491343270991741e-12,9.307376742068923e-13,-3.663866111504367e-12,-2.723929041850734e-12,1.6310317743263044e-12,-6.996337756053347e-13,0.0,0.0,-3.8854476372497226e-11,0.0
94,C#C.[Pt] + O=C[Pt] <=> C=C[Pt] + O=C=[Pt],1.4840712388931106e-10,5.773608593193471e-10,1.1251848903147269e-10,5.414847786336746e-10,1.8522526330108627e-10,6.141923759237946e-10,4.2896128028901556e-10,-2.356849919452969e-09,-1.9278807244569836e-09,-5.192982756031181e-10,3.3273804996927937e-09,0.0,0.0,2.6965911814328207e-09,0.0
95,C#C.[Pt] + O[Pt] <=> C=C[Pt] + O=[Pt],1.9046394338886477e-12,6.480210776234029e-12,1.8805973305166229e-13,4.760418245775085e-12,3.653619867211063e-12,8.244545401849843e-12,4.581163357459899e-12,-2.0475777468864407e-11,-1.5887686545355326e-11,-6.07930024976168e-12,-2.0056168234019596e-12,0.0,0.0,-5.162666692558918e-10,0.0
96,C#C.[Pt] + C[Pt] <=> C=C[Pt] + C=[Pt],-3.843514761601444e-09,1.4817131544074632e-09,-5.095020071435476e-09,2.3020205328830112e-10,-2.559583792781823e-09,2.7656511346103426e-09,5.325233734228129e-09,-6.14135143972584e-09,-8.161187736393535e-10,-3.1163271527261574e-09,3.070007000031721e-08,0.0,0.0,3.6606243566266035e-08,0.0
97,C#C.[Pt] + C.[Pt] <=> C=C[Pt] + C[Pt],2.618879221596891e-13,1.153477518169657e-12,2.350746663145778e-13,1.126120445237117e-12,3.0145378442335503e-13,1.1946713878476683e-12,8.944751674196109e-13,-3.328884067023968e-12,-2.427602033113834e-12,2.7245644412041677e-12,9.328450341404464e-14,0.0,0.0,-2.088950342607378e-11,0.0
98,C#C.[Pt] + C=[Pt] <=> C=C[Pt] + C#[Pt],5.702014305204139e-12,2.3834215234988758e-11,3.138246795299614e-12,2.1268320227091914e-11,8.332182601461533e-12,2.646656613077911e-11,1.813125339364076e-11,-9.687261998817546e-11,-7.87432039755093e-11,-2.099953409445117e-11,1.5578512070145455e-10,0.0,0.0,3.089905715106746e-11,0.0
99,C#C.[Pt] + C#[Pt] <=> C=C[Pt] + C~[Pt],-8.135191181996887e-11,-3.209907605899764e-10,-6.479833176961338e-11,-3.044364249112615e-10,-9.833422447889841e-11,-3.3796072019079695e-10,-2.396347323526187e-10,1.3245818130088389e-09,1.0849557537195841e-09,2.947348554015556e-10,-2.3957170692622588e-09,0.0,0.0,-2.1665374399157202e-09,0.0
100,C#C.[Pt] + O.[Pt] <=> C=C[Pt] + O[Pt],9.047037310971077e-13,1.5293297431912308e-12,1.763059997359334e-13,8.061998642038451e-13,1.6519667386399856e-12,2.284316719620816e-12,6.28550117646213e-13,-4.2291483115650406e-12,-3.601512875417707e-12,1.037929310934921e-12,2.332112585351116e-13,0.0,0.0,1.587602260381607e-11,0.0
101,C#C.[Pt] + C=O.[Pt] <=> C=C[Pt] + O=C[Pt],1.1903996461804048e-13,1.1923587828270613e-12,-2.350746663145778e-13,8.317935106865068e-13,4.943842064543023e-13,1.5622625841084893e-12,1.0757877013560185e-12,-2.6170472225031194e-12,-1.5386210069031342e-12,-2.4650821134704374e-12,-4.664225170702232e-14,0.0,0.0,-8.164314255690502e-12,0.0
102,C#C.[Pt] + C~[Pt] <=> C#CC#[Pt] + [Pt],1.5936832383134024e-08,5.034107676084127e-08,1.2673768544750887e-08,4.707801547653705e-08,1.9284408566708836e-08,5.3688663452444303e-08,3.4404246714469545e-08,-2.0209510709895828e-07,-1.676908615901942e-07,-4.43860646561769e-08,1.5625519686157514e-07,0.0,0.0,-1.382188810025215e-11,0.0
103,C#C.[Pt] + O=[Pt] <=> C#CO[Pt] + [Pt],2.0857110050291844e-07,7.431627934960425e-07,1.630318034784818e-07,6.976234898416357e-07,2.552898512495423e-07,7.898815510443503e-07,5.345916901099413e-07,-3.019510646134495e-06,-2.4849189708068426e-06,-6.665709181164652e-07,4.567257266481215e-06,0.0,0.0,5.138469684423715e-10,0.0
104,C#CO[Pt] + C~[Pt] <=> C#CC#[Pt] + O=[Pt],5.951998230902024e-14,7.517044500431473e-13,-4.113806660505112e-13,2.687332880679484e-13,5.42616811962039e-13,1.2340561588756133e-12,6.889876289583489e-13,-1.3608645557016222e-12,-6.724343659798883e-13,5.134043198731663e-12,4.213350070867683e-12,0.0,0.0,-4.351979880432037e-11,0.0
105,C#C.[Pt] + C#[Pt] <=> C#CC=[Pt] + [Pt],3.118932781767186e-08,9.991055482455636e-08,2.435715576658514e-08,9.307838487427515e-08,3.8198463072026515e-08,1.069196889938009e-07,6.872123375010662e-08,-4.002650411553397e-07,-3.315438097351545e-07,-8.82528310367507e-08,2.729122414379293e-07,0.0,0.0,3.013310869211143e-11,0.0
106,C#CC=[Pt] + [Pt] <=> C#CC#[Pt] + [Pt],1.681275225078649e-08,1.517943883253172e-07,-2.8899315484048678e-08,1.0608232469976696e-07,6.370874841582539e-08,1.9869038027464195e-07,1.3498163335211703e-07,-5.128158885804646e-07,-3.7783424847517325e-07,-1.4641208790787013e-07,-2.1232317909964554e-07,0.0,0.0,1.7559368421567183e-10,0.0
107,C#CC#[Pt] + C.[Pt] <=> C#CC=[Pt] + C[Pt],1.0439804897002151e-09,1.0578399754496848e-08,-2.413805442384664e-09,7.120613137113187e-09,4.5913220090383515e-09,1.4125741976882792e-08,9.534416297064094e-09,-3.4895665792101034e-08,-2.5361249617481375e-08,-1.0256928657370775e-08,-2.3869063479148023e-08,0.0,0.0,-4.6252842169231693e-11,0.0
108,C#CC=[Pt] + C#[Pt] <=> C#CC#[Pt] + C=[Pt],-6.028529024154963e-09,-3.807992179281507e-09,-7.626927026176583e-09,-5.406389086174227e-09,-4.38873300775448e-09,-2.168197286373425e-09,2.220534603119184e-09,1.704095533027351e-08,1.9261494908944013e-08,1.3348141627662704e-09,-3.040316097336754e-08,0.0,0.0,3.622588052471628e-11,0.0
109,C#CC=[Pt] + C=[Pt] <=> C#CC#[Pt] + C[Pt],-9.682710722031414e-10,-8.202780404772559e-10,-1.1282643684434477e-09,-9.80275050755669e-10,-8.04146057176365e-10,-6.561371570685562e-10,1.4799937770115833e-10,3.344837586892347e-09,3.4928406435597706e-09,4.2638506782246174e-10,-1.5937346459944814e-09,0.0,0.0,-2.6233734719244322e-11,0.0
110,C#CC=[Pt] + C~[Pt] <=> C#CC#[Pt] + C#[Pt],5.475838372429862e-13,1.5811714294011031e-12,3.8787319941905347e-13,1.4076505565463963e-12,6.993727798621837e-13,1.7329299252295848e-12,1.039525194568737e-12,-1.465546444601747e-13,9.003782188544267e-13,2.946977864975936e-12,-5.752544377199419e-13,0.0,0.0,-1.0979174842353943e-10,0.0
111,C#CC=[Pt] + C~[Pt] <=> C#CC#[Pt] + C#[Pt],-1.6665595046525669e-13,6.73941920728339e-13,-1.3751867979402804e-12,-5.374665761358968e-13,1.0611173211702098e-12,1.90359726635068e-12,8.461251583699022e-13,-6.280913334007487e-14,7.864062924171575e-13,-4.4482684754353756e-13,-3.4204317918483035e-13,0.0,0.0,-1.0979174842353943e-10,0.0
112,C#CC#[Pt] + [H][H].[Pt] <=> C#CC=[Pt] + [Pt],-7.074165359763014e-08,-3.720327887900613e-08,-3.6670720575515534e-07,-3.3316882501126393e-07,2.3288931491324923e-07,2.6642769657881037e-07,3.3538382664905096e-08,1.1533864337025082e-06,1.1869248179016536e-06,1.2594456672308103e-08,-7.509107621420467e-06,0.0,0.0,9.31323694412456e-10,0.0
113,C#CC#[Pt] + O[Pt] <=> C#CC=[Pt] + O=[Pt],3.061705509176709e-08,1.110087970875227e-07,-4.361115787828032e-08,3.6780578172940234e-08,1.067677437845317e-07,1.871594776804213e-07,8.039174135948459e-08,-2.113687918911092e-07,-1.3097705073537872e-07,-9.859372076159531e-08,-3.302590142910511e-07,0.0,0.0,3.8450786718788355e-09,0.0
114,C#CC#[Pt] + O.[Pt] <=> C#CC=[Pt] + O[Pt],2.0822318001753e-06,7.095977706354559e-06,-2.4640992441082687e-06,2.5496464207761273e-06,6.7463114137790745e-06,1.17600575543744e-05,5.01374579958919e-06,-1.4093206338236098e-05,-9.079461245880317e-06,-6.249590809655755e-06,6.106436445175981e-06,0.0,0.0,-5.6625873253839065e-09,0.0
115,C#CC=[Pt] + O=C=[Pt] <=> C#CC#[Pt] + O=C[Pt],7.90353941085018e-10,8.090737560451473e-09,-1.6681250933681915e-09,5.6322530163837166e-09,3.3125188810603484e-09,1.0612909222844293e-08,7.300392041420041e-09,-2.7360935601981192e-08,-2.0060540688003063e-08,-7.846671452860079e-09,-9.434079494103634e-09,0.0,0.0,6.313504252140365e-10,0.0
116,C#CC=[Pt] + C=O.[Pt] <=> C#CC#[Pt] + CO[Pt],2.3998337827032344e-09,4.758055881185178e-09,1.8003193319701945e-09,4.158532461442329e-09,3.0148754724721047e-09,5.373106772258439e-09,2.358223341390492e-09,-1.7169839671887345e-08,-1.4811609204705205e-08,-3.8069208335375e-09,-1.9492605454060883e-08,0.0,0.0,-2.5902984248331484e-11,0.0
117,C#CC#[Pt] + C=O.[Pt] <=> C#CC=[Pt] + O=C[Pt],3.2210049088685354e-07,6.606000221278956e-07,2.3343580801716583e-07,5.719353314093511e-07,4.1306156164722573e-07,7.515611009404074e-07,3.38499537494721e-07,-2.375623276299029e-06,-2.03712373911971e-06,-5.335004477091604e-07,-2.3551681457708244e-06,0.0,0.0,8.703959760864075e-11,0.0
118,C#C.[Pt] + C#CC=[Pt] <=> C=C[Pt] + C#CC#[Pt],-6.190078160138105e-12,-2.1773508208146338e-11,-6.194217457389126e-12,-2.178019315674515e-11,-6.1737735049903114e-12,-2.1753521864435014e-11,-1.5580790416268627e-11,9.048702476526785e-11,7.491374724721704e-11,1.927583006021996e-11,-5.1353119129431574e-11,0.0,0.0,-4.1239361346973985e-11,0.0
119,C#CO[Pt] + C#[Pt] <=> C#CC=[Pt] + O=[Pt],5.145312006671411e-09,1.436827974465878e-07,-9.336907163882086e-09,1.2920057928827215e-07,2.000262823717317e-08,1.585401137087407e-07,1.3853748641766878e-07,-5.987364799881312e-07,-4.6019899019357524e-07,-1.4362265288473253e-07,1.6185004067626969e-06,0.0,0.0,3.704466201942076e-07,0.0
120,C#CC=[Pt] + C~[Pt] <=> C#CC#[Pt] + C#[Pt],5.237758443193782e-13,1.0497941457499128e-12,1.0460822650998715e-12,1.5740092586836977e-12,0.0,5.382585373819165e-13,5.318500995467957e-13,-1.0468188890012477e-12,-5.128736689677114e-13,3.373270260538493e-12,-2.0211642406376338e-13,0.0,0.0,-3.0690162116806726e-11,0.0
121,C#CC=[Pt] + C~[Pt] <=> C#CC#[Pt] + C#[Pt],-1.1427836603331887e-12,-2.3328758794442503e-13,-1.7160450640964183e-12,-8.18996687445176e-13,-5.667331147159074e-13,3.413346822421909e-13,9.06562669682038e-13,-4.187275556004991e-12,-3.282391481393353e-12,-1.593962870364343e-12,3.109483447134821e-14,0.0,0.0,-3.0690162116806726e-11,0.0
122,[Pt] + C#CO.[Pt] <=> C#C.[Pt] + O[Pt],7.142397877082429e-13,9.590711948826362e-13,-6.347015990493602e-13,-3.967015204812571e-13,2.086060188209617e-12,2.3368297476580765e-12,2.417500452485435e-13,-2.6589199780631695e-12,-2.4162048404701072e-12,2.298272045641611e-12,-4.3532768259887495e-13,0.0,0.0,-8.268761772820871e-12,0.0
123,C~[Pt] + C#CO.[Pt] <=> C#CC#[Pt] + O[Pt],1.1665916532567968e-12,1.1405170966171892e-12,4.231343993662401e-13,3.8390469723992624e-13,1.917246068932538e-12,1.890469009341365e-12,-2.4175004524854348e-14,-2.6589199780631695e-12,-2.6783402712758263e-12,-3.3547358085575125e-12,-3.5759059642050443e-13,0.0,0.0,-9.034710231776909e-12,0.0
124,C#CO.[Pt] + [Pt] <=> C#CO[Pt] + [Pt],9.999357027915401e-13,6.998627638332751e-13,4.819030659448846e-13,1.7915552537863224e-13,1.5434433762475779e-12,1.2340561588756133e-12,-3.021875565606794e-13,6.699640889607986e-13,3.7610735724298836e-13,3.7254248481771274e-12,-3.2649576194915623e-13,0.0,0.0,-5.593164542331254e-11,0.0
125,C[Pt] + C#CO.[Pt] <=> C#CO[Pt] + C.[Pt],1.0832636780241684e-12,1.542290164743699e-12,5.054105325763424e-13,9.469649198584847e-13,1.676083041393854e-12,2.139905892518351e-12,4.593250859722327e-13,-1.0886916445612976e-12,-6.268455954049806e-13,2.1499964297937648e-12,-6.529915238983125e-13,0.0,0.0,-3.829742294780193e-11,0.0
126,C#[Pt] + C#CO.[Pt] <=> C#CO[Pt] + C=[Pt],1.7855994692706072e-13,4.40654332783914e-13,-1.9981346636739116e-13,5.11872929653235e-14,5.667331147159074e-13,8.270801915868472e-13,2.6592504977339783e-13,-4.187275556004991e-13,-1.4816350436844997e-13,1.371549446592574e-12,-3.2649576194915623e-13,0.0,0.0,-3.5686235019542704e-11,0.0
127,C=[Pt] + C#CO.[Pt] <=> C#CO[Pt] + C[Pt],2.8569591508329717e-13,3.369709603641695e-13,-2.1156719968312005e-13,-1.535618788959705e-13,8.078961422545915e-13,8.664649626147924e-13,6.043751131213587e-14,4.187275556004991e-14,1.0257473379354228e-13,-2.631892181299264e-12,-6.840863583696607e-13,0.0,0.0,-3.916781892388833e-11,0.0
128,C~[Pt] + C#CO.[Pt] <=> C#CO[Pt] + C#[Pt],6.904317947846348e-13,1.5811714294011031e-12,-8.227613321010225e-14,8.061998642038451e-13,1.495210770739841e-12,2.3893427756953366e-12,8.944751674196109e-13,-1.025882511221223e-12,-1.253691190809961e-13,3.6327525882722233e-12,-2.1766384129943748e-13,0.0,0.0,-5.897803133961497e-11,0.0
129,[Pt] + C#CO.[Pt] <=> C#CO[Pt] + [H][H].[Pt],2.8569591508329717e-13,1.1923587828270613e-12,-3.643657327875957e-13,5.374665761358968e-13,9.405358074008677e-13,1.85108423831342e-12,9.06562669682038e-13,-2.344874311362795e-12,-1.436046273109592e-12,1.51982506244042e-12,-2.1766384129943748e-13,0.0,0.0,4.0212294095192024e-12,0.0
130,O=[Pt] + C#CO.[Pt] <=> C#CO[Pt] + O[Pt],5.594878337047903e-13,8.683482440153599e-13,-2.820895995774934e-13,2.559364648266175e-14,1.4228618624782357e-12,1.7329299252295848e-12,3.142750588231065e-13,-1.0049461334411979e-12,-6.838315586236152e-13,-2.205599785736707e-12,-3.7313801365617855e-13,0.0,0.0,-8.073793074177515e-11,0.0
131,O=[Pt] + C#CO.[Pt] <=> C#CO[Pt] + O[Pt],1.2856316178748372e-12,2.4235988303115267e-12,4.113806660505112e-13,1.5484156122010359e-12,2.1825253992250903e-12,3.321449023356704e-12,1.1362252126681543e-12,-3.5382478448242176e-12,-2.393410455182653e-12,-1.2974116386686512e-13,7.462760273123571e-13,0.0,0.0,3.338838964267459e-11,0.0
132,O[Pt] + C#CO.[Pt] <=> C#CO[Pt] + O.[Pt],8.689917417116955e-13,1.2053192043795295e-12,1.3046643980459071e-12,1.637993374890352e-12,4.2203529819269705e-13,7.61438906540272e-13,3.3845006334796087e-13,-4.2291483115650406e-12,-3.88644269151088e-12,1.8905141020600345e-12,-1.7102158959241518e-13,0.0,0.0,4.383314135571148e-11,0.0
133,O=C=[Pt] + C#CO.[Pt] <=> C#CO[Pt] + O=C[Pt],-2.8569591508329717e-13,1.6848548018208475e-13,-5.171642658920712e-13,-6.398411620665437e-14,-4.823260550773681e-14,4.069759672887661e-13,4.593250859722327e-13,-9.63073377881148e-13,-5.014764763239844e-13,-7.784469832011907e-13,-4.0423284812752675e-13,0.0,0.0,-1.017318816849793e-10,0.0
134,C=O.[Pt] + C#CO.[Pt] <=> C#CO[Pt] + CO[Pt],1.0951676744859724e-12,8.94269087120296e-13,-7.875001321538358e-13,-9.981522128238083e-13,3.0145378442335504e-12,2.8225752570027325e-12,-1.9340003619883478e-13,-1.444610066821722e-12,-1.6297985480529497e-12,2.2426686896986685e-12,-3.7313801365617855e-13,0.0,0.0,-2.285659833202906e-11,0.0
135,O=C[Pt] + C#CO.[Pt] <=> C#CO[Pt] + C=O.[Pt],6.666238018610267e-13,1.4645276354288905e-12,3.643657327875957e-13,1.1645109149611097e-12,9.767102615316703e-13,1.7854429532668448e-12,7.977751493201935e-13,-4.8572396449657895e-12,-4.057400581166784e-12,3.0211156728998594e-12,1.0883192064971874e-13,0.0,0.0,2.1429148931247352e-11,0.0
136,C#C.[Pt] + C#CO.[Pt] <=> C=C[Pt] + C#CO[Pt],-0.0017235132803649744,-0.006868907974522264,-0.0009189860110841672,-0.0060644221020567796,-0.0025488775573370764,-0.007694229782501187,-0.005145483377238365,0.026593879743047097,0.021447027982150202,0.006106368460769654,-2.1766384129943748e-13,0.0,0.0,5.396455051735726e-13,0.0
137,C#[Pt] + C#CO.[Pt] <=> C#CC=[Pt] + O[Pt],-1.4284795754164858e-13,-1.0368337241974446e-13,-9.402986652583114e-14,-5.11872929653235e-14,-1.8087227065401302e-13,-1.3128257009315036e-13,4.8350009049708696e-14,-1.025882511221223e-12,-9.687613747167882e-13,-2.1129275258318034e-12,6.218966894269643e-14,0.0,0.0,-6.028362530374458e-11,0.0
138,C#CC#[Pt] + C#CO.[Pt] <=> C#CO[Pt] + C#CC=[Pt],-2.9759991154510123e-13,8.94269087120296e-13,-1.1401121316257025e-12,5.11872929653235e-14,5.667331147159074e-13,1.7591864392482148e-12,1.1966627239802903e-12,-3.726675244844442e-12,-2.5301767669073764e-12,1.649566226307285e-12,9.328450341404464e-14,0.0,0.0,2.132470141411698e-11,0.0
139,O=[Pt] + C#CO.[Pt] <=> C#CO[Pt] + O[Pt],-2.9759991154510123e-13,1.1923587828270613e-12,-9.285449319425824e-13,5.502633993772276e-13,3.4968638993109183e-13,1.837955981304105e-12,1.4867627782785425e-12,-1.5074192001617968e-12,-1.1397192643726921e-14,2.7801677971471095e-13,4.664225170702232e-14,0.0,0.0,-8.094682577603589e-11,0.0
140,O=[Pt] + C#CO.[Pt] <=> C#CO[Pt] + O[Pt],-2.3807992923608096e-13,2.20327166391957e-13,-1.0108210651526848e-12,-5.630602226185585e-13,5.546749633389732e-13,1.0108757897172577e-12,4.593250859722327e-13,-4.187275556004991e-13,4.5588770574907684e-14,-6.116369153723641e-13,-2.487586757707857e-13,0.0,0.0,-4.1239361346973985e-11,0.0
141,2 C#C.[Pt] <=> C#CC=C[Pt] + [Pt],1.0356476921769523e-12,1.6330131156109753e-12,5.054105325763424e-13,1.1005267987544551e-12,1.5796178303783803e-12,2.179290663546296e-12,6.043751131213588e-13,-2.1355105335625455e-12,-1.5272238142594073e-12,-1.6681006782882659e-13,-6.374441066626383e-13,0.0,0.0,-4.505169572223245e-11,0.0
142,C#C.[Pt] + C#CC#[Pt] <=> C#CC=C[Pt] + C~[Pt],-0.004593713553740272,-0.017142321964366974,-0.0026880166321872484,-0.01523686419225031,-0.006548767436738708,-0.019097130504045663,-0.012549184884227843,0.06667633477769191,0.054118782556943114,0.015295774925783876,-8.644363983034803e-12,0.0,0.0,-5.11444675548373e-11,0.0
143,C#C.[Pt] + C#CO[Pt] <=> C#CC=C[Pt] + O=[Pt],7.190013862929645e-12,3.032738643277526e-11,3.5261199947186678e-12,2.6668579634933544e-11,1.0948801450256254e-11,3.4094083453191145e-11,2.313547933028561e-11,-1.1726465194591977e-10,-9.412941404454064e-11,-2.2871513744530224e-11,6.103916006725654e-11,0.0,0.0,-1.0662350707058492e-10,0.0
144,C#C.[Pt] + C#CC=[Pt] <=> C#CC=C[Pt] + C#[Pt],-2.1427193631247286e-13,2.9808969570676533e-13,-3.408582661561379e-13,1.7915552537863224e-13,-7.23489082616052e-14,4.594889953260263e-13,5.197625972843685e-13,4.187275556004991e-14,5.69859632186346e-13,-1.5012906104594392e-12,-6.218966894269643e-14,0.0,0.0,-4.167455933501719e-11,0.0
145,C#C.[Pt] + C#CO.[Pt] <=> C#CC=C[Pt] + O[Pt],4.761598584721619e-13,3.888126465740417e-13,-2.350746663145778e-13,-3.1992058103327186e-13,1.2058151376934201e-12,1.129030102801093e-12,-8.461251583699022e-14,6.909004667408235e-13,6.154484027612537e-13,-3.3362013565765317e-13,-3.7313801365617855e-13,0.0,0.0,6.440930223039415e-13,0.0
146,C#C.[Pt] + C#CC#[Pt] <=> C#CC(=[Pt])C#C + [Pt],-1.5949913684845901e-07,-5.29963910799629e-07,-1.307884333287751e-07,-5.012532171531285e-07,-1.8895343871826092e-07,-5.594182156687921e-07,-3.70464768002678e-07,2.155922810997603e-06,1.785458043009142e-06,4.70886768924548e-07,-3.3128780243695295e-06,0.0,0.0,-1.0293302813197854e-10,0.0
147,C#CC(=[Pt])C#C + C~[Pt] <=> 2 C#CC#[Pt],-1.1903996461804048e-13,1.5293297431912308e-12,-3.8787319941905347e-13,1.2540886776504258e-12,1.5675596790014462e-13,1.8116994672854748e-12,1.6559878099525229e-12,-5.108476178326089e-12,-3.453349371049257e-12,7.191367368620524e-12,5.441596032485937e-13,0.0,0.0,4.992591318831633e-11,0.0
148,C#CC(=[Pt])C#C + O=[Pt] <=> C#CO[Pt] + C#CC#[Pt],9.222264138888832e-10,3.437466687517998e-09,6.797889200484962e-10,3.1950212491328037e-09,1.1709309057599494e-09,3.6861782595894945e-09,2.515239995779421e-09,-1.3895452996224783e-08,-1.1380210826687768e-08,-3.1014069188814676e-09,1.6852529628105534e-08,0.0,0.0,-3.514658951436913e-11,0.0
149,C#CC(=[Pt])C#C + C#[Pt] <=> C#CC=[Pt] + C#CC#[Pt],2.632104561665955e-09,8.903913289917976e-09,1.954822156405451e-09,8.226616976214931e-09,3.3269283719557848e-09,9.598725112360688e-09,6.271806036398801e-09,-3.557199453990696e-08,-2.930018777830926e-08,-7.929242436435348e-09,1.7747765459952885e-08,0.0,0.0,-1.927056691055306e-11,0.0
150,C#CC#[Pt] + C#CO.[Pt] <=> C#CC(=[Pt])C#C + O[Pt],8.808957381734996e-13,1.347883841456678e-12,1.8805973305166229e-13,6.526379853078746e-13,1.6037341331322487e-12,2.0742646074717758e-12,4.714125882346598e-13,-2.5542380891630445e-12,-2.0742890611582996e-12,2.5206854694133793e-12,-6.218966894269643e-14,0.0,0.0,1.881796100298813e-11,0.0
151,C#C.[Pt] + C#CC(=[Pt])C#C <=> C#CC#[Pt] + C#CC=C[Pt],5.237758443193782e-13,1.542290164743699e-12,-9.402986652583114e-14,9.085744501344922e-13,1.1696406835626175e-12,2.179290663546296e-12,1.0153501900438827e-12,-5.569076489486638e-12,-4.547479864847041e-12,-2.9284434129949557e-12,7.929182790193794e-13,0.0,0.0,1.0549199230167257e-11,0.0
152,C#C.[Pt] + C[Pt] <=> C#CC.[Pt] + [Pt],-3.490251762600947e-11,-2.2264708184984876e-10,-1.5667726509866612e-11,-2.0341830224419558e-10,-5.463548388888887e-11,-2.423738809059742e-10,-1.8774308514001886e-10,9.106486879199654e-10,7.229125321989549e-10,2.0751172437906027e-10,-1.944344452076168e-09,0.0,0.0,-4.308460081627717e-10,0.0
153,C#CC.[Pt] + C~[Pt] <=> C#CC#[Pt] + C[Pt],1.9735635734024932e-09,1.4556095693586373e-08,1.71381185476643e-10,1.2753902696179451e-08,3.822433986488142e-09,1.6404964932783994e-08,1.2582533830082616e-08,-5.8008421915115144e-08,-4.5425881897643534e-08,-1.3945340204941884e-08,3.317226481496175e-08,0.0,0.0,-2.3065493366289796e-11,0.0
154,C#CC.[Pt] + O=[Pt] <=> C#CO[Pt] + C[Pt],-7.485471055111621e-10,4.269397443013078e-07,-6.991720016594647e-08,3.577711015974198e-07,7.02115647555895e-08,4.978998728642493e-07,4.276882970757503e-07,-1.7019966611549037e-06,-1.274308370386684e-06,-4.339082204159938e-07,1.4495734895996095e-06,0.0,0.0,-2.1414178120458666e-07,0.0
155,C#CC.[Pt] + C#[Pt] <=> C#CC=[Pt] + C[Pt],5.980567822410354e-11,4.2993606416002287e-10,6.417538390387975e-12,3.765337270529197e-10,1.1457655438362879e-10,4.846952487839111e-10,3.701314067777825e-10,-1.7108579830502994e-09,-1.34072015383746e-09,-4.1001914672325577e-10,9.072539853705268e-10,0.0,0.0,-3.993376738284437e-11,0.0
156,C[Pt] + C#CO.[Pt] <=> C#CC.[Pt] + O[Pt],0.0,9.07229508672764e-13,-5.289179992078002e-13,3.711078739985954e-13,5.305586605851049e-13,1.430980014015339e-12,9.06562669682038e-13,-1.402737311261672e-12,-4.900792836802576e-13,2.2426686896986685e-12,-1.7102158959241518e-13,0.0,0.0,-2.437108733041941e-11,0.0
157,C#C.[Pt] + C#CC.[Pt] <=> C#CC=C[Pt] + C[Pt],1.1665916532567968e-12,1.3867651061140822e-12,1.1636195982571604e-12,1.3820569100637345e-12,1.1575825321856833e-12,1.3784669859780787e-12,2.1757504072368913e-13,-4.187275556004991e-12,-3.966223040016968e-12,-5.374991074484412e-13,-1.2437933788539285e-13,0.0,0.0,7.255620856656292e-11,0.0
158,C#CC.[Pt] + C#CC#[Pt] <=> C#CC(=[Pt])C#C + C[Pt],-9.239122578678039e-08,-3.0769369208768297e-07,-7.33417326436173e-08,-2.8864421086336257e-07,-1.1193410697458466e-07,-3.2723657524631276e-07,-2.153024694233302e-07,1.2434473822435749e-06,1.0281449083659204e-06,2.733334573192528e-07,-1.5181556657077601e-06,0.0,0.0,-8.171277423499192e-11,0.0
159,C#C.[Pt] + C=[Pt] <=> C#CC[Pt] + [Pt],2.0212985992143276e-11,6.662952720123828e-11,1.4786196511186945e-11,6.119440874004424e-11,2.5780327643885323e-11,7.219228529422338e-11,4.641600868772035e-11,-2.6515922458401604e-10,-2.1873492121840706e-10,-5.608525169444769e-11,2.1668435401359002e-10,0.0,0.0,5.079630916440274e-11,0.0
160,C#CC[Pt] + C~[Pt] <=> C#CC#[Pt] + C=[Pt],-1.4284795754164858e-13,4.665751758888501e-13,-2.1156719968312005e-13,3.967015204812571e-13,-6.029075688467101e-14,5.513867943912315e-13,6.164626153837858e-13,-2.24019242246267e-12,-1.6184013554092226e-12,8.711192431060944e-12,-3.2649576194915623e-13,0.0,0.0,-2.8514172176590706e-11,0.0
161,C#CO[Pt] + C=[Pt] <=> C#CC[Pt] + O=[Pt],-4.988964917142077e-11,-7.588326818970048e-11,-5.096418765700048e-11,-7.697289179660521e-11,-4.878728047107578e-11,-7.477855192505845e-11,-2.5988129864218424e-11,3.056292428328043e-10,2.7964151870648373e-10,5.552921813501827e-11,-5.241034350145741e-11,0.0,0.0,3.5217961984408217e-10,0.0
162,C#CC[Pt] + [Pt] <=> C#CC=[Pt] + [Pt],-1.670778042918701e-07,-4.3594877957043783e-07,-1.522942039153643e-07,-4.211651690812396e-07,-1.822443074084375e-07,-4.5111526787520475e-07,-2.6887096747478755e-07,1.7690717908314364e-06,1.5002008197628927e-06,3.7233174809868896e-07,-2.21602956696652e-06,0.0,0.0,-5.4894028972300416e-08,0.0
163,C#CC=[Pt] + C.[Pt] <=> C#CC[Pt] + C[Pt],-6.237694145985321e-10,-1.572837878342866e-09,-5.732883424746767e-10,-1.5223612800816862e-09,-6.755579308927387e-10,-1.6246218049027358e-09,-9.49062327636732e-10,6.373598678439657e-09,5.424539427552403e-09,1.3363154533767297e-09,-7.305575884870906e-09,0.0,0.0,-5.995287483283174e-11,0.0
164,C#CC=[Pt] + C=[Pt] <=> C#CC[Pt] + C#[Pt],-2.2391417344653417e-11,-5.4952187382464564e-11,-2.1720899167466992e-11,-5.427132736648424e-11,-2.307930173545206e-11,-5.5624424948467804e-11,-3.255164359271638e-11,2.259244526242493e-10,1.9337616758611467e-10,4.898655658573207e-11,-3.7819092425777264e-10,0.0,0.0,-8.91111400317264e-11,0.0
165,C#CC=[Pt] + C=[Pt] <=> C#CC[Pt] + C#[Pt],-4.4413810798990905e-11,-1.0810287616913608e-10,-4.347705953488117e-11,-1.0717339464614607e-10,-4.53748236314034e-11,-1.0905643097638e-10,-6.368904942072879e-11,4.458192284478514e-10,3.821364721515199e-10,9.070760799491971e-11,-7.551691499711627e-10,0.0,0.0,-4.7001382708666e-11,0.0
166,C#CC[Pt] + C=[Pt] <=> C#CC=[Pt] + C[Pt],-2.516504852025376e-11,5.552244593077316e-11,-4.274832806930598e-11,3.794258091054604e-11,-7.1384256151450475e-12,7.355762402319214e-11,8.069616510396381e-11,-2.166077645121382e-10,-1.3591152227644351e-10,-6.809557657812321e-11,1.746596852255629e-10,0.0,0.0,1.7616814555988886e-11,0.0
167,C#CC[Pt] + C~[Pt] <=> C#CC=[Pt] + C#[Pt],-1.6189435188053507e-11,-3.8596135383249877e-11,-1.5526681710077865e-11,-3.7929784087304716e-11,-1.6857295624954013e-11,-3.9240360200842645e-11,-2.2398141692277553e-11,1.5903272561706956e-10,1.3664094260564204e-10,3.321373794991747e-11,-1.8429908391168085e-10,0.0,0.0,-6.496635565508945e-11,0.0
168,C#CC=[Pt] + [H][H].[Pt] <=> C#CC[Pt] + [Pt],-1.4238608247893059e-09,-3.6971805750079054e-09,-1.2702964818307158e-09,-3.543619511049898e-09,-1.5814024367821666e-09,-3.854718823075081e-09,-2.2733207254992035e-09,1.4894516007509794e-08,1.2621194147699972e-08,3.1533960566881187e-09,-1.1261678390157125e-08,0.0,0.0,-2.8183421705677872e-11,0.0
169,C#CC[Pt] + O=[Pt] <=> C#CC=[Pt] + O[Pt],-2.1896211091842368e-10,-6.071050267822612e-10,-2.229330597994299e-10,-6.11073903420032e-10,-2.148883156883444e-10,-6.030202292088675e-10,-3.88141785148799e-10,2.564936578208637e-09,2.1767954117959793e-09,5.250995590731651e-10,-8.479172674905765e-09,0.0,0.0,-1.2305310151519193e-09,0.0
170,C#CC=[Pt] + O.[Pt] <=> C#CC[Pt] + O[Pt],4.002361690387757e-10,1.3251383016320965e-09,-3.439494980181746e-10,5.809629783331804e-10,1.163696014933789e-09,2.088613792382957e-09,9.249114981164025e-10,-2.99503258694369e-09,-2.0701176886506953e-09,-1.160979537636652e-09,8.088854765204167e-10,0.0,0.0,-6.061437577465742e-11,0.0
171,C#CC=[Pt] + O=C[Pt] <=> C#CC[Pt] + O=C=[Pt],2.7198013036000654e-09,7.1917249590429725e-09,2.3666494643219595e-09,6.838571152874254e-09,3.0821117245498896e-09,7.5540384679309e-09,4.471928599514345e-09,-2.8832490787005807e-08,-2.4360553308976862e-08,-6.15282642077023e-09,1.7393844053999998e-08,0.0,0.0,4.221420484019076e-11,0.0
172,C#CC[Pt] + C=O.[Pt] <=> C#CC=[Pt] + CO[Pt],2.122482569139662e-10,5.123384243906148e-10,1.713106630767486e-10,4.714093745641468e-10,2.542581799340346e-10,5.543537804753367e-10,3.0009641866927945e-10,-1.97982762839028e-09,-1.6797296490251172e-09,-4.305553195181824e-10,1.176784010568173e-10,0.0,0.0,4.2423099874451496e-11,0.0
173,C#CC=[Pt] + C=O.[Pt] <=> C#CC[Pt] + O=C[Pt],2.8831479430489406e-11,7.130823938167925e-11,2.4071645830612773e-11,6.654348085492054e-11,3.372664940128496e-11,7.619640368206447e-11,4.247548295016909e-11,-2.7656955047412966e-10,-2.3408693970950723e-10,-5.760507675688811e-11,1.0726163150891566e-10,0.0,0.0,-6.125846879696135e-11,0.0
174,C#C.[Pt] + C#CC[Pt] <=> C=C[Pt] + C#CC=[Pt],-1.9046394338886479e-13,-7.776252931480834e-14,-1.187127064888618e-12,-1.0749331522717935e-12,8.199542936315257e-13,9.321062476613676e-13,1.2087502262427174e-13,3.1613930447837682e-12,3.282391481393353e-12,5.912490181932854e-12,2.4098496715294863e-12,0.0,0.0,-8.933744298550886e-11,0.0
175,2 C#CC=[Pt] <=> C#CC[Pt] + C#CC#[Pt],-1.684653579274509e-10,-4.256332042046035e-10,-1.5067110737432868e-10,-4.078475535244563e-10,-1.8670841592044917e-10,-4.4386636948494136e-10,-2.571616106331381e-10,1.7068800712720945e-09,1.4497229042820644e-09,3.6084724561771385e-10,-1.0103955513119889e-09,0.0,0.0,-8.063348322464479e-11,0.0
176,C=[Pt] + C#CO.[Pt] <=> C#CC[Pt] + O[Pt],-0.05817559094251186,0.17815829457000884,-0.043872230701211684,0.19249547817527335,-0.07284940379460517,0.16344978233927523,0.23647145417840515,0.07528541135139157,0.3119348940368061,0.11390519976636622,0.09328800512882211,0.06349206349206214,0.0,3.1543806782088315,0.0
177,C#CC=[Pt] + C#CO.[Pt] <=> C#CO[Pt] + C#CC[Pt],5.475838372429862e-13,1.0886754104073168e-12,1.0108210651526848e-12,1.5484156122010359e-12,6.029075688467101e-14,6.038998224284916e-13,5.439376018092229e-13,-2.889220133643444e-12,-2.3364244919640187e-12,1.241808282725709e-12,-7.30728610076683e-13,0.0,0.0,-8.825815197516172e-12,0.0
178,C#C.[Pt] + C#CC[Pt] <=> C#CC=C[Pt] + C=[Pt],8.213757558644794e-13,2.1773508208146336e-12,-4.466418659976979e-13,8.957776268931612e-13,2.1222346423404196e-12,3.4789881074684845e-12,1.3538002533918435e-12,-5.296903578346314e-12,-3.943428654729514e-12,-1.5012906104594392e-12,-1.0883192064971874e-12,0.0,0.0,5.069186164727237e-11,0.0
179,C#CC(=[Pt])C#C + C=[Pt] <=> C#CC[Pt] + C#CC#[Pt],1.190399646180405e-12,2.0736674483948893e-12,4.701493326291556e-13,1.3436664403397418e-12,1.9413623716864064e-12,2.8225752570027325e-12,8.823876651571837e-13,-7.034622934088385e-12,-6.14308683496881e-12,1.7607729381931695e-12,2.4564919232365088e-12,0.0,0.0,-3.3840995550239524e-11,0.0
180,C#CC.[Pt] + [Pt] <=> C#CC[Pt] + [Pt],-1.465229117133509e-07,-4.005662066319655e-07,-1.2486553905124626e-07,-3.789088302433339e-07,-1.6874121569385387e-07,-4.227845023773599e-07,-2.540432888869794e-07,1.6037217225830221e-06,1.3496784384329705e-06,3.4478161970950375e-07,-8.872137532391738e-07,0.0,0.0,-2.1598005750608113e-10,0.0
181,C#CC[Pt] + [H][H].[Pt] <=> C#CC.[Pt] + [Pt],-5.248472040009405e-11,-1.5041865253794428e-10,-4.3876686467615955e-11,-1.4180159833718743e-10,-6.131569975171042e-11,-1.5924575752299137e-10,-9.793294333018497e-11,6.041401172204001e-10,5.062063112711312e-10,1.336148643308901e-10,-2.4019204887392926e-10,0.0,0.0,-5.3651207965966154e-11,0.0
182,C#CC.[Pt] + O=C=[Pt] <=> C#CC[Pt] + O=C[Pt],9.567241956351913e-10,2.652816845888477e-09,8.010051717336082e-10,2.497095306373859e-09,1.1164642359903377e-09,2.812558396904625e-09,1.6960941424592563e-09,-1.0590038608692222e-08,-8.893936045844027e-09,-2.2831479328251303e-09,4.18583114236054e-09,0.0,0.0,-1.5893430523337798e-11,0.0
183,C#CC.[Pt] + O=[Pt] <=> C#CC[Pt] + O[Pt],-4.413911417663832e-08,-1.0493094259838504e-07,-4.497671836863502e-08,-1.0576854659388953e-07,-4.3279816294872096e-08,-1.0407163178994308e-07,-6.079182017845214e-08,4.3754402044840766e-07,3.767521990055778e-07,8.811895669009207e-08,-1.1228492894490095e-06,0.0,0.0,-7.091225687068949e-08,0.0
184,C#CC.[Pt] + C=[Pt] <=> C#CC[Pt] + C[Pt],5.951998230902025e-13,1.3608442630091461e-12,-4.34888132681969e-13,3.3271740427460277e-13,1.6640248900169198e-12,2.4418558037325966e-12,7.736001447953391e-13,-2.0308286446624206e-12,-1.2536911908099612e-12,3.892234916005954e-12,1.7102158959241518e-13,0.0,0.0,-2.5798536731201116e-11,0.0
185,C#CC.[Pt] + C=[Pt] <=> C#CC[Pt] + C[Pt],2.3807992923608096e-13,1.1923587828270613e-12,-3.996269327347823e-13,5.502633993772276e-13,8.802450505161967e-13,1.837955981304105e-12,9.549126787317467e-13,-2.9729656447635435e-12,-2.017303097939665e-12,3.150856836766724e-13,4.975173515415714e-13,0.0,0.0,-4.080416335893078e-11,0.0
186,C#CC.[Pt] + C[Pt] <=> C#CC[Pt] + C.[Pt],0.0,2.20327166391957e-13,-2.585821329460356e-13,-3.8390469723992625e-14,2.773374816694866e-13,5.120020233632864e-13,2.2966254298611633e-13,-3.349820444803993e-13,-1.0257473379354228e-13,1.8905141020600345e-12,-1.8345952338095446e-12,0.0,0.0,3.742702697171552e-11,0.0
187,C#CC.[Pt] + C#[Pt] <=> C#CC[Pt] + C=[Pt],-1.8344058547640038e-11,-4.726665740185101e-11,-1.6278920642284515e-11,-4.519837968838065e-11,-2.0462682886657338e-11,-4.937537461203385e-11,-2.89133054117258e-11,1.8970451906480612e-10,1.607915938176994e-10,3.9330107103641115e-11,-1.6743013621097444e-10,0.0,0.0,4.818512123614351e-11,0.0
188,C#CC.[Pt] + C~[Pt] <=> C#CC[Pt] + C#[Pt],-1.8927354374268438e-11,-4.9560652016637856e-11,-1.7336756640700117e-11,-4.797529033174945e-11,-2.0571206249049747e-11,-5.120020233632864e-11,-3.062973073299046e-11,2.0153357251052023e-10,1.709123008853289e-10,4.516845947765004e-11,-1.4359594558868604e-10,0.0,0.0,-5.995287483283174e-11,0.0
189,C#CC.[Pt] + O[Pt] <=> C#CC[Pt] + O.[Pt],2.702207196829519e-11,9.744940965300733e-11,-2.3672018897877987e-11,4.675959212382302e-11,7.901706597304982e-11,1.4945207779404238e-10,7.043387568316315e-11,-2.386747066922845e-10,-1.6823396061405306e-10,-9.172700285387364e-11,4.222678521209087e-11,0.0,0.0,-1.2847044607035374e-11,0.0
190,C#CC[Pt] + C=O.[Pt] <=> C#CC.[Pt] + O=C[Pt],5.951998230902025e-13,3.0716199079349297e-12,8.580225320482092e-13,3.3271740427460273e-12,3.1351193580028925e-13,2.7963187429841025e-12,2.477937963797571e-12,-1.3378345401435946e-11,-1.0895716167402936e-11,3.4288736164814353e-12,2.1455435785230267e-12,0.0,0.0,-2.981976614072032e-11,0.0
191,C#CC.[Pt] + C=O.[Pt] <=> C#CC[Pt] + CO[Pt],7.856637664790672e-13,1.8792611251078684e-12,-1.527985331044756e-13,9.341680966171538e-13,1.7604901010323935e-12,2.861960028030678e-12,1.099962705880873e-12,-5.108476178326089e-12,-4.000414617948149e-12,5.690076758161084e-12,6.218966894269643e-14,0.0,0.0,-1.2516294136122538e-11,0.0
192,C#C.[Pt] + C#CC.[Pt] <=> C=C[Pt] + C#CC[Pt],8.332797523262834e-13,9.849920379875725e-13,-5.759329324707158e-13,-4.2229516696391886e-13,2.2669324588636297e-12,2.4155992897139666e-12,1.5713752941155326e-13,1.2561826668014973e-13,2.84929816093173e-13,-2.7060299892231868e-12,-3.886854308918527e-13,0.0,0.0,4.351979880432037e-13,0.0
193,C#CC.[Pt] + C#CC#[Pt] <=> C#CC=[Pt] + C#CC[Pt],-6.008351750152205e-09,-1.606581631896872e-08,-5.13749806363852e-09,-1.5194986307226004e-08,-6.90176027806996e-09,-1.6959226815460266e-08,-1.0057466694963842e-08,6.417931458388859e-08,5.4121848707266024e-08,1.3774378419869318e-08,-2.3036919066443035e-08,0.0,0.0,1.9897252013335273e-11,0.0
194,C#CC[Pt] + C#CO.[Pt] <=> C#CO[Pt] + C#CC.[Pt],-2.9759991154510123e-13,8.424274009104237e-13,-3.996269327347823e-13,7.422157479971908e-13,-1.9293042203094723e-13,9.714910186893126e-13,1.1483127149305815e-12,-2.1145741557825203e-12,-9.573641820730613e-13,9.267225990490366e-14,-3.109483447134821e-14,0.0,0.0,-6.909203258173903e-11,0.0
195,C#CC=[Pt] + C#CC.[Pt] <=> 2 C#CC[Pt],4.2854387262494573e-13,1.2960421552468058e-14,7.875001321538358e-13,3.711078739985954e-13,6.029075688467101e-14,-3.413346822421909e-13,-4.109750769225239e-13,2.931092889203494e-13,-1.139719264372692e-13,4.540940735340279e-12,-5.441596032485937e-13,0.0,0.0,-9.617875535754803e-11,0.0
196,C#CC.[Pt] + C=[Pt] <=> C#CC[Pt] + C[Pt],-3.214079044687093e-13,1.6848548018208475e-13,-1.3869405312560092e-12,-8.957776268931612e-13,7.717216881237889e-13,1.2603126728942434e-12,4.955875927595142e-13,6.699640889607986e-13,1.1739108423038729e-12,-2.001720813945919e-12,1.2748882133252767e-12,0.0,0.0,-1.08155403988497e-10,0.0
197,C#CC.[Pt] + C=[Pt] <=> C#CC[Pt] + C[Pt],9.285117240207157e-13,1.5293297431912308e-12,3.5261199947186675e-14,6.270443388252129e-13,1.8328390092939985e-12,2.4418558037325966e-12,6.043751131213588e-13,-5.108476178326089e-12,-4.501891094272134e-12,3.706890396196146e-12,1.2593407960896026e-12,0.0,0.0,3.829742294780193e-11,0.0
198,C#CC=[Pt] + C=[Pt] <=> C#CC[Pt] + C#[Pt],-2.214143341895553e-11,-5.4031997452239334e-11,-2.1380040901310854e-11,-5.327317515366043e-11,-2.2934603918928852e-11,-5.482360127089959e-11,-3.188683096828288e-11,2.216534315571242e-10,1.8977465471069695e-10,4.993181363676209e-11,-3.778955233302948e-10,0.0,0.0,-4.494724820510208e-11,0.0
199,C#CC=[Pt] + C=[Pt] <=> C#CC[Pt] + C#[Pt],-4.490187465392487e-11,-1.0812879701224101e-10,-4.310094006877785e-11,-1.0634160113545957e-10,-4.673739473699696e-11,-1.0997540896703205e-10,-6.322972433475655e-11,4.4284626280308784e-10,3.796176925772563e-10,9.024424669539518e-11,-7.553712663952264e-10,0.0,0.0,-5.44867881030091e-12,0.0
200,C#C.[Pt] + CC#[Pt] <=> C#CC(C)=[Pt] + [Pt],6.393398419705718e-10,2.669289541681664e-09,4.054215232594367e-10,2.435363431057679e-09,8.793286310115497e-10,2.9092873945492586e-09,2.029950954947495e-09,-1.070468621341564e-08,-8.674733839727228e-09,-2.439263621860931e-09,8.710409411451946e-09,0.0,0.0,2.3935889342376203e-11,0.0
201,C#CC#[Pt] + C.[Pt] <=> C#CC(C)=[Pt] + [Pt],-1.5475195400345262e-13,1.2442004690369335e-12,-1.0460822650998715e-12,3.583110507572645e-13,7.596635367468547e-13,2.166162406536981e-12,1.4021502624415523e-12,-1.381800933481647e-12,2.2794385287453842e-14,3.3362013565765316e-12,4.819699343058973e-13,0.0,0.0,-9.455981884202731e-11,0.0
202,C#CC(C)=[Pt] + [Pt] <=> C#CC#[Pt] + C[Pt],4.761598584721619e-13,1.101635831959785e-12,-2.938433328932223e-13,3.3271740427460277e-13,1.2661058945780912e-12,1.890469009341365e-12,6.28550117646213e-13,-2.6798563558431943e-12,-2.0514946758708455e-12,1.9090485540410154e-12,-2.0211642406376338e-13,0.0,0.0,-1.0390787162519532e-10,0.0
203,C#CC(C)=[Pt] + O=[Pt] <=> C#CC#[Pt] + CO[Pt],1.4478949936456883e-09,3.0799275381500618e-09,1.0566841325506589e-09,2.6887149375895473e-09,1.8492380951666291e-09,3.481272424188105e-09,1.632030380468392e-09,-1.120843639918082e-08,-9.576399941350394e-09,-2.506932906043492e-09,-1.1119326237947293e-08,0.0,0.0,3.0169665323107053e-10,0.0
204,C#CC(C)=[Pt] + C~[Pt] <=> CC#[Pt] + C#CC#[Pt],1.916543430350452e-12,2.8253718984380366e-12,6.934702656280046e-13,1.5868060819250284e-12,3.1712938121336948e-12,4.0697596728876615e-12,9.06562669682038e-13,-4.81536688940574e-12,-3.909237076798333e-12,-1.8163762941361117e-12,1.3992675512106695e-13,0.0,0.0,3.960301691193154e-11,0.0
205,C#CC(C)=[Pt] + O=[Pt] <=> CC#[Pt] + C#CO[Pt],-7.512612167044535e-11,-5.37598285996375e-11,-8.910505226654073e-11,-6.774638223960565e-11,-6.07851410911253e-11,-3.9411027541963737e-11,2.1370703999971245e-11,2.1916200260130124e-10,2.4053775074585665e-10,2.4409873258951625e-11,4.808816150994001e-11,0.0,0.0,1.048827151184121e-10,0.0
206,C#CC(C)=[Pt] + C#[Pt] <=> CC#[Pt] + C#CC=[Pt],-9.427965197748806e-11,-7.777548973636081e-11,-1.1023826476822128e-10,-9.373673024274865e-11,-7.790771604637188e-11,-6.140085803256642e-11,1.651152809047552e-11,3.1747923265629843e-10,3.339947304244174e-10,4.2703377364179606e-11,-2.514017367008503e-11,0.0,0.0,-5.147521802575014e-11,0.0
207,CC#[Pt] + C#CO.[Pt] <=> C#CC(C)=[Pt] + O[Pt],-4.2854387262494573e-13,-6.480210776234029e-14,3.7611946610332457e-13,7.294189247558599e-13,-1.254047743201157e-12,-8.927214766334224e-13,3.626250678728152e-13,-3.224202178123843e-12,-2.860695353575457e-12,-1.4086183505545355e-12,0.0,0.0,0.0,6.167625886548283e-11,0.0
208,C#C.[Pt] + C#CC(C)=[Pt] <=> CC#[Pt] + C#CC=C[Pt],1.4284795754164858e-13,1.0238733026449765e-12,-6.111941324179024e-13,2.559364648266175e-13,9.164195046469993e-13,1.7985712102761598e-12,8.823876651571837e-13,-7.746459778609233e-13,1.139719264372692e-13,7.043091752772678e-13,-1.7102158959241518e-13,0.0,0.0,-2.981976614072032e-11,0.0
209,CC#[Pt] + C#CC(=[Pt])C#C <=> C#CC#[Pt] + C#CC(C)=[Pt],1.6665595046525668e-11,2.1087901908020776e-10,-1.3281718646773648e-11,1.8093428380917725e-10,4.7388534911351414e-11,2.416124419994339e-10,1.9422198635267983e-10,-8.390253395345e-10,-6.447961738188505e-10,-2.08716463757824e-10,5.227041674633634e-10,0.0,0.0,8.268761772820871e-11,0.0
210,CC#[Pt] + C#CC.[Pt] <=> C#CC(C)=[Pt] + C[Pt],-7.047880145175705e-10,1.1571064362043482e-10,-9.313070592717788e-10,-1.1080769244668405e-10,-4.724142546455281e-10,3.4808260634497885e-10,8.204996535735566e-10,-4.2494565980116653e-10,3.9556236508583024e-10,-4.1539413779774017e-10,1.4369544905899436e-09,0.0,0.0,-4.799363412140451e-11,0.0
211,C#CC(C)=[Pt] + C=[Pt] <=> CC#[Pt] + C#CC[Pt],4.642558620103579e-13,6.350606560709349e-13,-6.817165323122758e-13,-5.246697528945659e-13,1.6399085872630513e-12,1.8116994672854748e-12,1.6922503167398044e-13,1.2143099112414474e-12,1.3904575025346842e-12,7.172832916639543e-12,-3.4204317918483035e-13,0.0,0.0,-1.2272583262818344e-10,0.0
212,C#CC#C.[Pt] + [Pt] <=> C#CC=C[Pt] + [Pt],8.773245392349584e-12,-2.2512252236637018e-11,9.109143319689892e-12,-2.2189691500467738e-11,8.428647812477007e-12,-2.285629545321748e-11,-3.1282455855161525e-11,1.0832481863384911e-10,7.704502227159398e-11,2.331634059207376e-11,-1.092112776302692e-09,0.0,0.0,-4.418129974614604e-11,0.0
213,C#CC#C.[Pt] + [H][H].[Pt] <=> C#CC=C[Pt] + [Pt],5.237758443193782e-13,1.5811714294011031e-12,-1.0108210651526848e-12,5.11872929653235e-14,2.1101764909634854e-12,3.1770381962542387e-12,1.0637001990935913e-12,-3.705738867064417e-12,-2.6441486933446456e-12,1.241808282725709e-12,6.374441066626383e-13,0.0,0.0,-2.9924213657850687e-11,0.0
214,C#CC#C.[Pt] + O=C[Pt] <=> C#CC=C[Pt] + O=C=[Pt],1.2618236249512291e-12,2.3328758794442505e-12,1.9981346636739116e-13,1.2668855008917565e-12,2.3633976698791034e-12,3.4396033364405395e-12,1.0757877013560185e-12,-7.47428686746891e-12,-6.3938250731308025e-12,-1.9090485540410154e-12,4.648677753466558e-12,0.0,0.0,6.736864854908794e-12,0.0
215,C#CC#C.[Pt] + O[Pt] <=> C#CC=C[Pt] + O=[Pt],5.475838372429862e-13,4.665751758888501e-13,-9.402986652583114e-14,-1.7915552537863224e-13,1.2178732890703543e-12,1.1552866168197232e-12,-7.252501357456304e-14,1.6749102224019965e-13,1.0257473379354228e-13,-5.374991074484412e-13,-7.151811928410089e-13,0.0,0.0,-6.811718908852225e-11,0.0
216,C#CC#C.[Pt] + C[Pt] <=> C#CC=C[Pt] + C=[Pt],-1.4796667602022433e-11,-1.594131850953571e-12,-1.944067490421559e-11,-6.244849741769467e-12,-1.0032381945609256e-11,3.1639099392449237e-12,1.3199552470570475e-11,1.0133206845532079e-11,2.3341450534352734e-11,-4.8745608709979325e-12,4.054766415063807e-11,0.0,0.0,-1.1837385274775142e-10,0.0
217,C#CC#C.[Pt] + C.[Pt] <=> C#CC=C[Pt] + C[Pt],-1.4284795754164858e-13,-6.480210776234029e-14,-9.402986652583114e-14,0.0,-1.8087227065401302e-13,-9.189779906520525e-14,8.461251583699022e-14,-1.465546444601747e-13,-5.69859632186346e-14,2.854305605071033e-12,-6.374441066626383e-13,0.0,0.0,-2.971531862358995e-11,0.0
218,C#CC#C.[Pt] + C=[Pt] <=> C#CC=C[Pt] + C#[Pt],9.76127709867932e-13,1.3090025767992738e-12,1.0578359984156003e-13,4.3509199020524977e-13,1.8810716148017354e-12,2.218675434574241e-12,3.3845006334796087e-13,-3.0985839114436933e-12,-2.758120619781915e-12,3.614218136291243e-12,1.0883192064971874e-13,0.0,0.0,4.64443292839707e-11,0.0
219,C#CC#C.[Pt] + C#[Pt] <=> C#CC=C[Pt] + C~[Pt],6.666238018610267e-13,-2.1384695561572296e-12,3.996269327347823e-13,-2.4058027693702044e-12,9.525939587778019e-13,-1.837955981304105e-12,-2.8043005248831046e-12,1.1368453134553551e-11,8.570688868082644e-12,4.633612995245183e-12,-7.204673147011381e-11,0.0,0.0,-1.017318816849793e-10,0.0
220,C#CC#C.[Pt] + O.[Pt] <=> C#CC=C[Pt] + O[Pt],-7.856637664790672e-13,-2.851292741542973e-13,-6.58209065680818e-13,-1.535618788959705e-13,-9.284776560239335e-13,-4.201042242980811e-13,5.076750950219414e-13,-1.2771190445815223e-12,-7.636119071297037e-13,1.5568939664023814e-12,-1.1505088754398839e-12,0.0,0.0,-7.213841849804145e-11,0.0
221,C#CC#C.[Pt] + C=O.[Pt] <=> C#CC=C[Pt] + O=C[Pt],2.1427193631247286e-13,1.0627545673023807e-12,-1.0578359984156003e-13,7.422157479971908e-13,5.305586605851049e-13,1.3784669859780787e-12,8.461251583699022e-13,-3.349820444803993e-12,-2.4959851889761957e-12,-1.8534451980980732e-13,-1.8656900682808928e-13,0.0,0.0,-1.871351348585776e-11,0.0
222,C#CC=[Pt] + C#CC#C.[Pt] <=> C#CC#[Pt] + C#CC=C[Pt],2.3807992923608096e-13,4.53614754336382e-13,9.520523985740403e-13,1.1645109149611097e-12,-4.823260550773681e-13,-2.6256514018630073e-13,2.1757504072368913e-13,-1.3608645557016222e-12,-1.139719264372692e-12,-7.784469832011907e-13,-3.2649576194915623e-13,0.0,0.0,2.715635445389591e-12,0.0
223,C#CC#C.[Pt] + C#CO.[Pt] <=> C#CO[Pt] + C#CC=C[Pt],3.0950390800690524e-13,4.924960189937862e-13,-3.055970662089512e-13,-1.2796823241330874e-13,9.405358074008677e-13,1.129030102801093e-12,1.813125339364076e-13,-1.5492919557218467e-12,-1.3676631172472304e-12,2.5206854694133793e-12,-3.4204317918483035e-13,0.0,0.0,-0.0,0.0
224,C#CC[Pt] + C#CC#C.[Pt] <=> C#CC=[Pt] + C#CC=C[Pt],9.047037310971077e-13,1.7366964880307198e-12,3.055970662089512e-13,1.1389172684784479e-12,1.5193270734937094e-12,2.3630862616767065e-12,8.34037656107475e-13,-5.0666034227660394e-12,-4.228358470822687e-12,1.2232738307447282e-12,-3.886854308918527e-13,0.0,0.0,1.1959240711427238e-11,0.0
225,C#CC.[Pt] + C#CC#C.[Pt] <=> C#CC[Pt] + C#CC=C[Pt],-2.1427193631247286e-13,1.2960421552468058e-13,1.175373331572889e-13,4.606856366879115e-13,-5.667331147159074e-13,-2.231803691583556e-13,3.5053756561038807e-13,-2.1355105335625455e-12,-1.7779620524213996e-12,2.483616565451418e-12,-2.0211642406376338e-13,0.0,0.0,-6.615009418256696e-13,0.0
226,C#C.[Pt] + [Pt] <=> C#C[Pt] + [Pt],1.584421929066119e-10,3.144587081275325e-10,1.250949836793026e-10,2.811206129655567e-10,1.926410263979008e-10,3.4867337791039806e-10,1.5602547920340995e-10,-1.1583679098132208e-09,-1.0023375042452076e-09,-2.522909603651097e-10,-4.832728078702468e-09,0.0,0.0,-9.365460702689743e-12,0.0
227,C#C[Pt] + [H][H].[Pt] <=> C#C.[Pt] + [Pt],7.38047780631851e-13,9.590711948826362e-13,5.759329324707158e-13,8.061998642038451e-13,9.043613532700651e-13,1.142158359810408e-12,2.2966254298611633e-13,-1.1724371556813975e-12,-9.345697967856075e-13,-3.79956265610105e-12,-1.321530465032299e-12,0.0,0.0,-5.690648891652932e-11,0.0
228,C#C.[Pt] + O=C=[Pt] <=> C#C[Pt] + O=C[Pt],1.1903996461804049e-14,1.0368337241974446e-12,7.052239989437335e-14,1.0877299755131244e-12,-4.823260550773681e-14,9.846192756986276e-13,1.0274376923063097e-12,-4.333830200465166e-12,-3.3051858666808067e-12,4.485337379397337e-12,2.0056168234019596e-12,0.0,0.0,4.613098673257959e-11,0.0
229,C#C.[Pt] + O=[Pt] <=> C#C[Pt] + O[Pt],2.3619909779511595e-10,1.1622906048253354e-10,2.373313831111978e-10,1.1735966594624546e-10,2.3503748663920145e-10,1.150691726866463e-10,-1.1996845995458971e-10,-2.9838525612091565e-10,-4.1834535318064033e-10,-1.7904280613627387e-11,-8.379544825259566e-09,0.0,0.0,-1.0564866357736814e-10,0.0
230,C#C.[Pt] + C=[Pt] <=> C#C[Pt] + C[Pt],1.2975356143366413e-12,2.7994510553331003e-12,-1.9981346636739116e-13,1.2924791473744183e-12,2.8336655735795373e-12,4.332324813073962e-12,1.4988502805409697e-12,-7.26492308966866e-12,-5.766979477725822e-12,2.0387897179078805e-12,2.7207980162429684e-12,0.0,0.0,4.3189048333407536e-11,0.0
231,C#C[Pt] + C.[Pt] <=> C#C.[Pt] + C[Pt],1.0832636780241684e-12,1.114596253512253e-12,-1.175373331572889e-13,-8.957776268931612e-14,2.3151650643713666e-12,2.3499580046673915e-12,3.626250678728152e-14,-1.3399281779215972e-12,-1.299279961384869e-12,-2.0202552659268996e-12,-1.305983047796625e-12,0.0,0.0,-6.56104486773934e-11,0.0
232,C#C.[Pt] + C#[Pt] <=> C#C[Pt] + C=[Pt],9.76127709867932e-13,1.2960421552468058e-12,-1.763059997359334e-13,1.4076505565463962e-13,2.146350945094288e-12,2.4812405747605417e-12,3.263625610855337e-13,-1.6330374668419466e-12,-1.299279961384869e-12,7.5991253122021e-13,-2.5497764266505533e-12,0.0,0.0,-2.2961045849159428e-11,0.0
233,C#C.[Pt] + C~[Pt] <=> C#C[Pt] + C#[Pt],2.3475871422323764e-10,2.789860343384274e-10,2.0252857876332453e-10,2.4676114256258325e-10,2.6782360023308556e-10,3.120586691114184e-10,4.422817077822103e-11,-9.251575977215227e-10,-8.809232110115848e-10,-1.7946909853183643e-10,-1.0334026193373393e-08,0.0,0.0,-1.17503456771665e-10,0.0
234,C#C[Pt] + O.[Pt] <=> C#C.[Pt] + O[Pt],5.713918301665943e-13,1.3608442630091461e-12,-4.466418659976979e-13,3.455142275159336e-13,1.615792284509183e-12,2.4155992897139666e-12,7.977751493201935e-13,-2.470492578042945e-12,-1.6639901259841304e-12,2.409478757527495e-12,2.6430609300645983e-13,0.0,0.0,-3.351024507932669e-11,0.0
235,C#C[Pt] + C=O.[Pt] <=> C#C.[Pt] + O=C[Pt],3.214079044687093e-13,9.720316164351043e-13,-5.054105325763424e-13,1.4076505565463962e-13,1.1696406835626175e-12,1.82482772429479e-12,6.527251221710674e-13,-9.840097556611728e-13,-3.305185866680807e-13,2.613357729318283e-12,-3.2649576194915623e-13,0.0,0.0,-4.722768566244847e-11,0.0
236,C#C.[Pt] + C=O.[Pt] <=> C#C[Pt] + CO[Pt],2.1427193631247286e-13,7.257836069382113e-13,-9.520523985740403e-13,-4.3509199020524977e-13,1.4228618624782357e-12,1.9561102943879402e-12,5.197625972843685e-13,-1.0468188890012477e-12,-5.242708616114383e-13,-3.317666904595551e-12,-2.6430609300645983e-13,0.0,0.0,-6.191996973878703e-11,0.0
237,2 C#C.[Pt] <=> C=C[Pt] + C#C[Pt],3.3331190093051337e-13,1.4386067923239544e-12,3.8787319941905347e-13,1.4972283192357125e-12,2.893956330464208e-13,1.4047234999967087e-12,1.1120502081433001e-12,-8.793278667610481e-13,2.3934104551826533e-13,1.4271528025355164e-12,7.773708617837053e-14,0.0,0.0,-4.2005309805930025e-11,0.0
238,C#CC#[Pt] + [Pt] <=> C#C[Pt] + C~[Pt],1.3270575255619154e-10,3.0676021772536646e-10,1.2308509528231295e-10,2.971422356637029e-10,1.4256352372949306e-10,3.1662730255066006e-10,1.740600325789513e-10,-1.2311427589765874e-09,-1.0570782205130281e-09,-2.5166078899775637e-10,9.688683998755032e-10,0.0,0.0,-5.7567989858354986e-11,0.0
239,C#C.[Pt] + C#CC#[Pt] <=> C#C[Pt] + C#CC=[Pt],7.38047780631851e-13,1.2701213121418698e-12,3.5261199947186675e-14,5.630602226185585e-13,1.4710944679859726e-12,2.0086233224252003e-12,5.318500995467957e-13,-3.0148384003235936e-12,-2.4845879963324686e-12,1.0193948589539403e-12,-3.917949143389875e-12,0.0,0.0,-3.812334375258464e-12,0.0
240,C#CO[Pt] + [Pt] <=> C#C[Pt] + O=[Pt],-2.9759991154510123e-13,6.86902342280807e-13,-1.2576494647829915e-12,-2.687332880679484e-13,6.873146284852494e-13,1.6804168971923245e-12,9.911751855190283e-13,-3.8104207559645416e-12,-2.815106583000549e-12,4.077579435815761e-13,-3.109483447134821e-14,0.0,0.0,-3.7322579454585154e-11,0.0
241,C#C[Pt] + C#CO.[Pt] <=> C#C.[Pt] + C#CO[Pt],-5.237758443193782e-13,-1.8144590173455282e-13,-5.289179992078002e-13,-1.9195234861996312e-13,-5.305586605851049e-13,-1.7066734112109546e-13,3.5053756561038807e-13,-1.7795921113021212e-12,-1.424649080465865e-12,6.85774723296287e-13,-1.7102158959241518e-13,0.0,0.0,3.1334255139110667e-13,0.0
242,C#CC=[Pt] + [Pt] <=> C#C[Pt] + C#[Pt],1.7022714940379788e-12,2.216232085472038e-12,3.7611946610332457e-13,8.957776268931612e-13,3.0627704497412873e-12,3.5971424205523197e-12,5.197625972843685e-13,-5.9878040450871376e-12,-5.459255276345195e-12,3.4659425204433968e-12,1.3370778822679732e-12,0.0,0.0,-5.11444675548373e-11,0.0
243,C#C.[Pt] + C#CC=[Pt] <=> C#C[Pt] + C#CC[Pt],-9.523197169443239e-13,-1.2830817336943377e-12,-9.050374653111247e-13,-1.241291854409095e-12,-1.012884715662473e-12,-1.3390822149501337e-12,-3.263625610855337e-13,2.6170472225031194e-12,2.290835721389111e-12,7.969814351821715e-13,-7.151811928410089e-13,0.0,0.0,-7.572444991951745e-11,0.0
244,C#CO.[Pt] + [Pt] <=> C#C[Pt] + O[Pt],6.904317947846348e-13,1.1664379397221252e-12,-3.8787319941905347e-13,8.957776268931612e-14,1.796664555163196e-12,2.284316719620816e-12,4.83500090497087e-13,-1.1305644001213477e-12,-6.382427880487075e-13,-9.081881470680558e-13,2.487586757707857e-13,0.0,0.0,-4.167455933501719e-11,0.0
245,C#CO.[Pt] + [Pt] <=> C#C[Pt] + O[Pt],4.7615985847216197e-14,7.387440284906793e-13,-5.876866657864445e-14,6.270443388252129e-13,1.446978165232104e-13,8.402084485961622e-13,6.889876289583489e-13,-3.705738867064417e-12,-3.008858857943907e-12,-6.301713673533448e-13,-3.4204317918483035e-13,0.0,0.0,-4.7871778684752406e-11,0.0
246,C#C[Pt] + O.[Pt] <=> [Pt] + C#CO.[Pt],8.332797523262834e-13,1.127556675064721e-12,-5.054105325763424e-13,-2.1754599510262488e-13,2.1945835506020245e-12,2.4943688317698567e-12,3.021875565606794e-13,5.024730667205989e-13,8.092006777046113e-13,-8.711192431060944e-13,-2.487586757707857e-13,0.0,0.0,-6.658529217061017e-11,0.0
247,C#C.[Pt] + C#C[Pt] <=> C#CC=C[Pt] + [Pt],7.856637664790672e-13,1.4774880569813586e-12,3.643657327875957e-13,1.0493395057891317e-12,1.2178732890703543e-12,1.90359726635068e-12,6.889876289583489e-13,-1.5492919557218467e-12,-8.54789448279519e-13,2.0387897179078805e-13,2.9540092747780803e-13,0.0,0.0,-1.6972721533684945e-11,0.0
248,C#CC(=[Pt])C#C + [Pt] <=> C#C[Pt] + C#CC#[Pt],1.5475195400345262e-12,3.965888995055225e-12,9.402986652583113e-13,3.3399708659873584e-12,2.1825253992250903e-12,4.608018210269578e-12,2.417500452485435e-12,-1.0886916445612978e-11,-8.468114134289101e-12,-2.3353409496035722e-12,3.5759059642050443e-13,0.0,0.0,9.348052783168016e-12,0.0
249,C#CC.[Pt] + [Pt] <=> C#C[Pt] + C[Pt],-4.7854065776452274e-12,-7.789213353033303e-12,-4.384142526766877e-12,-7.383767010247914e-12,-5.185005092081707e-12,-8.178904116803268e-12,-2.9977005610819394e-12,3.119520289223718e-11,2.81966546005804e-11,1.1306015708398247e-11,-1.3308589153737034e-11,0.0,0.0,-4.331090377005964e-11,0.0
250,C#CC.[Pt] + [Pt] <=> C#C[Pt] + C[Pt],-3.0831350836072486e-12,-7.2448756478296445e-12,-3.173507995246801e-12,-7.332579717282592e-12,-2.990421541479682e-12,-7.141771813067379e-12,-4.158100778274948e-12,3.460783247038125e-11,3.045329874403833e-11,5.560335594294219e-12,-1.3650632332921865e-11,0.0,0.0,-1.1163698789284262e-10,0.0
251,C#C[Pt] + C.[Pt] <=> C#CC.[Pt] + [Pt],-2.1427193631247286e-13,2.20327166391957e-13,-5.289179992078002e-13,-1.02374585930647e-13,1.2058151376934201e-13,5.513867943912315e-13,4.3515008144737826e-13,1.1096280223413226e-12,1.5500181995468612e-12,4.726285255150087e-12,-2.332112585351116e-13,0.0,0.0,-7.562000240238708e-11,0.0
252,C#CC.[Pt] + O=[Pt] <=> C#C[Pt] + CO[Pt],1.1368316621022866e-10,2.514710593825377e-10,1.0067072584921796e-10,2.384432074557182e-10,1.2703262475600181e-10,2.648232003919029e-10,1.3778543828940735e-10,-9.852450019501945e-10,-8.474610534096026e-10,-2.0578802034482907e-10,3.1766482895929334e-10,0.0,0.0,-6.082327080891815e-11,0.0
253,C#CC.[Pt] + C~[Pt] <=> CC#[Pt] + C#C[Pt],1.7058426929765202e-10,2.270536251776879e-10,1.4058640418943327e-10,1.970454842700128e-10,2.013470116920473e-10,2.578127111489287e-10,5.647281057005976e-11,-7.577084482368831e-10,-7.012350717905862e-10,-1.5518896643675167e-10,-7.639114626827823e-09,0.0,0.0,-2.325175810517229e-10,0.0
254,C#CC.[Pt] + C#CC#[Pt] <=> C#C[Pt] + C#CC(C)=[Pt],1.1903996461804048e-13,7.257836069382113e-13,-7.404851988909202e-13,-1.4076505565463962e-13,1.0008265642855387e-12,1.6147756121457494e-12,6.043751131213588e-13,-6.490277111807737e-13,-4.5588770574907684e-14,1.1862049267827668e-12,-5.908018549556161e-13,0.0,0.0,-5.951767684478854e-11,0.0
255,C#CC[Pt] + [Pt] <=> C#C[Pt] + C=[Pt],0.0,2.3328758794442503e-13,-1.1636195982571604e-12,-9.21371273375823e-13,1.2058151376934201e-12,1.457236528033969e-12,2.417500452485435e-13,-8.793278667610481e-13,-6.382427880487075e-13,2.409478757527495e-12,-7.618234445480312e-13,0.0,0.0,-1.0521346558932493e-10,0.0
256,C#C[Pt] + C#CC.[Pt] <=> C#C.[Pt] + C#CC[Pt],-4.5235186554855385e-13,6.60981499175871e-13,-4.34888132681969e-13,6.782316317905363e-13,-4.582097523234996e-13,6.564128504657518e-13,1.1120502081433001e-12,-1.0049461334411979e-12,1.139719264372692e-13,1.8534451980980732e-13,5.441596032485937e-13,0.0,0.0,-5.483494649344367e-11,0.0
257,C#CC(C)=[Pt] + [Pt] <=> CC#[Pt] + C#C[Pt],3.0950390800690524e-13,1.3867651061140822e-12,-4.819030659448846e-13,5.886538691012202e-13,1.1334662294318149e-12,2.205547177564926e-12,1.0757877013560185e-12,-2.4914289558229696e-12,-1.4132518878221381e-12,2.835771153090052e-12,6.063492721912902e-13,0.0,0.0,-1.1437003125775394e-11,0.0
258,C#CC#C.[Pt] + [Pt] <=> 2 C#C[Pt],7.142397877082429e-14,5.054564405462543e-13,-5.994403991021735e-13,-1.7915552537863224e-13,7.717216881237889e-13,1.2077996448569833e-12,4.3515008144737826e-13,0.0,4.3309332046162296e-13,1.7237040342312081e-12,-1.3992675512106695e-13,0.0,0.0,-1.3372763776591565e-10,0.0
259,C#C.[Pt] + C#C[Pt] <=> C#CC#C.[Pt] + [Pt],3.3331190093051337e-13,5.184168620987223e-13,-2.468283996303067e-13,-6.398411620665437e-14,9.164195046469993e-13,1.102773588782463e-12,1.9340003619883478e-13,-3.349820444803993e-13,-1.3676631172472305e-13,-1.2974116386686513e-12,-7.462760273123571e-13,0.0,0.0,-1.4775842090042852e-10,0.0
260,C#CC#C.[Pt] + O=[Pt] <=> C#CO[Pt] + C#C[Pt],1.3713403923998263e-11,-3.97236920583146e-10,3.6589371811864044e-11,-3.743582671018934e-10,-9.767102615316703e-12,-4.2072125237751897e-10,-4.109509019179991e-10,1.744293378364999e-09,1.3333461701969687e-09,4.0990794001136987e-10,-1.009992873205585e-08,0.0,0.0,-5.4521603942052565e-11,0.0
261,C#CC#C.[Pt] + C=[Pt] <=> C#C[Pt] + C#CC[Pt],-6.666238018610267e-13,2.9808969570676533e-13,-7.169777322594624e-13,2.431396415852866e-13,-6.029075688467101e-13,3.67591196260821e-13,9.67000180994174e-13,-8.374551112009982e-13,1.3676631172472305e-13,3.7068903961961463e-13,-1.7102158959241518e-13,0.0,0.0,-8.770109855046641e-11,0.0
262,C#C[Pt] + C#CC.[Pt] <=> C#CC#C.[Pt] + C[Pt],8.689917417116955e-13,1.321962998351742e-12,-1.8805973305166229e-13,2.559364648266175e-13,1.9534205230633406e-12,2.4024710327046516e-12,4.593250859722327e-13,-1.9680195113223457e-12,-1.5044294289719534e-12,2.2426686896986685e-12,-2.487586757707857e-13,0.0,0.0,-4.886403009749091e-11,0.0
263,C#CC#C.[Pt] + C#[Pt] <=> C#C[Pt] + C#CC=[Pt],-2.3807992923608098e-14,5.184168620987223e-14,6.699627989965468e-13,7.422157479971908e-13,-7.476053853699205e-13,-6.695411074750668e-13,7.252501357456304e-14,6.490277111807737e-13,7.294203291985229e-13,-2.8913745090329942e-12,-1.912332319987915e-12,0.0,0.0,-2.3291796320072262e-11,0.0
264,C#CC#C.[Pt] + C~[Pt] <=> C#C[Pt] + C#CC#[Pt],2.1017696152961228e-10,7.595066238177331e-10,1.2285002061599838e-10,6.721787343973868e-10,2.9976564323058424e-10,8.490962785914685e-10,5.493286278182653e-10,-2.9436337794937286e-09,-2.394299436208864e-09,-6.773044787409789e-10,-3.73068050278618e-09,0.0,0.0,1.514488998390349e-12,0.0
265,C#C[Pt] + C#CO.[Pt] <=> C#CC#C.[Pt] + O[Pt],-7.618557735554591e-13,6.480210776234029e-13,-4.936567992606134e-13,9.085744501344922e-13,-1.0370010184163414e-12,3.80719453270136e-13,1.4142377647039793e-12,-1.842401244642196e-12,-4.2169612781789607e-13,2.057324169888861e-12,-7.773708617837053e-14,0.0,0.0,-6.637639713634943e-11,0.0
266,CC#[Pt] + C#CC#C.[Pt] <=> C#C[Pt] + C#CC(C)=[Pt],1.4284795754164858e-13,5.702585483085946e-13,-1.0108210651526848e-12,-5.886538691012202e-13,1.314338500085828e-12,1.7460581822388998e-12,4.3515008144737826e-13,-1.1305644001213477e-12,-6.952287512673421e-13,-1.0008604069729596e-12,-1.8656900682808928e-13,0.0,0.0,-2.8844922647503544e-11,0.0
267,C#C.[Pt] + C#CC#C.[Pt] <=> C#C[Pt] + C#CC=C[Pt],6.547198053992227e-13,7.776252931480834e-13,-3.5261199947186675e-14,7.678093944798525e-14,1.3625711055935647e-12,1.483493042052599e-12,1.2087502262427174e-13,-1.381800933481647e-12,-1.2536911908099612e-12,1.871979650079054e-12,-2.798535102421339e-13,0.0,0.0,1.183738527477514e-12,0.0
268,C#C.[Pt] + C#CC#C.[Pt] <=> C#C[Pt] + C#CC=C[Pt],4.761598584721619e-13,7.517044500431473e-13,1.527985331044756e-13,4.2229516696391886e-13,8.078961422545915e-13,1.076517074763833e-12,2.7801255203582503e-13,-2.2611288002426953e-12,-1.983111520008484e-12,1.8534451980980732e-14,-1.7102158959241518e-13,0.0,0.0,1.183738527477514e-12,0.0
269,C#CC#[Pt] + C#CC#C.[Pt] <=> C#C[Pt] + C#CC(=[Pt])C#C,2.8569591508329717e-13,3.369709603641695e-13,7.052239989437335e-14,1.2796823241330874e-13,5.064423578312365e-13,5.645150514005465e-13,6.043751131213587e-14,-9.002642445410731e-13,-8.319950629920652e-13,-7.043091752772678e-13,-7.30728610076683e-13,0.0,0.0,1.3055939641296112e-12,0.0
270,C#CC.[Pt] + [Pt] <=> C#C[Pt] + C[Pt],-3.392638991614154e-12,-7.763292509928366e-12,-4.5957097264499966e-12,-8.957776268931613e-12,-2.1584090964712222e-12,-6.524743733629573e-12,-4.36358831673621e-12,3.2032658003438184e-11,2.7672383738968963e-11,3.2805980006335897e-12,-1.3603990081214843e-11,0.0,0.0,-1.1315147689123297e-11,0.0
271,C#CC.[Pt] + [Pt] <=> C#C[Pt] + C[Pt],-3.797374871315491e-12,-6.765340050388326e-12,-4.689739592975828e-12,-7.652500298315863e-12,-2.881898179087274e-12,-5.842074369145191e-12,-2.9614380542946576e-12,3.0943966358876884e-11,2.7991505132993315e-11,6.171972509666584e-12,-1.2779976967724115e-11,0.0,0.0,1.7947565026901723e-11,0.0
272,C#CO.[Pt] + [Pt] <=> C#C[Pt] + O[Pt],2.3807992923608098e-14,5.832189698610626e-13,-3.996269327347823e-13,1.6635870213730138e-13,4.4615160094656547e-13,1.0108757897172577e-12,5.681126063340772e-13,-4.103530044884892e-12,-3.533129719555345e-12,2.5206854694133793e-12,2.332112585351116e-13,0.0,0.0,1.1151513245619052e-10,0.0
273,C#CO.[Pt] + [Pt] <=> C#C[Pt] + O[Pt],3.3331190093051337e-13,1.7755777526881238e-12,2.3507466631457786e-14,1.4716346727530506e-12,6.390820229775127e-13,2.0873928644810908e-12,1.4505002714912609e-12,-3.894166267084642e-12,-2.438999225757561e-12,3.855166012043992e-12,9.328450341404464e-14,0.0,0.0,2.0663200472291313e-11,0.0
274,C#C.[Pt] + C#CC#C.[Pt] <=> C#C[Pt] + C#CC=C[Pt],7.38047780631851e-13,7.257836069382113e-13,7.052239989437335e-14,5.11872929653235e-14,1.43492001385517e-12,1.417851757006024e-12,-1.2087502262427174e-14,-8.793278667610481e-13,-8.889810262106998e-13,4.81895751505499e-13,-3.5759059642050443e-13,0.0,0.0,1.0792910103471452e-12,0.0
275,C#C.[Pt] + C#CC#C.[Pt] <=> C#C[Pt] + C#CC=C[Pt],1.5118075506491142e-12,1.7496569095831878e-12,-3.055970662089512e-13,-6.398411620665437e-14,3.3762823855415764e-12,3.6233989345709497e-12,2.417500452485435e-13,-5.443458222806488e-13,-2.9632700873689993e-13,-1.037929310934921e-12,-2.6430609300645983e-13,0.0,0.0,1.0792910103471452e-12,0.0
276,C#C.[Pt] + C#CC#C.[Pt] <=> C#CC=C([Pt])C#C + [Pt],7.142397877082429e-13,1.814459017345528e-12,3.408582661561379e-13,1.4460410262703888e-12,1.085233623924078e-12,2.192418920555611e-12,1.099962705880873e-12,-4.040720911544817e-12,-2.9404757020815454e-12,1.5568939664023814e-12,2.0211642406376338e-13,0.0,0.0,3.4815839043456297e-12,0.0
277,C#CC#[Pt] + C#CC#C.[Pt] <=> C#CC=C([Pt])C#C + C~[Pt],3.3331190093051337e-13,9.979524595400404e-13,1.292910664730178e-13,7.806062177211834e-13,5.42616811962039e-13,1.2077996448569833e-12,6.648126244334945e-13,-3.0985839114436933e-12,-2.427602033113834e-12,5.5603355942942195e-14,-8.551079479620759e-13,0.0,0.0,-5.117928339388076e-12,0.0
278,C#CO[Pt] + C#CC#C.[Pt] <=> C#CC=C([Pt])C#C + O=[Pt],2.3807992923608096e-13,1.1664379397221252e-12,1.645522664202045e-13,1.0877299755131244e-12,3.2557008717722346e-13,1.2471844158849283e-12,9.307376742068923e-13,-4.2291483115650406e-12,-3.29378867403708e-12,5.189646554674605e-13,-4.664225170702232e-13,0.0,0.0,3.056830668015463e-11,0.0
279,C#CC=[Pt] + C#CC#C.[Pt] <=> C#CC=C([Pt])C#C + C#[Pt],9.285117240207157e-13,1.5163693216387628e-12,1.1753733315728893e-14,5.886538691012202e-13,1.856955312047867e-12,2.4549840607419116e-12,5.922876108589316e-13,-3.307947689243943e-12,-2.712531849207007e-12,-1.1862049267827668e-12,-1.5547417235674106e-14,0.0,0.0,-2.5241483306505816e-11,0.0
280,C#CC#C.[Pt] + C#CO.[Pt] <=> C#CC=C([Pt])C#C + O[Pt],7.737597700172631e-13,7.646648715956154e-13,-4.583955993134268e-13,-4.606856366879115e-13,2.03782758270188e-12,2.0348798364438307e-12,0.0,-4.187275556004991e-14,-3.419157793118076e-14,-2.205599785736707e-12,-1.7102158959241518e-13,0.0,0.0,5.396455051735726e-13,0.0
281,C#CC#C.[Pt] + C#CC(=[Pt])C#C <=> C#CC#[Pt] + C#CC=C([Pt])C#C,-1.5475195400345262e-13,7.517044500431473e-13,-8.462687987324802e-13,5.11872929653235e-14,5.546749633389732e-13,1.470364785043284e-12,9.06562669682038e-13,-4.061657289324841e-12,-3.1570223623123568e-12,-3.521545876386339e-13,-1.2437933788539285e-13,0.0,0.0,-7.454071139203994e-11,0.0
282,C#CC.[Pt] + C#CC#C.[Pt] <=> C#CC=C([Pt])C#C + C[Pt],2.3807992923608098e-14,4.53614754336382e-13,-3.7611946610332457e-13,5.11872929653235e-14,4.3409344956963126e-13,8.664649626147924e-13,4.3515008144737826e-13,-5.234094445006239e-13,-7.978034850608844e-14,-3.8922349160059534e-13,-4.508750998345491e-13,0.0,0.0,-6.212886477304777e-11,0.0
283,C#CC[Pt] + C#CC#C.[Pt] <=> C#CC=C([Pt])C#C + C=[Pt],6.904317947846348e-13,8.81308665567828e-13,-3.526119994718668e-13,-1.535618788959705e-13,1.7725482524093277e-12,1.9692385513972552e-12,1.9340003619883478e-13,-1.5283555779418216e-12,-1.3334715393160496e-12,4.911629774959894e-12,-1.0883192064971874e-13,0.0,0.0,-3.2204651115197074e-11,0.0
284,C#CC#C.[Pt] + C#CC(C)=[Pt] <=> CC#[Pt] + C#CC=C([Pt])C#C,4.999678513957701e-13,1.542290164743699e-12,9.402986652583114e-14,1.1389172684784479e-12,9.043613532700651e-13,1.9561102943879402e-12,1.0516126968311641e-12,-3.768548000404492e-12,-2.712531849207007e-12,2.5948232773373025e-12,-1.5547417235674106e-14,0.0,0.0,-2.6668932707287524e-11,0.0
285,2 C#CC#C.[Pt] <=> C#C[Pt] + C#CC=C([Pt])C#C,1.2856316178748372e-12,1.7496569095831878e-12,9.402986652583114e-14,5.630602226185585e-13,2.508095486402314e-12,2.980114341114513e-12,4.714125882346598e-13,-4.187275556004991e-12,-3.715484801854976e-12,-3.7068903961961463e-14,-2.332112585351116e-13,0.0,0.0,6.30166686686559e-12,0.0
286,C#C[Pt] + C#CC#C.[Pt] <=> C#CC=C([Pt])C#C + [Pt],1.249919628489425e-12,1.2960421552468058e-12,7.404851988909202e-13,7.806062177211834e-13,1.7725482524093277e-12,1.82482772429479e-12,4.8350009049708696e-14,-1.9680195113223457e-12,-1.9147283641461227e-12,1.4271528025355164e-12,-3.2649576194915623e-13,0.0,0.0,-4.689693519153563e-11,0.0
287,C#CC=C[Pt] <=> C#CC(=C)[Pt],8.689917417116955e-13,1.4774880569813586e-12,8.227613321010224e-13,1.420447379787727e-12,9.164195046469993e-13,1.5360060700898591e-12,6.164626153837858e-13,-4.145402800444941e-12,-3.5217325269116185e-12,4.077579435815761e-12,-1.4925520546247142e-12,0.0,0.0,6.049252033800532e-11,0.0
288,C#CC(=C)[Pt] + [Pt] <=> C#CC(C)=[Pt] + [Pt],-4.732005249517575e-09,-3.755256223984515e-09,-5.514546074673787e-09,-4.537791911845652e-09,-3.9291848006281404e-09,-2.952426847081868e-09,9.767547953199528e-10,1.5188106833119085e-08,1.6164866270450764e-08,1.8241792984201047e-09,-1.0932010955091891e-09,0.0,0.0,-1.0119223617980572e-10,0.0
289,C#CC#C.[Pt] + [Pt] <=> C#CC(=C)[Pt] + [Pt],-7.856637664790672e-13,2.462480094968931e-13,-1.1636195982571604e-12,-1.2796823241330874e-13,-3.979189954388286e-13,6.432845934564368e-13,1.039525194568737e-12,-1.5702283335018717e-12,-5.242708616114383e-13,-7.0986951087156205e-12,-1.0883192064971874e-13,0.0,0.0,-4.264940282823396e-11,0.0
290,C#CC#C.[Pt] + C.[Pt] <=> C#CC(=C)[Pt] + C[Pt],3.452158973923174e-13,5.054564405462543e-13,-1.0695897317313292e-12,-9.085744501344922e-13,1.796664555163196e-12,1.9692385513972552e-12,1.6922503167398044e-13,2.344874311362795e-12,2.5187795742636494e-12,2.817236701109071e-12,-6.374441066626383e-13,0.0,0.0,-1.1358667487927617e-10,0.0
291,C#CC#C.[Pt] + C=[Pt] <=> C#CC(=C)[Pt] + C#[Pt],-3.3331190093051337e-13,7.776252931480834e-14,1.1753733315728893e-14,4.09498343722588e-13,-6.993727798621837e-13,-2.888216542049308e-13,4.109750769225239e-13,-7.955823556409483e-13,-3.7610735724298836e-13,5.05990539080774e-12,-1.8656900682808928e-13,0.0,0.0,-7.856194080155914e-11,0.0
292,C#CC#C.[Pt] + C[Pt] <=> C#CC(=C)[Pt] + C=[Pt],-1.7129850908536027e-11,-1.3634363473196397e-11,-2.0639555702419934e-11,-1.7147743143383374e-11,-1.3529245844920174e-11,-1.0029988355116687e-11,3.4932881538414535e-12,5.73028659839283e-11,6.080402275428312e-11,8.970674758794674e-12,-1.4334718691291526e-11,0.0,0.0,-4.428574726327641e-11,0.0
293,C#CC#C.[Pt] + C#[Pt] <=> C#CC(=C)[Pt] + C~[Pt],3.928318832395336e-13,1.2701213121418698e-12,-4.34888132681969e-13,4.3509199020524977e-13,1.2419895918242228e-12,2.126777635509036e-12,8.823876651571837e-13,-1.3608645557016222e-12,-4.786820910365307e-13,2.9099089610139747e-12,-4.508750998345491e-13,0.0,0.0,2.491073283559298e-11,0.0
294,C#CC#C.[Pt] + [H][H].[Pt] <=> C#CC(=C)[Pt] + [Pt],-5.118718478575741e-13,6.091398129659987e-13,-2.3507466631457786e-14,1.0877299755131244e-12,-1.012884715662473e-12,1.0502605607452028e-13,1.1241377104057271e-12,-4.250084689345066e-12,-3.122830784381176e-12,-1.4827561584784585e-12,0.0,0.0,0.0,-1.1872201113818597e-11,0.0
295,C#CC#C.[Pt] + O[Pt] <=> C#CC(=C)[Pt] + O=[Pt],3.0950390800690524e-13,4.53614754336382e-13,-8.932837319953958e-13,-7.550125712385216e-13,1.555501527624512e-12,1.6935451542016397e-12,1.450500271491261e-13,-2.721729111403244e-13,-1.253691190809961e-13,2.187065333755726e-12,-2.1766384129943748e-13,0.0,0.0,-4.1134913829843614e-11,0.0
296,C#CC#C.[Pt] + O.[Pt] <=> C#CC(=C)[Pt] + O[Pt],-8.332797523262834e-14,6.480210776234029e-13,-9.285449319425824e-13,-2.04749171861294e-13,7.83779839500723e-13,1.522877813080544e-12,7.373376380080576e-13,-9.840097556611728e-13,-2.3934104551826533e-13,2.3168064976225913e-12,-4.197802653632009e-13,0.0,0.0,-1.0140113121406647e-10,0.0
297,C#CC#C.[Pt] + O=C[Pt] <=> C#CC(=C)[Pt] + O=C=[Pt],-0.0017235132804006865,-0.006868907974250095,-0.0009189860106727865,-0.006064422101352954,-0.0025488775578435185,-0.007694229782711239,-0.005145483376936177,0.026593879743193653,0.021447027982594694,0.0061063684618075835,-3.5759059642050443e-13,0.0,0.0,-6.463560518417662e-11,0.0
298,C#CC#C.[Pt] + C=O.[Pt] <=> C#CC(=C)[Pt] + O=C[Pt],8.332797523262834e-13,1.153477518169657e-12,-3.408582661561379e-13,-2.559364648266175e-14,2.03782758270188e-12,2.3630862616767065e-12,3.263625610855337e-13,-3.559184222604242e-13,-2.2794385287453842e-14,2.5948232773373025e-12,-3.7313801365617855e-13,0.0,0.0,-7.410551340399673e-11,0.0
299,C#C.[Pt] + C#CC#C.[Pt] <=> C#C[Pt] + C#CC(=C)[Pt],2.1427193631247286e-13,3.6289180346910563e-13,-9.167911986268536e-13,-7.806062177211834e-13,1.3625711055935647e-12,1.509749556071229e-12,1.450500271491261e-13,-9.002642445410731e-13,-7.522147144859767e-13,6.85774723296287e-13,-2.9540092747780803e-13,0.0,0.0,8.703959760864074e-13,0.0
300,C#CC=[Pt] + C#CC#C.[Pt] <=> C#CC#[Pt] + C#CC(=C)[Pt],6.190078160138105e-13,7.646648715956154e-13,-1.9981346636739116e-13,-6.398411620665437e-14,1.4469781652321042e-12,1.5885190981271194e-12,1.450500271491261e-13,-3.349820444803993e-13,-1.8235508229963073e-13,1.2047393787637475e-12,-2.6430609300645983e-13,0.0,0.0,-2.1115806379856246e-11,0.0
301,C#CC#C.[Pt] + C#CO.[Pt] <=> C#CO[Pt] + C#CC(=C)[Pt],8.689917417116955e-13,9.07229508672764e-13,7.052239989437335e-14,1.02374585930647e-13,1.6881411927707882e-12,1.7198016682202697e-12,3.626250678728152e-14,-1.4236736890416969e-12,-1.3790603098909574e-12,-1.2974116386686513e-12,-2.9540092747780803e-13,0.0,0.0,-4.351979880432037e-13,0.0
302,C#CC.[Pt] + C#CC#C.[Pt] <=> C#CC[Pt] + C#CC(=C)[Pt],5.475838372429862e-13,7.517044500431473e-13,1.175373331572889e-13,3.07123757791941e-13,9.887684129086045e-13,1.1946713878476683e-12,2.0548753846126196e-13,-1.0049461334411979e-12,-7.978034850608844e-13,2.075858621869842e-12,-2.1766384129943748e-13,0.0,0.0,-5.570534246953008e-13,0.0
303,C#CC[Pt] + C#CC#C.[Pt] <=> C#CC=[Pt] + C#CC(=C)[Pt],5.713918301665943e-13,6.091398129659987e-13,3.7611946610332457e-13,4.09498343722588e-13,7.83779839500723e-13,8.270801915868472e-13,3.626250678728152e-14,-2.2192560446826452e-12,-2.1768637949518418e-12,2.5762888253563216e-12,-2.332112585351116e-13,0.0,0.0,6.146736383122209e-11,0.0
304,C#C.[Pt] + C#CC.[Pt] <=> C#CC(C)=C[Pt] + [Pt],-7.142397877082429e-14,2.20327166391957e-13,-1.0695897317313292e-12,-7.806062177211834e-13,9.525939587778019e-13,1.2340561588756133e-12,2.901000542982522e-13,3.998848155984766e-12,4.296741626685049e-12,-4.077579435815761e-13,-2.332112585351116e-13,0.0,0.0,-1.7028426876154475e-10,0.0
305,C#CC.[Pt] + C#CC#[Pt] <=> C#CC(C)=C[Pt] + C~[Pt],3.5711989385412145e-13,1.2182796259319974e-12,-2.1156719968312005e-13,6.526379853078746e-13,9.284776560239335e-13,1.7985712102761598e-12,8.703001628947565e-13,-2.805474622523344e-12,-1.9261255567898497e-12,6.0236968938187375e-12,-7.773708617837053e-14,0.0,0.0,-3.972487234858364e-11,0.0
306,C#CO[Pt] + C#CC.[Pt] <=> C#CC(C)=C[Pt] + O=[Pt],2.3807992923608096e-13,2.008865340632549e-12,-1.2576494647829915e-12,5.11872929653235e-13,1.7725482524093277e-12,3.5446293925150596e-12,1.7768628325767947e-12,-5.820313022846937e-12,-4.03460619587933e-12,-1.7237040342312081e-12,2.751892850714317e-12,0.0,0.0,1.1419595206253666e-11,0.0
307,C#CC=[Pt] + C#CC.[Pt] <=> C#CC(C)=C[Pt] + C#[Pt],3.214079044687093e-13,6.091398129659987e-13,-4.34888132681969e-13,-1.535618788959705e-13,1.0972917753010122e-12,1.3784669859780787e-12,2.901000542982522e-13,-2.0936377780024956e-13,7.978034850608844e-14,5.5603355942942195e-14,-5.441596032485937e-13,0.0,0.0,-9.292347440698486e-11,0.0
308,C#CC.[Pt] + C#CO.[Pt] <=> C#CC(C)=C[Pt] + O[Pt],2.1427193631247286e-13,4.1473348967897784e-13,-4.701493326291556e-13,-2.687332880679484e-13,9.043613532700651e-13,1.102773588782463e-12,2.0548753846126196e-13,9.21200622321098e-13,1.1283220717289651e-12,-4.948698678921855e-12,7.773708617837053e-14,0.0,0.0,-8.573400364451113e-11,0.0
309,C#CC.[Pt] + C#CC(=[Pt])C#C <=> C#CC#[Pt] + C#CC(C)=C[Pt],3.5711989385412145e-13,1.1793983612745932e-12,-1.292910664730178e-13,6.910284550318672e-13,8.440705963853941e-13,1.6672886401830095e-12,8.219501538450478e-13,-1.863337622422221e-12,-1.0371445305791498e-12,1.0564637629159017e-12,1.0883192064971874e-13,0.0,0.0,-1.4918587030121023e-11,0.0
310,2 C#CC.[Pt] <=> C#CC(C)=C[Pt] + C[Pt],1.3689595931074657e-12,1.6978152233733156e-12,9.402986652583114e-14,4.09498343722588e-13,2.6769096056793925e-12,3.006370855133143e-12,3.263625610855337e-13,-8.374551112009982e-14,2.507382381619922e-13,2.7987022491280905e-12,-2.0211642406376338e-13,0.0,0.0,2.719117029293937e-11,0.0
311,C#CC[Pt] + C#CC.[Pt] <=> C#CC(C)=C[Pt] + C=[Pt],6.666238018610267e-13,1.153477518169657e-12,1.292910664730178e-13,6.014506923425511e-13,1.2178732890703543e-12,1.7066734112109547e-12,4.83500090497087e-13,-3.684802489284392e-12,-3.2026111328872645e-12,3.521545876386339e-12,-9.328450341404464e-14,0.0,0.0,-3.176945312715387e-11,0.0
312,C#CC.[Pt] + C#CC(C)=[Pt] <=> CC#[Pt] + C#CC(C)=C[Pt],7.142397877082429e-14,7.387440284906793e-13,-3.996269327347823e-13,2.559364648266175e-13,5.667331147159074e-13,1.2340561588756133e-12,6.648126244334945e-13,-7.537096000808984e-13,-7.978034850608844e-14,6.672402713153063e-13,-1.7102158959241518e-13,0.0,0.0,-8.519435813933757e-11,0.0
313,C#CC#C.[Pt] + C.[Pt] <=> C#CC(C)=C[Pt] + [Pt],5.713918301665943e-13,8.553878224628919e-13,-1.645522664202045e-13,1.1517140917197788e-13,1.3384548028396963e-12,1.6279038691550644e-12,2.901000542982522e-13,-9.63073377881148e-13,-6.724343659798883e-13,3.743959300158108e-12,-2.6430609300645983e-13,0.0,0.0,-4.407685222901567e-11,0.0
314,C#CC#C.[Pt] + C[Pt] <=> C#CC(C)=C[Pt] + [Pt],-5.429412786228826e-11,-1.7518601812471074e-10,-4.313620126872503e-11,-1.6402968030737915e-10,-6.574104130704527e-11,-1.8663130164442255e-10,-1.2088711012653416e-10,7.079008054982038e-10,5.87012407115155e-10,1.57765255262108e-10,-7.891247092138749e-10,0.0,0.0,1.5980470120946442e-11,0.0
315,C#CC#C.[Pt] + CO[Pt] <=> C#CC(C)=C[Pt] + O=[Pt],2.618879221596891e-13,1.321962998351742e-12,-2.703358662617645e-13,7.806062177211834e-13,8.078961422545915e-13,1.864212495322735e-12,1.0637001990935913e-12,-3.6219933559443173e-12,-2.55297115219483e-12,1.4827561584784585e-13,1.2437933788539285e-13,0.0,0.0,4.569578874453639e-11,0.0
316,CC#[Pt] + C#CC#C.[Pt] <=> C#CC(C)=C[Pt] + C~[Pt],1.9129722314119105e-11,7.08416642057904e-11,1.0766419717207665e-11,6.2461294240936e-11,2.7709631864194794e-11,7.942595490635597e-11,5.171033467866345e-11,-2.749365130072877e-10,-2.2322541512003547e-10,-6.058912352582601e-11,-3.9048893129119084e-10,0.0,0.0,-4.167455933501719e-11,0.0
317,C#CC.[Pt] + C#CC#C.[Pt] <=> C#C[Pt] + C#CC(C)=C[Pt],2.8569591508329717e-13,4.665751758888501e-13,1.8805973305166229e-13,3.711078739985954e-13,3.8586084406189446e-13,5.645150514005465e-13,1.813125339364076e-13,-1.444610066821722e-12,-1.2650883834536882e-12,2.4650821134704374e-12,-6.218966894269642e-13,0.0,0.0,-1.967094905955281e-12,0.0
318,C#CC#C.[Pt] + C#CC(C)=[Pt] <=> C#CC#[Pt] + C#CC(C)=C[Pt],-3.8092788677772957e-13,5.832189698610626e-13,-9.402986652583114e-14,8.701839804104995e-13,-6.63198325731381e-13,3.1507816822356084e-13,9.67000180994174e-13,-2.6379836002831443e-12,-1.6639901259841304e-12,-2.2241342377176876e-12,-1.5547417235674106e-14,0.0,0.0,2.8166013786156145e-11,0.0
319,C#C[Pt] + C#CC.[Pt] <=> C#CC(C)=C[Pt] + [Pt],1.4284795754164858e-12,1.9051819682128046e-12,3.8787319941905347e-13,8.701839804104995e-13,2.4839791836484455e-12,2.966986084105198e-12,4.83500090497087e-13,-1.5911647112818965e-12,-1.1055276864415112e-12,2.965512316956917e-12,-1.8656900682808928e-13,0.0,0.0,-5.908247885674534e-11,0.0
320,C#C.[Pt] + C#CC.[Pt] <=> C#CC=C(C)[Pt] + [Pt],1.1903996461804049e-14,4.2769391123144594e-13,-4.701493326291557e-14,3.711078739985954e-13,7.23489082616052e-14,4.988737663539713e-13,4.230625791849511e-13,-1.4236736890416969e-12,-9.91555760004242e-13,4.57800963930224e-12,-2.1766384129943748e-13,0.0,0.0,-1.1544932226810108e-10,0.0
321,C#CC.[Pt] + C#CC#[Pt] <=> C#CC=C(C)[Pt] + C~[Pt],4.5235186554855385e-13,5.832189698610626e-13,-5.876866657864445e-14,6.398411620665437e-14,9.887684129086045e-13,1.129030102801093e-12,1.3296252488669891e-13,-8.374551112009982e-13,-6.952287512673421e-13,9.823259549919789e-13,1.5547417235674105e-13,0.0,0.0,-1.8504618451597024e-11,0.0
322,C#CO[Pt] + C#CC.[Pt] <=> C#CC=C(C)[Pt] + O=[Pt],4.642558620103579e-13,1.7366964880307198e-12,-2.703358662617645e-13,1.0109490360651392e-12,1.2178732890703543e-12,2.5074970887791717e-12,1.2812752398172805e-12,-7.725523400829208e-12,-6.43941384370571e-12,-2.0387897179078805e-13,2.2699229164084197e-12,0.0,0.0,7.245176104943255e-11,0.0
323,C#CC=[Pt] + C#CC.[Pt] <=> C#CC=C(C)[Pt] + C#[Pt],-1.3094396107984455e-13,-1.4256463707714865e-13,-1.410447997887467e-13,-1.535618788959705e-13,-1.2058151376934201e-13,-1.3128257009315036e-13,-1.2087502262427174e-14,3.140456667003743e-13,3.0772420138062687e-13,-3.5771492323292814e-12,-4.197802653632009e-13,0.0,0.0,-9.487316139341841e-11,0.0
324,C#CC.[Pt] + C#CO.[Pt] <=> C#CC=C(C)[Pt] + O[Pt],0.0,7.128231853857432e-13,-9.873135985212269e-13,-2.8153011130927924e-13,1.0249428670394072e-12,1.7329299252295848e-12,7.131626334832032e-13,-1.7795921113021212e-12,-1.0599389158666035e-12,-1.4642217064974778e-12,-5.908018549556161e-13,0.0,0.0,-1.0270672517819608e-10,0.0
325,C#CC.[Pt] + C#CC(=[Pt])C#C <=> C#CC#[Pt] + C#CC=C(C)[Pt],-4.7615985847216197e-14,1.321962998351742e-12,-6.58209065680818e-13,7.16622101514529e-13,5.667331147159074e-13,1.9561102943879402e-12,1.3779752579166979e-12,-2.40768344470287e-12,-1.0257473379354228e-12,7.043091752772678e-13,3.5759059642050443e-13,0.0,0.0,4.7105830225796373e-11,0.0
326,2 C#CC.[Pt] <=> C#CC=C(C)[Pt] + C[Pt],7.38047780631851e-13,1.0757149888548489e-12,1.0578359984156003e-13,4.3509199020524977e-13,1.3987455597243673e-12,1.7329299252295848e-12,3.3845006334796087e-13,-2.826411000303369e-12,-2.4845879963324686e-12,2.298272045641611e-12,-2.332112585351116e-13,0.0,0.0,-1.2307399101861801e-11,0.0
327,C#CC[Pt] + C#CC.[Pt] <=> C#CC=C(C)[Pt] + C=[Pt],9.523197169443239e-13,1.853340282002932e-12,-2.938433328932223e-13,6.014506923425511e-13,2.230758004732827e-12,3.1376534252262937e-12,9.06562669682038e-13,-3.1404566670037434e-12,-2.2338497581704766e-12,-2.5762888253563216e-12,-3.886854308918527e-13,0.0,0.0,-9.422906837111446e-11,0.0
328,C#CC.[Pt] + C#CC(C)=[Pt] <=> CC#[Pt] + C#CC=C(C)[Pt],1.7855994692706072e-13,1.6589339587159114e-12,1.292910664730178e-13,1.6123997284076902e-12,2.291048761617498e-13,1.7066734112109547e-12,1.4867627782785425e-12,-3.5382478448242176e-12,-2.0514946758708455e-12,8.711192431060944e-13,3.4204317918483035e-13,0.0,0.0,-1.4692284076338557e-11,0.0
329,C#CC.[Pt] + C#CC#C.[Pt] <=> C#C[Pt] + C#CC=C(C)[Pt],1.0713596815623643e-12,1.5034089000862947e-12,4.583955993134268e-13,8.829808036518303e-13,1.7122574955246566e-12,2.153034149527666e-12,4.3515008144737826e-13,-1.9680195113223457e-12,-1.5272238142594073e-12,2.0387897179078805e-12,1.8656900682808928e-13,0.0,0.0,-4.351979880432037e-13,0.0
330,C#C[Pt] + C#CC.[Pt] <=> C#CC=C(C)[Pt] + [Pt],-3.5711989385412146e-14,-2.20327166391957e-13,-1.1753733315728893e-14,-2.04749171861294e-13,-6.029075688467101e-14,-2.4943688317698566e-13,-1.813125339364076e-13,3.768548000404492e-13,1.9375227494335765e-13,4.4482684754353756e-13,-7.773708617837054e-13,0.0,0.0,-6.223331229017813e-11,0.0
331,C#CC(C)=C[Pt] <=> C#CC=C(C)[Pt],1.8451194515796276e-12,2.3587967225491864e-12,1.422201731203196e-12,1.945117132682293e-12,2.278990610240564e-12,2.8094469999934175e-12,5.197625972843685e-13,-5.359712711686389e-12,-4.8324096809402144e-12,-5.189646554674605e-13,-9.328450341404464e-14,0.0,0.0,6.320815578339491e-11,0.0
332,C#C.[Pt] + C#CC#C.[Pt] <=> C#CC(C#C)=C[Pt] + [Pt],1.1903996461804049e-14,4.1473348967897784e-13,-1.175373331572889e-13,2.8153011130927924e-13,1.446978165232104e-13,5.513867943912315e-13,4.109750769225239e-13,-3.768548000404492e-13,3.419157793118076e-14,3.4288736164814353e-12,-9.328450341404464e-14,0.0,0.0,-9.466426635915768e-11,0.0
333,C#CC#[Pt] + C#CC#C.[Pt] <=> C#CC(C#C)=C[Pt] + C~[Pt],2.618879221596891e-13,1.5811714294011031e-12,-1.0578359984156003e-12,2.431396415852866e-13,1.6037341331322487e-12,2.914473056067938e-12,1.3175377466045619e-12,-1.3399281779215972e-12,-2.2794385287453842e-14,-3.892234916005954e-12,3.109483447134821e-14,0.0,0.0,-7.736079435455989e-11,0.0
334,C#CO[Pt] + C#CC#C.[Pt] <=> C#CC(C#C)=C[Pt] + O=[Pt],7.38047780631851e-13,1.8014985957930601e-12,-1.763059997359334e-13,8.829808036518303e-13,1.676083041393854e-12,2.7306774579375274e-12,1.0637001990935913e-12,-4.501321222705365e-12,-3.430554985761803e-12,8.155158871631522e-13,2.9540092747780803e-13,0.0,0.0,1.044475171303689e-11,0.0
335,C#CC=[Pt] + C#CC#C.[Pt] <=> C#CC(C#C)=C[Pt] + C#[Pt],-0.0017235132796388306,-0.006868907973640955,-0.0009189860105670029,-0.006064422101404141,-0.0025488775564085986,-0.0076942297814377985,-0.005145483377093315,0.026593879742419006,0.02144702798167152,0.006106368460788189,-4.664225170702232e-13,0.0,0.0,-8.878038956081355e-11,0.0
336,C#CC#C.[Pt] + C#CO.[Pt] <=> C#CC(C#C)=C[Pt] + O[Pt],6.785277983228308e-13,3.2401053881170146e-13,-3.055970662089512e-13,-6.782316317905363e-13,1.6881411927707882e-12,1.3390822149501337e-12,-3.5053756561038807e-13,7.955823556409483e-13,4.444905131053499e-13,1.8534451980980732e-14,-6.529915238983125e-13,0.0,0.0,-5.2119311048054075e-11,0.0
337,C#CC#C.[Pt] + C#CC(=[Pt])C#C <=> C#CC#[Pt] + C#CC(C#C)=C[Pt],5.475838372429862e-13,8.94269087120296e-13,-5.054105325763424e-13,-1.535618788959705e-13,1.6278504358861171e-12,1.9823668084065703e-12,3.5053756561038807e-13,8.374551112009982e-14,4.3309332046162296e-13,2.205599785736707e-12,-8.551079479620759e-13,0.0,0.0,-8.86759420436832e-11,0.0
338,C#CC.[Pt] + C#CC#C.[Pt] <=> C#CC(C#C)=C[Pt] + C[Pt],0.0,1.321962998351742e-12,-8.345150654167514e-13,4.862792831705732e-13,8.561287477623283e-13,2.179290663546296e-12,1.329625248866989e-12,-2.0308286446624206e-12,-6.952287512673421e-13,1.0008604069729596e-12,4.664225170702232e-14,0.0,0.0,-2.0576160874682672e-11,0.0
339,C#CC[Pt] + C#CC#C.[Pt] <=> C#CC(C#C)=C[Pt] + C=[Pt],1.4284795754164858e-13,4.017730681265098e-13,2.1156719968312005e-13,4.606856366879115e-13,6.029075688467101e-14,3.282064252328759e-13,2.6592504977339783e-13,-1.3399281779215972e-12,-1.0713361085103305e-12,-8.340503391441329e-13,-1.3992675512106695e-13,0.0,0.0,-4.264940282823396e-11,0.0
340,C#CC#C.[Pt] + C#CC(C)=[Pt] <=> CC#[Pt] + C#CC(C#C)=C[Pt],-9.523197169443239e-14,6.480210776234029e-14,-6.699627989965468e-13,-5.246697528945659e-13,4.823260550773681e-13,6.432845934564368e-13,1.5713752941155326e-13,-1.5492919557218467e-12,-1.3904575025346842e-12,6.85774723296287e-13,-4.508750998345491e-13,0.0,0.0,-3.394544306736989e-11,0.0
341,2 C#CC#C.[Pt] <=> C#C[Pt] + C#CC(C#C)=C[Pt],-4.404478690867498e-13,1.2960421552468058e-13,-1.833582397253707e-12,-1.2668855008917565e-12,9.887684129086045e-13,1.5491343270991741e-12,5.681126063340772e-13,-7.746459778609233e-13,-2.0514946758708456e-13,-1.0749982148968824e-12,-3.5759059642050443e-13,0.0,0.0,-8.301836819912154e-11,0.0
342,C#C[Pt] + C#CC#C.[Pt] <=> C#CC(C#C)=C[Pt] + [Pt],9.404157204825198e-13,1.2312400474844655e-12,4.819030659448846e-13,7.550125712385216e-13,1.4108037111013015e-12,1.6935451542016397e-12,2.901000542982522e-13,-1.3608645557016222e-12,-1.0713361085103305e-12,3.3362013565765317e-13,-2.487586757707857e-13,0.0,0.0,-3.0254964128763524e-11,0.0
343,C#CC=C([Pt])C#C <=> C#CC(C#C)=C[Pt],-1.4284795754164858e-13,7.387440284906793e-13,-1.1753733315728892e-12,-2.943269345506101e-13,9.284776560239335e-13,1.8116994672854748e-12,8.823876651571837e-13,-2.6798563558431943e-12,-1.7893592450651264e-12,2.3909443055465146e-12,-3.5759059642050443e-13,0.0,0.0,-4.973442607357732e-11,0.0
