,Reaction,SYNGAS Selec,SYNGAS Yield,CO Selectivity,CO % Yield,H2 Selectivity,H2 % Yield,CH4 Conversion,H2O+CO2 Selectivity,H2O+CO2 yield,Exit Temp,Peak Temp,Dist to peak temp,O2 Conversion,Max CH4 Conv,Dist to 50 CH4 Conv
0,[H][H] + 2 [Pt] <=> 2 [Pt],0.46853424303536917,0.4667013059538258,0.0011956974801693597,-0.0006287135304296193,0.9413030767872046,0.9394615145760327,-0.0018243892068156567,-0.006038369947814268,-0.007862648980778314,-0.00019841508901028275,-0.00019841508900661568,0.0,-0.007828931665482394,-0.006453277174175279,0.0
1,O=C=O + [Pt] <=> O=C=O.[Pt],-0.0004393352008252965,-0.00042742416312059275,-0.0008820965667502837,-0.0008701855838216938,8.570876233082105e-06,2.0481981246686392e-05,1.1911080535392366e-05,5.657549536252032e-06,1.7568638466043545e-05,3.416557352525211e-07,3.4165557795976795e-07,0.0,1.4706283843430206e-05,2.0424261089325923e-05,0.0
2,[C-]#[O+] + [Pt] <=> O=C=[Pt],0.005381539423551244,0.004874276222589593,0.010879463157964885,0.010372172057598503,-0.00018026799998722764,-0.0006875029795228718,-0.000507235917119569,-7.027439918944654e-05,-0.0005775099588885137,-1.196495899922024e-05,-1.196495899922024e-05,0.0,-0.000541949463034966,-0.0005841438763336552,0.0
3,[O][O] + 2 [Pt] <=> 2 O=[Pt],-0.7118448931019564,-3.131998870861451,0.7370045773867095,-1.7184651820366876,-2.177529418728454,-4.56195725945224,-2.4375052342749965,0.0043412348076350025,-2.4332698172957863,-0.05219435895856773,-0.05219435895856773,0.0,-2.4292385356739548,-3.775576503488642,0.0
4,O=C=[Pt] + O=[Pt] <=> O=C=O.[Pt] + [Pt],-0.4820151923400365,-0.4667014700325675,-0.9683015011487145,-0.95306260806673,0.009921570145158537,0.02531099116402019,0.015387894285797865,0.006213789364877934,0.02160263982482079,0.0004248122976775248,0.00042481229769952725,0.0,0.01845847251535551,0.02187298677045636,0.0
5,C=[Pt] + [Pt] <=> C[Pt] + [Pt],0.36991773703157327,1.6756441056031066,-0.11093574473977327,1.1885351332858285,0.8563585451880608,2.168413090616725,1.3009140567246562,0.001323565121381477,1.3022548402921885,0.027951776234755588,0.027951776234755588,0.0,1.3010704267293154,2.0655942682891744,0.0
6,C[Pt] + [Pt] <=> C + 2 [Pt],-6.044947628310342e-10,-1.3219957740054374e-09,1.012924597777098e-10,-6.264144997800294e-10,-1.3024545500636728e-09,-2.001452538299509e-09,-7.22056202483033e-10,6.864172681294469e-12,-7.227268756998546e-10,-1.5328953743532652e-11,-1.5316119006934663e-11,0.0,-7.278240612591794e-10,-8.857680475714612e-10,0.0
7,C=[Pt] + [Pt] <=> C#[Pt] + [Pt],2.664498714584285e-07,2.976118751416017e-07,1.2584135757328762e-08,4.374388012809675e-08,5.232654306015236e-07,5.544416194455831e-07,3.11519010327479e-08,-4.90801915467147e-09,2.6251970754140637e-08,5.47348343424079e-10,5.47348343424079e-10,0.0,2.6231973145658642e-08,7.949768229482029e-08,0.0
8,O=C=[Pt] + [Pt] <=> C~[Pt] + O=[Pt],-0.0006572327279152724,-0.002911244753672816,0.00018614751188526703,-0.0020678835192714058,-0.0015104127109757841,-0.0037644055062925506,-0.0022540268425347908,-5.063949977685275e-07,-0.0022545332241191655,-4.8398732408258485e-05,-4.8398732408258485e-05,0.0,-0.002253094490666492,-0.003575760907598849,0.0
9,C#[Pt] + [Pt] <=> C~[Pt] + [Pt],-7.241408423768094e-07,3.7703707251317277e-08,-9.452280247105881e-08,6.673082369439376e-07,-1.3610747937197988e-06,-5.992150110514106e-07,7.618150548203877e-07,1.2759265294945563e-08,7.745836274410688e-07,1.6684309017944414e-08,1.6684309017944414e-08,0.0,7.737350670948488e-07,1.2711878696703537e-06,0.0
10,C~[Pt] + [H][H] <=> C=[Pt],0.003906777346709486,0.0038898802150693656,6.33737537792507e-06,-1.05591012704121e-05,0.007852538880620657,0.00783564108726208,-1.6896483581596007e-05,-5.035196455790896e-05,-6.724843226696544e-05,-1.6910014666486312e-06,-1.6910013276056515e-06,0.0,-6.69814848334109e-05,-5.7476381414893874e-05,0.0
11,C + O=[Pt] + [Pt] <=> C[Pt] + O[Pt],4.660886435609126e-05,0.00018442932929054007,1.685403427318737e-06,0.00013950580442985546,9.205431805145674e-05,0.00022987484883049315,0.00013782039299115625,-5.184204247999444e-07,0.00013730197832306272,2.9478274644974464e-06,2.9478275488400012e-06,0.0,0.00013725387357463114,0.0002483097927157818,0.0
12,O=C=[Pt] + O[Pt] <=> O=C=O.[Pt] + [Pt],-0.00030563795165298714,-0.00029610682985610183,-0.000620343943709921,-0.00061081285427176,1.272479898034783e-05,2.2255965166832825e-05,9.531140753087156e-06,3.921319657940247e-06,1.3452468960202667e-05,2.6362794482447105e-07,2.6362794604682695e-07,0.0,1.1438467103365532e-05,1.4077290142460397e-05,0.0
13,O[Pt] + [Pt] <=> [Pt] + O=[Pt],-6.230799679989748e-09,-6.120275315709352e-09,-1.8858652705444685e-10,-7.949262906479271e-11,-1.2343217472288738e-08,-1.2226541816753462e-08,1.012034767645207e-10,5.3058309113691175e-11,1.6261297961110135e-10,3.8186397268686424e-12,3.8186397268686424e-12,0.0,1.4837355891973863e-10,5.425329293382817e-09,0.0
14,C + O[Pt] + [Pt] <=> C[Pt] + O.[Pt],-9.72062890131487e-05,0.001933763816229097,-0.0002097359403301697,0.0018212318791519216,1.6630912138129413e-05,0.0020476033297083624,0.002030972076576846,2.282258570258016e-06,0.002033254382758926,4.3683973972680314e-05,4.3683973972680314e-05,0.0,0.0020315544992942857,0.0031586043487869067,0.0
15,O + [Pt] <=> O.[Pt],-6.793394343555488e-09,1.420759588234827e-07,-1.3038475454677006e-08,1.3582811804486455e-07,-4.757483865227818e-10,1.4839597059132908e-07,1.4887732089104855e-07,1.6206449578156822e-10,1.4902786283221498e-07,3.2022332397535047e-09,3.2020267410651993e-09,0.0,1.48909702563961e-07,2.4258972410507397e-07,0.0
16,O.[Pt] + [Pt] <=> [Pt] + O[Pt],-9.492619081529568e-07,2.703524384368843e-05,-1.121587760406049e-06,2.6862913834955303e-05,-7.749336984691256e-07,2.720958947771831e-05,2.7984488747068948e-05,2.3434614019172343e-08,2.8007932287294278e-05,6.018556001624445e-07,6.018556502790351e-07,0.0,2.7991263657429836e-05,4.731761839511447e-05,0.0
17,O.[Pt] + O=[Pt] <=> 2 O[Pt],-0.02938819838933879,0.4416134985994458,-0.061906803583353945,0.4089416851949626,0.0035082600753653776,0.4746649454904586,0.47114015658296593,0.0006476687767552586,0.4717908767945826,0.010135534790023682,0.010135534790023682,0.0,0.4713438681979105,0.7047218477740116,0.0
18,[H] + [Pt] <=> [Pt],1.4014559136674852e-09,1.4417191846344652e-09,-5.780498228460759e-11,-1.8223039294089343e-12,2.8952336559124406e-09,2.9131658891863275e-09,4.2611957640162644e-11,-6.657360468364734e-11,-1.5827626630316514e-11,-4.0276625800356466e-13,-4.0276625800356466e-13,0.0,6.1693795976956964e-12,2.8617121548198763e-09,0.0
19,C + [Pt] <=> C.[Pt],0.002918643544532248,0.012041402314251824,-0.00016896163742792693,0.008953515462401598,0.0060421254828212844,0.015165169205259463,0.009122492516679516,-3.152275432585891e-05,0.009090966883725677,0.00019516895365739777,0.00019516895381385931,0.0,0.009086705940299837,0.015828167248537105,0.0
20,[CH3] + [Pt] <=> C[Pt],-4.274427362694273e-07,5.5262957209044905e-08,-4.935047691845023e-07,-1.0810324398338318e-08,-3.606130848092676e-07,1.2210064458261835e-07,4.82686668851859e-07,-4.370247957961158e-07,4.567021568930702e-08,2.909319418950761e-11,2.9096372314760445e-11,0.0,2.969126757782932e-07,1.2976501901030163e-07,0.0
21,[H][H] + [Pt] <=> [H][H].[Pt],1.2300224088962174e-06,1.2258846005894475e-06,6.247532321854515e-09,2.107538572506468e-09,2.46801706424768e-06,2.4638814665882577e-06,-4.146367849561251e-09,-1.587020823634958e-08,-2.0009446360515547e-08,-5.06569940540532e-10,-5.06569940540532e-10,0.0,-1.9921385068491892e-08,-8.857680478134564e-09,0.0
22,[OH] + [Pt] <=> O[Pt],-4.160828390925802e-10,5.03640691720638e-10,-4.883021911701687e-10,4.2952580288294573e-10,-3.4302283690156744e-10,5.921047159256693e-10,9.100062238511671e-10,-3.989252051264665e-10,5.187191701511512e-10,1.0317905868917437e-11,1.0317905868917437e-11,0.0,7.433589328280085e-10,6.889307039149804e-09,0.0
23,[CH]=O + [Pt] <=> O=C[Pt],-1.1543500509467363e-11,2.299338359166266e-13,-1.7593324286230584e-11,2.8428259199486406e-12,-5.4249253069072074e-12,1.8472285084888182e-11,2.571324796647716e-11,-1.3915892785444259e-11,6.519495073772955e-12,3.2331312668271397e-13,3.2331312668271397e-13,0.0,-2.4680908625464097e-12,1.4393730780978325e-09,0.0
24,O=C=O + 2 [Pt] <=> O=C=[Pt] + O=[Pt],-0.008081489976256854,-0.00783448127029215,-0.016232090506076265,-0.015985101931182223,0.00016381729297677665,0.00041084635206262523,0.00024702867281057824,0.00010414963993839219,0.00035117857690179956,6.886072575498255e-06,6.886072575498255e-06,0.0,0.00029848702818305014,0.00036547088600986477,0.0
25,O + 2 [Pt] <=> [Pt] + O[Pt],-0.04604346447939581,0.9590719260796299,-0.07342836476835408,0.9314116491403323,-0.018340362530811484,0.987053604443366,1.005578393657655,0.0010738883333424095,1.006663080805747,0.021629311511976494,0.021629311512001554,0.0,1.0059334276103684,1.6316490260975445,0.0
26,CC + 2 [Pt] <=> 2 C[Pt],-0.005373068499734054,0.0010059659149532425,-0.006453326833110307,-7.436132545633929e-05,-0.004280257993779385,0.002098846153045746,0.006379377181047669,-0.0055454452156875784,0.0008335782097076701,1.570328705797858e-05,1.570328705797858e-05,0.0,0.0008294814861704555,0.006112198125783071,0.0
27,C=O + 2 [Pt] <=> O=C[Pt] + [Pt],2.060009125209307e-06,4.214760450209938e-06,1.1789586802611567e-06,3.3337077551460685e-06,2.9512970257348863e-06,5.1060723845773655e-06,2.1547411951481947e-06,1.4735007068982414e-06,3.62824976474105e-06,7.379589907455519e-08,7.379590090808899e-08,0.0,3.128696806483095e-06,3.727976271386897e-06,0.0
28,C=O + 2 [Pt] <=> C=[Pt] + O=[Pt],-1.0644390993936339e-07,-3.8837487023587164e-07,-6.910182249652407e-09,-2.888435672216044e-07,-2.0714733031124726e-07,-4.8906707157706e-07,-2.8194108279340714e-07,-1.4086352451258994e-08,-2.960194441788154e-07,-6.316050888290435e-09,-6.316230281237395e-09,0.0,-2.911225215852593e-07,-4.805291659580782e-07,0.0
29,CO + 2 [Pt] <=> C[Pt] + O[Pt],-7.072442544794918e-05,9.259065694585552e-05,-0.00010685224412615531,5.646277134384858e-05,-3.4176815539478044e-05,0.00012913833821052626,0.00016331518737863746,-9.383410341637637e-05,6.948093898826493e-05,1.8197039590945867e-06,1.8197038097226985e-06,0.0,9.321662198667389e-05,0.0002057301561259828,0.0
30,CC=O + 2 [Pt] <=> C[Pt] + O=C[Pt],-5.6414112071735096e-12,4.0824960086223386e-12,-7.344492113852106e-12,1.2638106916281913e-11,-3.9160579443798686e-12,7.286211795640394e-13,1.6323700469979388e-11,-1.0784126844595733e-11,2.983401726394551e-12,7.138558260215606e-13,7.138558260215606e-13,0.0,5.2438455242126545e-12,2.196838235395048e-19,0.0
31,C=C + 2 [Pt] <=> 2 C=[Pt],-1.3173150084627642e-10,-2.2277425148752185e-10,-9.266431801690038e-11,-1.8171832847181148e-10,-1.7125623410226245e-10,-2.532286391351435e-10,-8.207591010062128e-11,-6.284203802131396e-11,-1.528058703062295e-10,-3.145732822374003e-12,-3.28554588638144e-12,0.0,-1.7239724857450047e-10,1.1072100621031038e-10,0.0
32,C.[Pt] + [Pt] <=> C[Pt] + [Pt],-0.004702821842741709,-0.004674022505582452,-9.779865852196543e-05,-6.899799709048612e-05,-0.00936135356649456,-0.009332555560224233,2.8800683376118763e-05,8.739942983462425e-05,0.00011620014523857994,2.802404921409132e-06,2.8024049238538437e-06,0.0,0.00011612351618642985,-0.00013660137680325372,0.0
33,O=C[Pt] + [Pt] <=> O=C=[Pt] + [Pt],2.8937931709338366e-07,2.90323029235306e-07,8.010497139335262e-09,8.967408651323286e-09,5.740041778704365e-07,5.749478911343704e-07,9.475644138375007e-10,-5.2629793104477136e-09,-4.319267445683223e-09,-1.1126799863557414e-10,-1.1126799863557414e-10,0.0,-4.323165576253671e-09,1.9486897052977296e-08,0.0
34,C[Pt] + [H][H].[Pt] <=> C.[Pt] + [Pt],3.7497478680821194e-05,3.7344311855098406e-05,8.077736995617008e-08,-7.239164093448534e-08,7.534894719541558e-05,7.519579640338184e-05,-1.531778766230659e-07,-4.833351492700485e-07,-6.365040557369855e-07,-1.6035848864072537e-08,-1.6035848864072537e-08,0.0,-6.338865571791299e-07,-5.298000136197194e-07,0.0
35,C#[Pt] + [H][H].[Pt] <=> C=[Pt] + [Pt],1.052887976202331e-05,1.0495543493840309e-05,4.4953911059673526e-08,1.16153178055443e-08,2.1134624661981837e-05,2.110130135495763e-05,-3.334434737513198e-08,-1.357178892233955e-07,-1.6905552982445482e-07,-4.293040928071127e-09,-4.293096765287109e-09,0.0,-1.6822902752262278e-07,-1.183607553936721e-07,0.0
36,C=[Pt] + [H][H].[Pt] <=> C[Pt] + [Pt],2.6816824679350712e-09,3.3606493056154944e-09,-1.4193623763804285e-11,6.715963798809841e-10,5.408884561873031e-09,6.090469983763456e-09,6.671951252020632e-10,-7.010269753612743e-11,6.065123706843244e-10,1.2816743519635424e-11,1.2819286019837693e-11,0.0,5.975595665605701e-10,3.985956215604212e-09,0.0
37,C~[Pt] + [H][H].[Pt] <=> C#[Pt] + [Pt],7.866213601974266e-07,7.841992517466159e-07,3.5424689795356072e-09,1.1183193960186678e-09,1.5787993209384203e-06,1.5763792577013641e-06,-2.4311129182886837e-09,-1.0163262486447396e-08,-1.2587029085732714e-08,-3.198501925129745e-10,-3.198501925129745e-10,0.0,-1.253298906882474e-08,-5.9789343227798765e-09,0.0
38,[H][H].[Pt] + O=[Pt] <=> [Pt] + O[Pt],0.0052437763152660705,0.0052237610399124374,1.4605330702407424e-05,-5.408895147563771e-06,0.010533708188793019,0.010513691857105054,-2.001423559783753e-05,-6.759016435795907e-05,-8.760437829096608e-05,-2.2120967404868567e-06,-2.2120966846007465e-06,0.0,-8.722255575750188e-05,-7.105620207748039e-05,0.0
39,[H][H].[Pt] + O[Pt] <=> O.[Pt] + [Pt],-1.6983944342535598e-06,-1.6400714925169678e-06,5.20079884054906e-09,6.35210846680472e-08,-3.4217847665150723e-06,-3.363448200087976e-06,5.831313730025399e-08,2.1848681491140057e-08,8.017004798538905e-08,1.8301781612247355e-09,1.8304510182175972e-09,0.0,8.005199416894304e-08,1.4903047405093382e-07,0.0
40,O=C=[Pt] + [H][H].[Pt] <=> O=C[Pt] + [Pt],7.03190748547199e-06,7.0094295761864e-06,2.8773629671686937e-08,6.2939612903988105e-09,1.4116414977868559e-05,1.4093954527070314e-05,-2.2481582352217407e-08,-9.068788034839562e-08,-1.1317032588880122e-07,-2.873017283250237e-09,-2.873017283250237e-09,0.0,-1.1263248034435041e-07,-8.603022164713108e-08,0.0
41,C.[Pt] + O=C=[Pt] <=> C[Pt] + O=C[Pt],3.666645706955533e-11,-2.6832697589549825e-10,-6.3488617658483264e-12,-3.1015295956223494e-10,8.018209346364703e-11,-2.26598091144305e-10,-3.198177672208091e-10,-1.9297207709299544e-11,-3.313946617922267e-10,-6.6038794316213025e-12,-6.6038794316213025e-12,0.0,-3.349821220184612e-10,-4.6502822508408656e-09,0.0
42,O=C[Pt] + C#[Pt] <=> C=[Pt] + O=C=[Pt],-9.291066020599833e-10,-2.0474109320608451e-10,4.228188762208515e-11,7.642401425923546e-10,-1.911781743352506e-09,-1.1731310285075922e-09,7.007795745096128e-10,-1.954549577532195e-11,7.027357379844051e-10,1.542613103491744e-11,1.542613103491744e-11,0.0,6.911584846183327e-10,6.753981365184525e-09,0.0
43,C=[Pt] + O=C[Pt] <=> C[Pt] + O=C=[Pt],2.0035483259530825e-07,8.300091634986611e-07,-2.1319921621542963e-08,6.083319999297695e-07,4.246053573843851e-07,1.0542702136110382e-06,6.296423739735044e-07,3.8827838603773785e-10,6.300401327526825e-07,1.3525618856679002e-08,1.3525618856679002e-08,0.0,6.295693809726157e-07,1.0649146355272842e-06,0.0
44,O=C[Pt] + C~[Pt] <=> C#[Pt] + O=C=[Pt],-8.227819251277152e-12,1.2982914752106946e-11,-8.632723885808913e-12,1.0292825968475168e-11,-7.817216492716952e-12,2.4106318468395777e-11,1.0878753249890857e-11,-9.100385425187458e-12,9.876612118697821e-12,5.702290117107149e-13,5.720625455104279e-13,0.0,7.330001334820437e-12,4.4288402419592116e-10,0.0
45,O=C[Pt] + O=[Pt] <=> O=C=[Pt] + O[Pt],-7.326220669067161e-07,-7.171632303881005e-07,-8.867153593715782e-09,6.583630683672772e-09,-1.464786724719504e-06,-1.4493158259247948e-06,1.5450782649023108e-08,1.1264630273445838e-08,2.6722230070885745e-08,6.211028516954616e-10,6.211028516954616e-10,0.0,2.6692561171808873e-08,1.627598787958208e-08,0.0
46,O=C[Pt] + O[Pt] <=> O=C=[Pt] + O.[Pt],-2.869357528910694e-10,2.4084911144745634e-08,-3.5580038567847546e-11,2.4333246744790316e-08,-5.41207650916602e-10,2.3843362308048764e-08,2.4360181367404434e-08,-2.6363494166788218e-11,2.4343184160898875e-08,5.234231720495594e-10,5.234231720495594e-10,0.0,2.4325887956112612e-08,4.218470327914729e-08,0.0
47,C.[Pt] + O=[Pt] <=> C[Pt] + O[Pt],-4.642340863813392e-06,1.5388399915319016e-05,-2.0585640204294732e-06,1.7972180586760186e-05,-7.2561401664286555e-06,1.2774607154104428e-05,2.0030736850503434e-05,3.2674808307642206e-08,2.006341596626346e-05,4.312720637497323e-07,4.3127206497208814e-07,0.0,2.0045833976549405e-05,3.133648055480786e-05,0.0
48,C=[Pt] + C.[Pt] <=> 2 C[Pt],1.0587372053453278e-06,4.688094042195223e-06,-2.679528065158677e-07,3.3614019397887898e-06,2.400842827967769e-06,6.030221773756908e-06,3.629347287678063e-06,3.548313103064826e-09,3.632898429070988e-06,7.798355764748783e-08,7.798358209460515e-08,0.0,3.629752225377945e-06,5.84363325367531e-06,0.0
49,C.[Pt] + C#[Pt] <=> C=[Pt] + C[Pt],-1.218792365840518e-07,-3.019264513426724e-08,6.524699020542601e-09,9.819885119431647e-08,-2.51746757826728e-07,-1.600759923963855e-07,9.166460884754728e-08,2.035384557097745e-09,9.37098878673544e-08,2.022686035914691e-09,2.022686035914691e-09,0.0,9.366054850656154e-08,1.7626784152232134e-07,0.0
50,C.[Pt] + C~[Pt] <=> C[Pt] + C#[Pt],-9.347676656232092e-09,-9.296452798029316e-09,-2.502218387157368e-10,-2.008034896799625e-10,-1.8550841277035553e-08,-1.8488307260682127e-08,4.392971285569054e-11,1.3576820785804383e-10,1.855980846911303e-10,4.508229525318669e-12,4.508229525318669e-12,0.0,1.7287418194911398e-10,4.982445269458068e-09,0.0
51,C.[Pt] + O[Pt] <=> C[Pt] + O.[Pt],-0.0009325687413480499,0.01587530919955149,-0.0018858736733117867,0.014921844029112405,3.1813215116681225e-05,0.016839853257253685,0.016808034673851537,2.0811201031635397e-05,0.01682884938062254,0.0003615599701314641,0.0003615599701344068,0.0,0.01681419457048089,0.025820828940285166,0.0
52,C#[Pt] + O[Pt] <=> C=[Pt] + O=[Pt],-0.00017820374721194527,-4.1601489454000974e-05,1.2679635869174703e-06,0.00013787047206358227,-0.00035976084797748406,-0.00022315884807706584,0.00013660249868880498,2.9926691017618297e-06,0.0001395951736320494,3.011189353135649e-06,3.011189419876279e-06,0.0,0.00013950066470698328,0.000246177638303602,0.0
53,C=[Pt] + O[Pt] <=> C[Pt] + O=[Pt],0.0023056003740709054,0.011456897241708239,-0.0012327368678446983,0.007918236202365876,0.005885051688735283,0.015036676124415576,0.009151085876064708,1.358664482724719e-05,0.009164673761990162,0.0001967090850441656,0.0001967090850455474,0.0,0.009154810035342891,0.013556071892571723,0.0
54,C~[Pt] + O[Pt] <=> C#[Pt] + O=[Pt],-3.023549518197582e-11,1.3425750287887189e-11,-3.0670618705649825e-11,1.0053605783428374e-11,-2.9791839170094574e-11,1.6197362078566806e-11,3.190836865805198e-11,-2.7534457949339833e-11,9.262359565616445e-12,5.549495633797604e-13,5.549495633797604e-13,0.0,8.517525212120268e-12,1.4393730780154513e-09,0.0
55,2 C=[Pt] <=> C[Pt] + C#[Pt],1.6046966759616932e-06,6.752670830347812e-06,-2.2268440342017714e-07,4.925287108802324e-06,3.453311193877125e-06,8.601288022996457e-06,5.147964805646989e-06,3.769277330627621e-09,5.151741728376465e-06,1.105915896815221e-07,1.105915896815221e-07,0.0,5.147823641788331e-06,8.61752661652215e-06,0.0
56,C[Pt] + C~[Pt] <=> C=[Pt] + C#[Pt],0.0004800496919016225,0.002053476917065945,-8.621653474927356e-05,0.0014872017780107776,0.0010528957070943508,0.002626331956522523,0.0015734196620857234,1.2742650234257445e-06,0.0015746939553725934,3.380303413827569e-05,3.380303414560982e-05,0.0,0.0015734361159424246,0.002595059672732027,0.0
57,C=[Pt] + C~[Pt] <=> 2 C#[Pt],-7.035839675407064e-12,4.523138887456235e-12,-7.56050658778521e-12,8.297999840694987e-12,-6.5065662815626915e-12,4.623724298689646e-12,7.309239709239472e-12,-1.2578443536486654e-11,-2.639871207535394e-12,5.549495633797685e-13,5.549495633797685e-13,0.0,-5.144681159420115e-13,1.107210062686643e-10,0.0
58,C#[Pt] + O.[Pt] <=> C=[Pt] + O[Pt],-4.620945297046455e-06,0.00018938655102703587,-6.0081933144281536e-06,0.00018799929806677314,-3.2175780079495365e-06,0.0001907899233178669,0.00019400749568492957,1.2649476443568141e-07,0.00019413399836445627,4.171702400279825e-06,4.171702400279825e-06,0.0,0.00019402509409212346,0.0003318543277788866,0.0
59,C=[Pt] + O.[Pt] <=> C[Pt] + O[Pt],9.060610200360981e-08,4.6473961869375673e-07,-3.241327718080258e-08,3.417002398829187e-07,2.1505491848417587e-07,5.892012212512781e-07,3.741057559154935e-07,4.036645504115178e-10,3.745185470585906e-07,8.04007465712775e-09,8.04033113183566e-09,0.0,3.74197622532276e-07,5.921359399876401e-07,0.0
60,C~[Pt] + O.[Pt] <=> C#[Pt] + O[Pt],-3.6745433812501723e-07,1.4030399639878859e-05,-2.792286875415173e-07,1.41186253016494e-05,-4.567051357107583e-07,1.3941148827760141e-05,1.4397863260053813e-05,9.851958546331013e-09,1.4407705990166046e-05,3.0961915764195367e-07,3.0961915764195367e-07,0.0,1.4400259293647466e-05,2.4995267100253194e-05,0.0
61,CO + 2 [Pt] <=> CO[Pt] + [Pt],-5.162063941933502e-05,-3.409690311540126e-05,-4.559567276979433e-05,-2.807193788703113e-05,-5.7715613784765606e-05,-4.019186699756435e-05,1.7523735592173238e-05,-4.6737936526286524e-05,-2.9214209633678016e-05,-4.6381710778596713e-07,-4.638171041188995e-07,0.0,-1.7352783134299298e-05,8.498419519564072e-06,0.0
62,C=O + [Pt] <=> CO[Pt],2.31799340217999e-09,1.3391090813462826e-08,-1.5857558709568692e-09,9.484833964059716e-09,6.267105670547155e-09,1.7367548117003002e-08,1.1063122616406354e-08,-1.0699846615078106e-09,1.0001422124444759e-08,2.1757873305465803e-10,2.1759340132505573e-10,0.0,1.0342830212138186e-08,1.4812010133813438e-08,0.0
63,C.[Pt] + O=[Pt] <=> CO[Pt] + [Pt],0.2600157925712734,1.2836732221228802,-0.1256877327673701,0.8940316535220406,0.6502010396103187,1.6778422709196263,1.0210026613772278,0.0007007621856074606,1.0217105783724054,0.02193150578107998,0.021931505780874765,0.0,1.020890173076723,1.5429336619455216,0.0
64,CO[Pt] + [Pt] <=> C[Pt] + O=[Pt],-3.348159034844263e-11,2.1499228700082245e-12,-3.068976544313035e-11,3.5950887303176447e-12,-3.6303868563634456e-11,1.990770184187607e-12,3.1533900877234025e-11,-3.200850358791229e-11,-5.445611031470495e-13,-2.251172054091694e-14,-2.251172054091694e-14,0.0,1.3850364397304302e-12,1.7715360959427083e-09,0.0
65,C.[Pt] + C~[Pt] <=> CC#[Pt] + [Pt],-1.7087637492861004e-11,6.742622968471855e-11,-1.462172517585042e-11,4.3828952707068754e-11,7.450194702026352e-12,1.002058739853109e-10,5.10644072519613e-11,4.829668675966663e-12,6.370391867508851e-11,1.540779569692041e-12,1.5420019255585163e-12,0.0,5.061218603428229e-11,9.96489054121595e-10,0.0
66,CC#[Pt] + [Pt] <=> C[Pt] + C~[Pt],-4.748660969752019e-12,-5.257912612744015e-11,2.1209184747231565e-11,-2.8897162552195884e-11,-3.100713324622067e-11,-7.653465673683076e-11,-5.691477000305558e-11,-1.3956786584508863e-11,-6.36324488004847e-11,-1.0127218353747232e-12,-1.0121106574414856e-12,0.0,-6.725384366890083e-11,-1.4926831915497036e-09,0.0
67,CO[Pt] + C~[Pt] <=> CC#[Pt] + O=[Pt],-3.108973075210857e-11,2.5986740294135216e-11,-3.107957338020995e-11,1.0395348904923231e-11,-3.1101992734791357e-11,3.0074106598825066e-11,3.416260280324098e-11,-2.240627654162973e-11,1.1799059948960782e-11,3.584925285198651e-13,3.6294190387383514e-13,0.0,5.038736324774564e-12,7.750470421128808e-10,0.0
68,C=O + [Pt] <=> C=O.[Pt],-2.3713897228747046e-05,-0.000931059063788258,0.00028429425975516615,-0.0006230537031883552,-0.00033530098660598665,-0.0012426433111478532,-0.0009073453808165467,-0.00011641996569546534,-0.0010237642931358482,-2.166238457097437e-05,-2.166238457097437e-05,0.0,-0.000983921131342876,-0.0009701493015548026,0.0
69,O=C[Pt] + [Pt] <=> C=O.[Pt] + [Pt],0.000172830260109949,0.00030509801546959816,2.283467770399487e-05,0.00015510222430535557,0.0003245687315798789,0.0004568366996648717,0.00013226750869215474,6.786532635418626e-05,0.00020013293274577165,4.097181831196898e-06,4.097181831196898e-06,0.0,0.00017652912363806287,0.00020498306377268825,0.0
70,C=O.[Pt] + C[Pt] <=> C.[Pt] + O=C[Pt],4.4841491475499477e-10,1.3732254642892115e-09,2.7456912463973906e-11,9.578034466053626e-10,8.742642817598602e-10,1.8061792307498714e-09,9.218375488609165e-10,4.279769340303652e-10,1.3535621293177669e-09,2.7795883461300125e-11,2.7696699469034523e-11,0.0,1.2057146210767204e-09,4.207398227533978e-09,0.0
71,C=O.[Pt] + [Pt] <=> C=[Pt] + O=[Pt],-2.36267732915613e-11,2.3889876524724846e-12,-5.6114669025368425e-12,-3.3697177442127942e-12,-4.1849423796132943e-11,1.3051492945606057e-11,2.238760270047001e-12,-1.485353989285224e-11,-5.195663176548648e-12,-3.055889666186955e-14,-2.872536286215665e-14,0.0,5.668675834672623e-12,1.2179310660273323e-09,0.0
72,C=O.[Pt] + C#[Pt] <=> C=[Pt] + O=C[Pt],1.7559231854881815e-10,4.322805228382918e-10,7.985367782833499e-11,3.342708684029138e-10,2.7244241093849185e-10,5.346506834793519e-10,2.5996752284963225e-10,1.0224526857908987e-10,3.5721036731813564e-10,7.276141203853069e-12,7.584106973545582e-12,0.0,3.01700439084403e-10,6.421818347130263e-09,0.0
73,C=O.[Pt] + C=[Pt] <=> C[Pt] + O=C[Pt],2.036339590345863e-12,1.7444258344748448e-11,3.2249979076338553e-12,1.4821075165063927e-11,8.338695357680213e-13,1.3256927484338944e-11,-2.267232200232464e-12,-2.6133027755868767e-12,8.972293758470557e-12,3.379813970804203e-13,3.379813970804203e-13,0.0,8.419585098539685e-12,3.089304225504647e-19,0.0
74,C=O.[Pt] + C~[Pt] <=> O=C[Pt] + C#[Pt],6.529223666958227e-12,7.143800482136644e-11,-1.0128624117811143e-11,5.2271597310807824e-11,2.338013237722931e-11,1.0938212157011581e-10,5.3316784532213675e-11,-8.70142336159482e-12,5.392238116022994e-11,1.5181659861622612e-12,1.5181659861622612e-12,0.0,4.3580902045959916e-11,3.764514203629824e-09,0.0
75,C=O.[Pt] + [Pt] <=> O=C[Pt] + [H][H].[Pt],2.29501563016552e-06,2.286541145678566e-06,4.971443509073973e-09,-3.512706018185176e-09,4.611669219300419e-06,4.6032020629097315e-06,-8.491961223901672e-09,-2.9080459157443603e-08,-3.756453067696571e-08,-9.53039699016143e-10,-9.5303908783821e-10,0.0,-3.759045131359736e-08,-3.3105580788073793e-08,0.0
76,C=O.[Pt] + O=[Pt] <=> O=C[Pt] + O[Pt],0.002761802680204781,0.00840401193327512,8.147269410859728e-05,0.005723530718663712,0.005473277035679327,0.011115639274481597,0.005642053419057362,0.0027524964512568736,0.00839470517696304,0.00017257227695147444,0.00017257227695147444,0.0,0.007460397257995711,0.008140459364257448,0.0
77,C=O.[Pt] + O[Pt] <=> O=C[Pt] + O.[Pt],-7.539281186739004e-09,1.7329705390668053e-07,-1.6309048779618786e-08,1.6452612135642507e-07,1.3114742765827676e-09,1.8216804557699484e-07,1.8081831838128546e-07,1.092724374025907e-09,1.8192902524834013e-07,3.906736747699294e-09,3.906736747699294e-09,0.0,1.8147565540088963e-07,2.8588163744367784e-07,0.0
78,C=O.[Pt] + O=C=[Pt] <=> 2 O=C[Pt],1.0326314070052312e-10,3.0430177639357167e-10,4.709066437730006e-11,2.4499087528887817e-10,1.3142245947396043e-10,3.607078034333781e-10,2.044648643146532e-10,5.770166048072011e-11,2.5822889231834093e-10,5.786094835312514e-12,5.793086710868752e-12,0.0,2.2011522577446218e-10,5.536050299239574e-09,0.0
79,C=O.[Pt] + [Pt] <=> CO[Pt] + [Pt],0.09673075427189592,0.44008347773907325,-0.02820557738242247,0.31471858833276634,0.22311879645505264,0.5669050573611838,0.3430209167388917,0.00011244728211908028,0.34313374975049266,0.007366245940841005,0.007366245940856234,0.0,0.3429141988683801,0.5479505778847109,0.0
80,C=O.[Pt] + [H][H].[Pt] <=> CO[Pt] + [Pt],-2.032735012422088e-11,6.586579088349128e-13,-9.591533585010582e-12,9.163484164661332e-12,-1.8248412470189713e-11,1.4111693390253402e-11,1.1064439752635395e-11,-1.3455755038807474e-11,5.831679491708895e-12,3.862644538061753e-13,3.862644538061753e-13,0.0,-3.862105146012241e-12,9.964890541421905e-10,0.0
81,C=O.[Pt] + O=C[Pt] <=> CO[Pt] + O=C=[Pt],7.378069975909267e-05,0.0003203421049157658,-1.2453007092027382e-05,0.0002341081828179545,0.00016101642417258358,0.00040757803453577476,0.00024656121214343613,2.1115716083699724e-08,0.0002465823368014167,5.293969244243201e-06,5.293969244243201e-06,0.0,0.00024645761125407866,0.0004102736981961282,0.0
82,C=O.[Pt] + O[Pt] <=> CO[Pt] + O=[Pt],0.00026650053351504884,0.0013476588180702184,-0.00014147056939924275,0.0009396833072890799,0.0006792120985313828,0.001760374869225848,0.0010811553920614288,9.764030197992918e-07,0.0010821318146973105,2.322936810302209e-05,2.322936811707918e-05,0.0,0.001081223949572886,0.0016147740845216584,0.0
83,C=O.[Pt] + C[Pt] <=> C=[Pt] + CO[Pt],-2.4128881074521428e-06,-1.0263178408635374e-05,4.2545932423365984e-07,-7.424811873343425e-06,-5.284216008441899e-06,-1.31345018695635e-05,-7.850278632554518e-06,-8.46139077267195e-09,-7.85873808425681e-06,-1.686919016184008e-07,-1.6869179292651717e-07,0.0,-7.851720482693261e-06,-1.2935978012805714e-05,0.0
84,C=O.[Pt] + C.[Pt] <=> CO[Pt] + C[Pt],-1.632676250044847e-11,1.545978822629845e-11,-8.69752822792467e-12,7.897445112251854e-12,-2.4043652150607204e-11,1.853570753160275e-11,9.750398267324471e-12,-1.3528661811720129e-11,3.657421655589182e-12,5.146118197860923e-13,5.176677094522804e-13,0.0,-7.492418689833209e-13,-5.536050296407712e-10,0.0
85,C=O.[Pt] + C=[Pt] <=> CO[Pt] + C#[Pt],1.8661815974603775e-07,7.9564089407935e-07,-2.37988521755843e-08,5.852193882095841e-07,3.994801317478172e-07,1.0085074167384107e-06,6.090140743906837e-07,-3.105261478588819e-11,6.089870946065892e-07,1.307553762334875e-08,1.307553762334875e-08,0.0,6.086905762495828e-07,1.0305911236731487e-06,0.0
86,C=O.[Pt] + C#[Pt] <=> CO[Pt] + C~[Pt],0.17913362596630172,0.8341751309182864,-0.06163204011561726,0.5918351698831236,0.42269689341689665,1.0793309860177855,0.653870203536408,0.0002903675809602871,0.6541624697530699,0.014042768140555672,0.014042768140561173,0.0,0.653709954646173,1.028148686817249,0.0
87,C=O.[Pt] + O.[Pt] <=> CO[Pt] + O[Pt],-4.2517230058012635e-11,9.715327131446816e-12,-5.12538524203111e-11,6.7537977824196195e-12,-3.24124519281162e-11,1.4494849684189974e-11,5.050239610330643e-11,-5.0326330312833455e-11,4.44222846477256e-12,3.9543212280475406e-13,3.9543212280475406e-13,0.0,-3.599581694083611e-12,-1.1072100568512892e-10,0.0
88,2 C=O.[Pt] <=> CO[Pt] + O=C[Pt],-3.3212481454933735e-11,1.0358610616931333e-11,-2.6652258548304645e-11,2.9644228911813325e-13,-3.9848434898431266e-11,7.30371160265024e-12,2.083093085029505e-11,-2.8233957932800997e-11,-3.87265088800213e-12,1.7924626425995343e-13,9.778846931828729e-15,0.0,-8.324093487779627e-12,2.2144201198365644e-09,0.0
89,[CH]C + 2 [Pt] <=> C[Pt] + C#[Pt],-2.6861511568909976e-11,1.557241430156726e-11,-1.956894757103117e-11,1.3002133645604964e-11,-3.4236825676501475e-11,1.5940911526945332e-11,2.439920648088843e-11,-2.811001641868183e-11,4.673736385985168e-12,5.451707164479656e-13,5.451707164479656e-13,0.0,-4.160006324842672e-12,1.7715360958843549e-09,0.0
90,[CH]C + 2 [Pt] <=> CC#[Pt] + [Pt],-1.6472920725156076e-11,1.0225830052292313e-11,-1.142029248361178e-11,6.082232811113031e-12,-2.1585251792247077e-11,1.2752395258062973e-11,-4.1022504098369005e-12,-1.4434730985532803e-11,3.5249728971617217e-12,1.7051864337329286e-13,1.7051864337329286e-13,0.0,-1.975125624307542e-13,1.2179310661714998e-09,0.0
91,OC#[Pt] + [Pt] <=> O=C=[Pt] + [Pt],-7.859966725235202e-05,-0.00027306678909975166,-5.8483512948575975e-06,-0.00020031562291836146,-0.00015219632459413294,-0.00034666331161961036,-0.00019446728299784218,1.789577289917978e-07,-0.00019428832385462265,-4.1712719267347115e-06,-4.171271925463461e-06,0.0,-0.000194258564018116,-0.0003150596119866297,0.0
92,OC#[Pt] + [Pt] <=> C~[Pt] + O[Pt],-0.17950505364917607,-0.8131617120315008,0.05967360772085899,-0.5755013475968545,-0.42146287602375176,-1.053583595452662,-0.6347961495613236,-0.0002468727224070808,-0.6350414551371149,-0.013632825659697539,-0.013632825659876276,0.0,-0.6346090357794252,-0.9909898102942025,0.0
93,C~[Pt] + O.[Pt] <=> OC#[Pt] + [Pt],5.523160315482827e-09,2.848690899571722e-08,-8.209099864792815e-10,2.2140877197760776e-08,1.1954299584084312e-08,3.49066743375758e-08,2.2954028235270396e-08,2.470162477939216e-11,2.29907690801966e-08,4.936624737684869e-10,4.936624737684869e-10,0.0,2.297784023262208e-08,3.664865298011024e-08,0.0
