,Reaction,SYNGAS Selec,SYNGAS Yield,CO Selectivity,CO % Yield,H2 Selectivity,H2 % Yield,CH4 Conversion,H2O+CO2 Selectivity,H2O+CO2 yield,Exit Temp,Peak Temp,Dist to peak temp,O2 Conversion,Max CH4 Conv,Dist to 50 CH4 Conv
0,[H][H] + 2 [Pt] <=> 2 [Pt],-0.0003374927455996905,0.00043394330267367795,-0.0025269288939256283,-0.00175550973581343,0.0017183315175610591,0.0024897834252435476,0.000771438651822802,0.005283433632485414,0.006054913042757278,-0.0005385109585020291,-0.0008430506581992048,0.0,0.0,-0.0339653462889303,0.0
1,O=C=O + [Pt] <=> O=C=O.[Pt],2.1718653001421532e-08,-2.3588540718837994e-08,4.1751635400263985e-08,-3.5555641519838684e-09,2.9081974826645964e-09,-4.23989907615078e-08,-4.530719433142027e-08,6.885221045365896e-09,-3.8421972245886044e-08,7.77278613706203e-09,-1.8659625242736866e-09,0.0,0.0,1.196015448215482e-07,0.0
2,[C-]#[O+] + [Pt] <=> O=C=[Pt],6.357244230886649e-05,5.418101728281899e-05,0.0002633287251820584,0.00025393728136916823,-0.00012399357252607535,-0.00013338497994460472,-9.391419067185896e-06,-0.0008664717331288957,-0.0008758630708253568,-3.255112232777504e-05,-0.00011689333277044699,0.0,0.0,0.004552262902998532,0.0
3,[O][O] + 2 [Pt] <=> 2 O=[Pt],0.0001411174617477316,0.003150903692327395,-0.0034567433331086036,-0.0004470653903116514,0.00351941626401559,0.006529304174018336,0.0030097819832453888,-0.0014677695866955112,0.0015419682198816013,-0.0030755913055865577,0.022134678419813987,-0.08928571428572823,0.0,1.1375177123752347,0.0
4,O=C=[Pt] + O=[Pt] <=> O=C=O.[Pt] + [Pt],3.757645856392218e-06,7.782978207862918e-06,9.835088673899244e-06,1.386042125964214e-05,-1.948916726776145e-06,2.0764153751352497e-06,4.0253321876749e-06,-5.181402894684664e-05,-4.778869883672316e-05,-6.461359023815244e-06,3.2426926291515356e-06,0.0,0.0,-1.3476225877086626e-06,0.0
5,C=[Pt] + [Pt] <=> C[Pt] + [Pt],9.87987886125521e-05,0.00010745906204788623,0.00035235293788617335,0.00036101323326873634,-0.00013928203987074441,-0.00013062178707287786,8.660264868330976e-06,-0.0012537625309354207,-0.001245102374638861,-7.302388675077033e-05,-0.0007194809267775928,0.0,0.0,-0.27260197180180495,0.0
6,C[Pt] + [Pt] <=> C + 2 [Pt],1.9622423783460558e-07,-3.0014710836461928e-06,6.014277926393739e-06,2.8165823994240417e-06,-5.266778632457609e-06,-8.464473808625671e-06,-3.1976953266885053e-06,-6.532695258374746e-06,-9.730390378636838e-06,3.010915982287959e-06,-2.6234759347849776e-05,0.0,0.0,-0.00036125884570356023,0.0
7,C=[Pt] + [Pt] <=> C#[Pt] + [Pt],-4.724021984626984e-05,1.0595599712626223e-05,-0.0002733201136669646,-0.00021548442487508477,0.00016504298900061647,0.0002228789313167956,5.7835846876618966e-05,0.0006853722465508384,0.0007432084898210555,-2.5999488609859766e-05,3.044152660542723e-05,0.0,0.0,-0.005540225063436778,0.0
8,O=C=[Pt] + [Pt] <=> C~[Pt] + O=[Pt],0.0059105248749502974,0.019510751908119017,0.004261056377938625,0.017861059092888164,0.0074593333935440995,0.021059771055718355,0.013599423235865559,-0.07519386018719584,-0.061604662882619385,-0.017349167353651645,-0.018099478853475164,-0.08928571428572823,0.0,0.13235094410690534,0.0
9,C#[Pt] + [Pt] <=> C~[Pt] + [Pt],-6.1862916947256105e-09,-1.2009872866535833e-09,-4.676001309950035e-08,-4.177472814235532e-08,3.191136668199976e-08,3.689665324933955e-08,4.985295974321975e-09,1.2552394796283712e-07,1.3050924185457397e-07,-4.993649889331883e-09,3.035960218409256e-09,0.0,0.0,1.921816450685623e-06,0.0
10,C~[Pt] + [H][H] <=> C=[Pt],8.914812844166963e-06,4.793242961734748e-05,-3.423530098729009e-05,4.782298939724956e-06,4.943166052236412e-05,8.844929310714006e-05,3.901761329463599e-05,-5.5529145542289886e-05,-1.6511553917271156e-05,-4.4152611490685744e-05,-0.0002395307399676669,0.0,0.0,-0.00029714237596614,0.0
11,C + O=[Pt] + [Pt] <=> C[Pt] + O[Pt],1.4350159469905263e-09,2.0266422065196654e-09,2.6954078799893283e-08,2.754569765099132e-08,-2.2526739628209112e-08,-2.1935124464679956e-08,5.916281035178679e-10,-9.778177880853417e-08,-9.719014800182227e-08,1.2300270101060088e-09,-6.923470254177206e-09,0.0,0.0,-4.27187994509737e-06,0.0
12,O=C=[Pt] + O[Pt] <=> O=C=O.[Pt] + [Pt],1.5434176180344678e-06,3.1213244120762907e-06,4.113960936117853e-06,5.6918677452362475e-06,-8.702565041299999e-07,7.076502396506568e-07,1.577906758545133e-06,-2.125178851257638e-05,-1.9673882084887184e-05,-2.6030498615840456e-06,7.88220260271403e-08,0.0,0.0,6.996457024998724e-07,0.0
13,O[Pt] + [Pt] <=> [Pt] + O=[Pt],2.874761081946965e-07,3.4296503087070273e-07,1.0954920135703827e-06,1.1509809212977537e-06,-4.7123007972730737e-07,-4.1574117911956964e-07,5.5488914186923436e-08,-4.0431415070614795e-06,-3.987652595458356e-06,-2.5308203608565045e-07,1.441219562230611e-07,0.0,0.0,-1.3066048344720297e-06,0.0
14,C + O[Pt] + [Pt] <=> C[Pt] + O.[Pt],2.3148209448220022e-07,-1.2439498738494606e-07,1.339691456739903e-06,9.838143644133506e-07,-8.090980213587381e-07,-1.1649750966652312e-06,-3.558770858711514e-07,-3.0725321311710757e-06,-3.4284091999397086e-06,1.8153706184544992e-07,-1.425745120637225e-07,0.0,0.0,-6.649192704702733e-05,0.0
15,O + [Pt] <=> O.[Pt],1.0350272711563082e-07,6.881107122776143e-08,6.013447544199361e-07,5.666530869192344e-07,-3.639581624089072e-07,-3.986498287054124e-07,-3.469165469185333e-08,-1.8945635678632158e-06,-1.9292552251191644e-06,-2.5093725591157404e-08,2.034060657450829e-06,0.0,0.0,-1.038565691675702e-06,0.0
16,O.[Pt] + [Pt] <=> [Pt] + O[Pt],0.00012331674567107252,-0.0001365971936165696,0.0008617051293463442,0.0006017892708781096,-0.0005700109661305963,-0.000829923103378308,-0.00025991361877873514,-0.0018157471841022527,-0.0020756560835014926,0.00017571454382560149,-5.045008258649646e-06,0.0,0.0,-0.026322249065536204,0.0
17,O.[Pt] + O=[Pt] <=> 2 O[Pt],1.6475648754254932e-07,-4.1512675211494665e-08,8.98046737814068e-07,6.917775520576797e-07,-5.237842080189643e-07,-7.300533935499965e-07,-2.062691736982668e-07,-2.2090422803718187e-06,-2.415311441965882e-06,8.392028949860894e-08,-1.7751521013838137e-07,0.0,0.0,-4.5235637867411116e-05,0.0
18,[H] + [Pt] <=> [Pt],5.263291226529428e-09,-4.140677350589011e-08,2.0735140522591034e-08,-2.5934946937773128e-08,-9.264377553995937e-09,-5.5934450529191855e-08,-4.6670076595064116e-08,7.608885422149156e-08,2.9418773660946695e-08,1.737784468959534e-08,-6.422576115287883e-08,0.0,0.0,3.765481751778918e-09,0.0
19,C + [Pt] <=> C.[Pt],0.0006916394181125735,-4.1205130830087164e-05,0.0037603667653130627,0.0030274997275243362,-0.002189816678361768,-0.0029226401108708474,-0.0007328394803393891,-0.00970934979009595,-0.010442118116484576,0.00026960033631309,-0.005742752140910832,0.0,0.0,-0.48335764039348417,0.0
20,[CH3] + [Pt] <=> C[Pt],-7.727607321925792e-09,1.2169541696553362e-08,-1.8464447541727647e-08,1.4326920983514909e-09,2.3539981193989857e-09,2.2251137891628328e-08,1.989714966538175e-08,-5.447931125672048e-09,1.4449226478604377e-08,-4.270257867777181e-09,-6.343405578184488e-09,0.0,0.0,-6.243263223187993e-09,0.0
21,[H][H] + [Pt] <=> [H][H].[Pt],5.960007639143026e-06,2.0034780934720805e-05,-2.777090170385542e-06,1.129768188701643e-05,1.416391788106755e-05,2.8238692336000117e-05,1.4074772455740818e-05,-5.304578035083758e-05,-3.897101535881875e-05,-1.7704074807997997e-05,-0.00013673956037366368,0.0,0.0,1.5920174673151316e-05,0.0
22,[OH] + [Pt] <=> O[Pt],-5.8900204387705665e-08,-4.979334027759225e-07,4.1173451586527975e-07,-2.729868720410909e-08,-5.008141089001426e-07,-9.398473028928592e-07,-4.3903319786690173e-07,5.137721628468055e-07,7.473895825355905e-08,4.635234298012765e-07,1.3689829981169662e-06,0.0,0.0,-2.5755374621528873e-07,0.0
23,[CH]=O + [Pt] <=> O=C[Pt],1.3148546076876254e-08,-1.2630254548078377e-08,2.4429159869464174e-08,-1.3496568900915266e-09,2.556328165754758e-09,-2.322249015341664e-08,-2.5778809996238354e-08,1.3184123363029263e-09,-2.4460397856152368e-08,3.965707621850271e-09,-8.077238049883718e-10,0.0,0.0,6.945226616323022e-09,0.0
24,O=C=O + 2 [Pt] <=> O=C=[Pt] + O=[Pt],0.006349979629241132,0.014948877066474119,0.01453027136535671,0.023129872172798913,-0.001331104034156848,0.0072671329564823845,0.008598351443661662,-0.0883681650668922,-0.07977741182861958,-0.012724197953547987,0.007770587913828321,0.0,0.0,-0.02128771311538638,0.0
25,O + 2 [Pt] <=> [Pt] + O[Pt],0.00045660113703020565,-0.00046261524671054434,0.003128095318758733,0.002208854378301444,-0.0020518632280738685,-0.0029710565537218706,-0.0009192121866180419,-0.006699441131986515,-0.0076185917365204055,0.0006079732425340674,-8.398941670718521e-05,0.0,0.0,-0.09795242873428252,0.0
26,CC + 2 [Pt] <=> 2 C[Pt],-2.8742701432314394e-06,-4.200491567668157e-06,-9.751179029654383e-06,-1.1077400380729099e-05,3.5829705166050704e-06,2.2567489904391285e-06,-1.3262214727257894e-06,3.950682226902645e-05,3.818060027323297e-05,3.0232252521955492e-06,2.1415982251464618e-05,0.0,0.0,0.00036164494959737946,0.0
27,C=O + 2 [Pt] <=> O=C[Pt] + [Pt],-3.762521011648668e-08,-2.973994831963274e-08,-1.5499185097930903e-07,-1.471065990441944e-07,7.257903717797293e-08,8.04643049742863e-08,7.885260606614864e-09,5.069513894205842e-07,5.148366552816953e-07,1.9376703724383357e-08,9.481686407058978e-08,0.0,0.0,-1.0195618343174125e-05,0.0
28,C=O + 2 [Pt] <=> C=[Pt] + O=[Pt],9.215384782741693e-06,2.764406975674743e-05,1.1468793061495007e-05,2.989747844459882e-05,7.099492310457884e-06,2.5528176879018258e-05,1.842868326832556e-05,-0.00012164115323351404,-0.00010321249238456239,-2.433428958497825e-05,-1.8935568125716533e-05,0.0,0.0,0.000309045992533876,0.0
29,CO + 2 [Pt] <=> C[Pt] + O[Pt],-2.599755947088536e-07,3.2901047404458514e-06,-5.965672260655121e-06,-2.415592146034163e-06,5.097526907989075e-06,8.647607420635566e-06,3.5500803356181914e-06,4.754920624624628e-06,8.30500113099838e-06,-3.3384514735197584e-06,-6.375812508923942e-07,0.0,0.0,0.00041386321819582305,0.0
30,CC=O + 2 [Pt] <=> C[Pt] + O=C[Pt],-2.0360498253213014e-08,1.4817282683039921e-08,-4.252142386317295e-08,-7.343661544173643e-09,4.480297099658505e-10,3.562578049128286e-08,3.5177768686641354e-08,1.38124823549454e-08,4.8990248780003786e-08,-5.308162059190981e-09,-1.8833026111946347e-09,0.0,0.0,-1.4771528376748646e-08,0.0
31,C=C + 2 [Pt] <=> 2 C=[Pt],-0.00047944091127762777,-0.00025963763090164083,-0.0005765404771188181,-0.0003567374101889505,-0.00038826691494896106,-0.00016846343418865946,0.00021980433419899602,0.0010105982458917429,0.0012304048014315377,6.194872228899674e-05,-0.00020199990551249725,0.0,0.0,6.669440116385276e-07,0.0
32,C.[Pt] + [Pt] <=> C[Pt] + [Pt],1.4681968622753048e-07,5.019180288291836e-07,-8.67653602468081e-08,2.6833297782743125e-07,3.6615001743120096e-07,7.212483577630587e-07,3.55098340764718e-07,-1.2899333506287284e-06,-9.348350175759134e-07,-4.479278875545912e-07,-3.7659395674671635e-06,0.0,0.0,-0.0005539660763969775,0.0
33,O=C[Pt] + [Pt] <=> O=C=[Pt] + [Pt],-3.009294656607258e-06,5.238669011146251e-07,-1.7119474310926533e-05,-1.3586313262633976e-05,1.023980130938138e-05,1.3772963324131518e-05,3.5331616631079025e-06,4.330281672956487e-05,4.68359799190954e-05,-1.5183363134065695e-06,2.9551083625120313e-06,0.0,0.0,-0.0003706033018614159,0.0
34,C[Pt] + [H][H].[Pt] <=> C.[Pt] + [Pt],-8.689954253379617e-09,9.341152936783713e-09,-7.77200449267155e-08,-5.968894025744727e-08,5.6127503387109934e-08,7.415860642340841e-08,1.803110651963045e-08,1.772902749549557e-07,1.953213830334231e-07,-1.5211657403326617e-08,-1.465871738244016e-08,0.0,0.0,-1.2042541193837165e-06,0.0
35,C#[Pt] + [H][H].[Pt] <=> C=[Pt] + [Pt],-1.838336273896183e-06,2.0155509626723247e-05,-4.377866944288477e-05,-2.1784832783239873e-05,3.754255847154535e-05,5.953641301635813e-05,2.1993846296782915e-05,5.314998312875128e-05,7.514384111263486e-05,-2.0416322409007348e-05,-6.746101957220381e-05,0.0,0.0,-0.0004932698397995091,0.0
36,C=[Pt] + [H][H].[Pt] <=> C[Pt] + [Pt],-9.50357440836018e-10,5.466700664846669e-09,-2.0808555465178538e-09,4.3361833276442764e-09,1.1113968920420219e-10,6.528183008597908e-09,6.417049371697438e-09,-1.670718222002727e-08,-1.0290124672730408e-08,-2.676891229665572e-09,-1.255797642519108e-08,0.0,0.0,-1.3776333332165272e-07,0.0
37,C~[Pt] + [H][H].[Pt] <=> C#[Pt] + [Pt],5.034182016382328e-06,1.932601710123831e-05,-5.207570638701239e-06,9.084262971270886e-06,1.4650924480683774e-05,2.8942760932365456e-05,1.4291834359865643e-05,-4.5631088969103925e-05,-3.133926113242957e-05,-1.7343196877629837e-05,-8.938712127648456e-05,0.0,0.0,-4.586466046698395e-05,0.0
38,[H][H].[Pt] + O=[Pt] <=> [Pt] + O[Pt],7.548961532853296e-07,7.559731385770269e-07,3.1911299498344595e-06,3.1922069168759687e-06,-1.5326647575617591e-06,-1.5315877995092027e-06,1.0769730657952417e-09,-1.1026621705319222e-05,-1.102554473286749e-05,-5.095263317410335e-07,1.1230004195271438e-06,0.0,0.0,-1.5247889416556016e-08,0.0
39,[H][H].[Pt] + O[Pt] <=> O.[Pt] + [Pt],3.836093426545929e-08,-1.1603622877469543e-07,3.0459593185032253e-07,1.5019876655679767e-07,-2.1162689634853117e-07,-3.660240605332895e-07,-1.5439716182236182e-07,-3.9266364982793884e-07,-5.470608139832604e-07,1.1391754664912011e-07,9.543361783293353e-08,0.0,0.0,-4.618373644544553e-06,0.0
40,O=C=[Pt] + [H][H].[Pt] <=> O=C[Pt] + [Pt],-6.766724107451559e-07,1.0608782010901744e-06,-5.386730742816109e-06,-3.6491802291720666e-06,3.7459512665598086e-06,5.483501949281448e-06,1.7375506161887241e-06,1.083651846852786e-05,1.2574069270762863e-05,-1.2695378645235352e-06,-1.897146978885214e-06,0.0,0.0,-7.055173258826316e-05,0.0
41,C.[Pt] + O=C=[Pt] <=> C[Pt] + O=C[Pt],-3.096235757950795e-07,5.914229585552942e-08,-1.7726592613907675e-06,-1.4038934055516115e-06,1.0641293252129067e-06,1.4328951969181973e-06,3.6876587137085923e-07,4.473749873388619e-06,4.842515767525666e-06,-1.603635036524528e-07,2.987787906203383e-07,0.0,0.0,-3.592395311396908e-05,0.0
42,O=C[Pt] + C#[Pt] <=> C=[Pt] + O=C=[Pt],-1.680068277441342e-06,2.922656535170987e-07,-9.547549963423659e-06,-7.575216194522386e-06,5.707294778213713e-06,7.679628843287344e-06,1.9723339630755573e-06,2.4136556116384832e-05,2.6108890556088537e-05,-8.490510084472781e-07,1.729456214396437e-06,0.0,0.0,-0.0002257519245475632,0.0
43,C=[Pt] + O=C[Pt] <=> C[Pt] + O=C=[Pt],1.7802538051036897e-08,-9.140609496578227e-09,4.4066760509310975e-08,1.7123589646461494e-08,-6.858891707651864e-09,-3.3802046946593414e-08,-2.6943153700049197e-08,-5.74517591368795e-08,-8.439491787277921e-08,2.828164147002046e-09,-1.4158568655823964e-08,0.0,0.0,-1.3285730410403662e-06,0.0
44,O=C[Pt] + C~[Pt] <=> C#[Pt] + O=C=[Pt],1.872584777196727e-08,-1.571957558983176e-08,2.807191893357381e-08,-6.373515411469861e-09,9.950104131939192e-09,-2.4495315437795983e-08,-3.444542187501719e-08,2.068664797566671e-08,-1.3758770888707505e-08,4.034819721886864e-09,-1.8056775269601076e-09,0.0,0.0,-1.2427100057421718e-07,0.0
45,O=C[Pt] + O=[Pt] <=> O=C=[Pt] + O[Pt],2.2350354759741716e-06,3.832712627445534e-06,7.096516074375512e-06,8.694193289186574e-06,-2.3297698631863686e-06,-7.320928072940088e-07,1.5976771032943141e-06,-3.1603036889013744e-05,-3.000536029318414e-05,-3.0746518705032884e-06,5.522158620042523e-08,0.0,0.0,-1.1797171818679787e-05,0.0
46,O=C[Pt] + O[Pt] <=> O=C=[Pt] + O.[Pt],-2.191115093411853e-09,-5.021336771085403e-09,4.957264786715595e-09,2.12703090299315e-09,-8.903271581031672e-09,-1.17335146417315e-08,-2.830224776651095e-09,-6.117652654620517e-09,-8.947872485831538e-09,5.861199168271496e-09,2.23858055063897e-09,0.0,0.0,-1.0028028516883336e-07,0.0
47,C.[Pt] + O=[Pt] <=> C[Pt] + O[Pt],0.0008597121707607412,0.00043996811934862343,0.0042057567705124765,0.003785998674386659,-0.0022821376973369664,-0.0027018685611387362,-0.0004197404428570924,-0.01263860100531962,-0.013058288398860179,-0.00015585811625798605,0.0007495701891295361,0.0,0.0,-0.008842318437521302,0.0
48,C=[Pt] + C.[Pt] <=> 2 C[Pt],7.502756795498206e-09,-9.735541812762985e-09,2.0879305462543307e-08,3.640993849269732e-09,-5.057501617516602e-09,-2.229580932719208e-08,-1.7238305207863457e-08,-2.1368632130801418e-08,-3.860694044906578e-08,3.4853504648384e-09,-2.3390808044182958e-08,0.0,0.0,-1.568178307920754e-06,0.0
49,C.[Pt] + C#[Pt] <=> C=[Pt] + C[Pt],-1.3272893056781721e-05,2.841260203506922e-06,-7.632590225303135e-05,-6.0211759166623266e-05,4.593226175912534e-05,6.204642455111353e-05,1.6114155386979375e-05,0.00019156460383751024,0.00020767879009755193,-7.166876226954044e-06,1.0613789649715999e-05,0.0,0.0,-0.0015299061934150205,0.0
50,C.[Pt] + C~[Pt] <=> C[Pt] + C#[Pt],-1.3286924781090099e-09,-1.0130922420605722e-09,-1.4681760432144278e-10,1.6876421667406508e-10,-2.4384426041512552e-09,-2.122854660573642e-09,3.1558815622261156e-10,-8.16252499232947e-09,-7.846933372993616e-09,1.6396084057405002e-10,-2.3014031216482977e-08,0.0,0.0,-7.913879550183992e-08,0.0
51,C.[Pt] + O[Pt] <=> C[Pt] + O.[Pt],5.370003640195867e-07,-3.379978274019491e-07,3.3380553309267534e-06,2.4630570937886566e-06,-2.093118259488682e-06,-2.9681164408277345e-06,-8.749981981191344e-07,-7.647797573020655e-06,-8.522795709250372e-06,4.993889216035606e-07,-2.582681359055511e-07,0.0,0.0,-0.000108623616215789,0.0
52,C#[Pt] + O[Pt] <=> C=[Pt] + O=[Pt],0.0018911851237148527,0.0003838766439476516,0.010032837200035689,0.008525406002776481,-0.005753616892368252,-0.007260810143564949,-0.001507279974319367,-0.027898180991178283,-0.029405040461800015,0.0002357406531601172,0.0015146978886314195,0.0,0.0,-0.047752596853627205,0.0
53,C=[Pt] + O[Pt] <=> C[Pt] + O=[Pt],5.3953183553564594e-08,2.4222821903882303e-09,2.5414998020559217e-07,2.026190778439552e-07,-1.3402648544744677e-07,-1.8555739239401486e-07,-5.1530903233402985e-08,-6.690617191795466e-07,-7.205926248253179e-07,6.826403363504112e-09,1.0385513766958e-08,0.0,0.0,-9.831572195035271e-06,0.0
54,C~[Pt] + O[Pt] <=> C#[Pt] + O=[Pt],-1.2652480902564528e-09,-5.848883610198707e-09,1.538757792885413e-08,1.0803950238074365e-08,-1.6901823656367754e-08,-2.1485466527692338e-08,-4.583633142277637e-09,-3.8386107504981616e-08,-4.2969742275126516e-08,5.781363468026209e-09,1.7051349802858525e-08,0.0,0.0,5.3827534652543893e-08,0.0
55,2 C=[Pt] <=> C[Pt] + C#[Pt],9.870212555679252e-08,2.8581346127082233e-08,4.6009338557073687e-07,3.8997259500624304e-07,-2.406349894581475e-07,-3.107557912767748e-07,-7.012078307873517e-08,-1.2862294021512526e-06,-1.356350181620874e-06,2.0966141716437202e-11,-4.407900670558419e-07,0.0,0.0,-1.4053130108654303e-05,0.0
56,C[Pt] + C~[Pt] <=> C=[Pt] + C#[Pt],4.0201935322588643e-05,1.937375333635802e-05,0.00018319421829380775,0.0001623660065191939,-9.406414273985948e-05,-0.00011489229677361631,-2.0828173619345613e-05,-0.0005391992051697671,-0.0005600272664762041,-5.768002463489553e-06,-0.00027588004643437847,0.0,0.0,-0.005587840114360573,0.0
57,C=[Pt] + C~[Pt] <=> 2 C#[Pt],2.799717337695118e-08,-2.5110986445973115e-08,5.345069580464029e-08,3.42522203224512e-10,4.096958576291075e-09,-4.9011206361310236e-08,-5.310816043006213e-08,-7.586732214911154e-10,-5.386683758682902e-08,8.52235576959347e-09,-1.9964008610509783e-10,0.0,0.0,2.388231183738072e-11,0.0
58,C#[Pt] + O.[Pt] <=> C=[Pt] + O[Pt],6.072404189429882e-06,-2.0990066484369907e-05,6.453259528715938e-05,3.7470108780011846e-05,-4.882021253784426e-05,-7.588266835105843e-05,-2.706246903711129e-05,-0.00010218655706441138,-0.00012924899844546744,2.2713757401671055e-05,3.096858087349865e-05,0.0,0.0,-0.0008267920307488381,0.0
59,C=[Pt] + O.[Pt] <=> C[Pt] + O[Pt],8.991625537847046e-08,-1.3615228903197783e-07,6.502069057851754e-07,4.241383301658509e-07,-4.3618228597883626e-07,-6.622508519814708e-07,-2.2606855654539635e-07,-1.2560149054186245e-06,-1.482083462152588e-06,1.562856091327183e-07,1.106494736179069e-07,0.0,0.0,-1.9248953634684857e-05,0.0
60,C~[Pt] + O.[Pt] <=> C#[Pt] + O[Pt],0.0014317432676084346,-0.006050736410715966,0.01693852346103372,0.0094548835076425,-0.013128724727655404,-0.0206101149375238,-0.0074823725499665265,-0.025130393432542395,-0.032610885632850015,0.006442889786558467,0.009715193751994838,0.0,0.0,-0.1657624244900686,0.0
61,CO + [Pt] <=> CO.[Pt],-1.7226776068257366e-07,-2.9465494917996683e-07,-6.516242759372081e-07,-7.740114729209179e-07,2.778356736086778e-07,1.5544847502739152e-07,-1.2238719470186168e-07,2.7354592863561268e-06,2.6130720906318084e-06,2.013883901106588e-07,6.442847452268212e-07,0.0,0.0,-5.6417381665063823e-05,0.0
62,CO.[Pt] + [Pt] <=> C.[Pt] + O[Pt],6.918173973192718e-09,-8.308393889000005e-09,1.1891697873333741e-08,-3.3348773311692527e-09,2.2481628768677377e-09,-1.2978412882950456e-08,-1.5226573125372206e-08,5.367620454690687e-09,-9.858953290977378e-09,2.4842673081598726e-09,-1.5087461604784324e-09,0.0,0.0,5.553302451912274e-09,0.0
63,CO.[Pt] + [Pt] <=> C[Pt] + O[Pt],1.4481568093263916e-08,-9.625352774025614e-09,2.7434653161441312e-08,3.327709617308831e-09,2.3189426457342448e-09,-2.1788004564641176e-08,-2.4106933318083583e-08,-1.0397118582847242e-08,-3.450404767783657e-08,2.823113030642063e-09,-5.981801326540335e-10,0.0,0.0,7.550811414565412e-09,0.0
64,CO.[Pt] + [Pt] <=> C[Pt] + O[Pt],9.735942155095754e-09,-8.961655296169666e-09,1.738594298200292e-08,-1.311660130022653e-09,2.552776492765041e-09,-1.6144818903652376e-08,-1.869760136219445e-08,1.062527967421913e-09,-1.7635075233907403e-08,2.457127579781234e-09,4.754602492013103e-10,0.0,0.0,1.7548101373325813e-08,0.0
65,CO.[Pt] + [Pt] <=> C[Pt] + O.[Pt],1.0166017553665826e-08,-1.2032652184568912e-08,1.9469844180203895e-08,-2.7288353093576263e-09,1.4299519775645457e-09,-2.076872665675135e-08,-2.219867883230323e-08,4.747500083821951e-09,-1.745118013699566e-08,4.095533338769357e-09,-3.4555057361063315e-10,0.0,0.0,2.475218900466486e-08,0.0
66,CO.[Pt] + [Pt] <=> C[Pt] + O[Pt],7.144618340634972e-09,-3.7098247826021995e-09,1.199987991235236e-08,1.1454164281126923e-09,2.5856294679199247e-09,-8.268830641511986e-09,-1.085445240620911e-08,-5.627571186659364e-09,-1.648201575714199e-08,4.338949041450441e-10,-6.834179379758057e-10,0.0,0.0,1.3932652394788276e-08,0.0
67,CO.[Pt] + [Pt] <=> C[Pt] + O[Pt],-5.080855902029517e-09,1.4109750656818914e-09,-1.1187034776858622e-08,-4.695214902573672e-09,6.526775688895874e-10,7.14450090071693e-09,6.49183066268683e-09,7.732612990681095e-09,1.4224444674519909e-08,-1.084286267830469e-09,1.9158681402900728e-10,0.0,0.0,6.7222728862548215e-09,0.0
68,CO + 2 [Pt] <=> OC[Pt] + [Pt],-1.1483039309359964e-07,-1.5786808907209232e-07,-4.2501681162988324e-07,-4.680545034050066e-07,1.7642665741524167e-07,1.3338896576083883e-07,-4.303769394443311e-08,1.644454387620534e-06,1.601416696151148e-06,1.0880106643814547e-07,3.815589381957386e-07,0.0,0.0,-3.771114952130699e-05,0.0
69,C=O + [Pt] <=> OC[Pt],2.3778537886513688e-08,-2.3261772698533606e-08,4.671209320890543e-08,-3.2823403515549517e-10,2.2445189526315346e-09,-4.479580557376234e-08,-4.7040323024914094e-08,-1.7570077174614184e-10,-4.721602377755681e-08,7.75721186161875e-09,5.880650819501474e-10,0.0,0.0,2.665800195953807e-09,0.0
70,OC[Pt] + [Pt] <=> C=[Pt] + O[Pt],1.3299092686746861e-08,-1.2858764826833515e-08,2.5443312756529398e-08,-7.145501824063211e-10,1.8959706805951975e-09,-2.426188499917624e-08,-2.615785757593244e-08,2.273562903441216e-10,-2.5930499108801963e-08,4.145142517304904e-09,1.1863861909206113e-09,0.0,0.0,2.3476916019925886e-08,0.0
71,C=[Pt] + O.[Pt] <=> OC[Pt] + [Pt],4.089888819460054e-08,2.0763467394974967e-07,-7.916125221551004e-08,8.757452932437807e-08,1.5363227385816457e-07,3.2036804877946933e-07,1.6673577576741296e-07,-4.776695723632401e-07,-3.109337908430287e-07,-1.9501277883817064e-07,-5.623987575604206e-08,0.0,0.0,5.182193453698001e-08,0.0
72,OC[Pt] + [Pt] <=> CO.[Pt] + [Pt],-1.887942386919934e-07,-2.5761962292632826e-07,-6.649150823333293e-07,-7.337404681336099e-07,2.582709831282696e-07,1.894455971038574e-07,-6.882539053857232e-08,2.595722954643442e-06,2.526897568641619e-06,1.8586308243431231e-07,5.636913165396529e-07,0.0,0.0,-5.63542192644824e-05,0.0
73,CO.[Pt] + [Pt] <=> OC[Pt] + [H][H].[Pt],2.264503146102194e-09,-4.053116581493207e-09,3.4192229675927873e-09,-2.898418693330025e-09,1.1802393847323193e-09,-5.137392592224874e-09,-6.317630557681641e-09,3.981520116157689e-09,-2.3361115945399187e-09,1.1324522702631635e-09,-1.166244199710608e-09,0.0,0.0,1.2334672046167128e-08,0.0
74,CO.[Pt] + O=C=[Pt] <=> OC[Pt] + O=C[Pt],-4.5259613422062145e-09,2.654698366944084e-09,-1.114552549182253e-08,-3.9648642432398714e-09,1.6896277050172774e-09,8.87028270821989e-09,7.180655930745281e-09,7.51118681317315e-09,1.4691843580535284e-08,-1.170736525213828e-09,-6.05228948475557e-10,0.0,0.0,-7.506533586067657e-09,0.0
75,CO.[Pt] + O=[Pt] <=> OC[Pt] + O[Pt],1.934088009425449e-08,-1.6379946951591784e-08,3.7664088381883e-08,1.943253870255388e-09,2.1358354528650262e-09,-3.35850058955911e-08,-3.572083381124591e-08,-5.926406515653827e-09,-4.164724067700809e-08,5.4968372905263755e-09,-1.4749647106537813e-10,0.0,0.0,5.691187320161971e-09,0.0
76,C=[Pt] + CO.[Pt] <=> OC[Pt] + C[Pt],1.2234513937971565e-10,1.0555536232300687e-09,-1.012409005859565e-09,-7.92071764619807e-11,1.1878385811616168e-09,2.1210500529117947e-09,9.332067103319175e-10,-3.0889322394410613e-09,-2.1557210725286958e-09,-7.39226870460998e-10,-2.824812940475521e-10,0.0,0.0,-3.6097270582470626e-10,0.0
77,C=[Pt] + CO.[Pt] <=> OC[Pt] + C[Pt],1.2247050568042168e-08,-1.1183500848245401e-08,2.292964308796214e-08,-5.009208029311977e-10,2.2163477282358232e-09,-2.1214213287504207e-08,-2.3430554983623442e-08,-1.1691005666777696e-09,-2.459965716576525e-08,3.442315755215847e-09,-1.2593061905942714e-09,0.0,0.0,7.268068087712004e-09,0.0
78,C[Pt] + CO.[Pt] <=> OC[Pt] + C.[Pt],9.85992871283386e-09,-6.959775871410006e-09,1.8614187989196602e-08,1.7944647330868503e-09,1.639904283161237e-09,-1.5179797560546607e-08,-1.6819709419242012e-08,-6.490572036118354e-09,-2.3310286025718015e-08,1.85718724735802e-09,1.1284625469072425e-09,0.0,0.0,2.0225088370472515e-09,0.0
79,CO.[Pt] + C#[Pt] <=> C=[Pt] + OC[Pt],8.412506973467966e-10,7.309368981987323e-10,-4.2130696226277e-10,-5.316238234014445e-10,2.026748353895141e-09,1.916434169417281e-09,-1.1031344125001576e-10,-4.662551217443723e-10,-5.765704892536423e-10,-5.543399763955901e-10,-6.65725410263782e-10,0.0,0.0,-2.2443450045587194e-09,0.0
80,CO.[Pt] + C~[Pt] <=> OC[Pt] + C#[Pt],-8.742884048269733e-09,6.783796866591833e-09,-1.8938930599909433e-08,-3.4122571344272578e-09,8.309415713182823e-10,1.6357629480955605e-08,1.552668094198227e-08,4.727634205820759e-09,2.025431029608888e-08,-2.6878353151122017e-09,-1.0428546787548402e-09,0.0,0.0,3.178012642581168e-10,0.0
81,CO.[Pt] + O[Pt] <=> OC[Pt] + O.[Pt],1.09380788989057e-08,-8.507823538035756e-09,2.0654811459448704e-08,1.2089018937335717e-09,1.814293733237513e-09,-1.7631623322755324e-08,-1.9445912719086016e-08,-4.423482954248153e-09,-2.3869387974963643e-08,2.5846883119833436e-09,1.1141710728291036e-09,0.0,0.0,1.8798743279314394e-09,0.0
82,C=[Pt] + CO.[Pt] <=> OC[Pt] + C[Pt],4.639314363622576e-09,-2.5774500834869654e-09,8.099861527847446e-09,8.830781008212514e-10,1.3899379994011734e-09,-5.826841470246944e-09,-7.2167719760602874e-09,-4.637178806094654e-09,-1.1853952928533425e-08,4.580681038678197e-10,-6.532313842201316e-10,0.0,0.0,2.7019868715408162e-09,0.0
83,C=[Pt] + CO.[Pt] <=> OC[Pt] + C[Pt],7.819158025581797e-09,-1.2122228457959539e-08,1.4097019870692066e-08,-5.844380596397969e-09,1.924395595918746e-09,-1.8017010601622242e-08,-1.9941397517429747e-08,1.4745479714845688e-08,-5.1959126314818465e-09,4.553501222074479e-09,7.852733265968196e-10,0.0,0.0,1.0061549805772538e-08,0.0
84,C=O + [Pt] <=> C=O.[Pt],-3.8131444948018865e-07,-4.1078032702048094e-07,-1.506927822234499e-06,-1.5363937003039072e-06,6.75607573310405e-07,6.46141681475073e-07,-2.94658794031823e-08,5.383314011195216e-06,5.353848133162938e-06,2.81812765897121e-07,1.1407055469974488e-06,0.0,0.0,-8.129777507700445e-05,0.0
85,O=C[Pt] + [Pt] <=> C=O.[Pt] + [Pt],-3.8843094961068426e-08,-6.768196161508898e-08,-1.797876802935432e-07,-2.0862656725202528e-07,9.35002476437427e-08,6.466137047135747e-08,-2.88388758041745e-08,7.301497387916718e-07,7.013108612313704e-07,4.253188301538445e-08,1.6997042201361598e-07,0.0,0.0,-7.4209797020995315e-06,0.0
86,C=O.[Pt] + C[Pt] <=> C.[Pt] + O=C[Pt],6.5250066990145625e-09,-8.616120657525905e-09,1.1053591022065079e-08,-4.087534546165377e-09,2.2727708968679212e-09,-1.2868361399309945e-08,-1.514112506863323e-08,8.597774095530407e-09,-6.543353762613267e-09,2.8102847986167094e-09,-7.509455935460004e-10,0.0,0.0,4.2935300598351835e-09,0.0
87,C=O.[Pt] + [Pt] <=> C=[Pt] + O=[Pt],-2.7860816709845494e-09,-3.0352182542481602e-09,-7.110552807536073e-09,-7.359698319360257e-09,1.2744855644237432e-09,1.0253425729829196e-09,-2.491380507652693e-10,1.4482627463382169e-08,1.423349136786776e-08,7.069558492722181e-10,-1.2199914203497243e-09,0.0,0.0,1.2416399395941e-08,0.0
88,C=O.[Pt] + C#[Pt] <=> C=[Pt] + O=C[Pt],1.9734249572143462e-09,-5.989999425662837e-09,5.835763365346301e-09,-2.1276767849014517e-09,-1.6532230568726764e-09,-9.61666547878663e-09,-7.963431337188234e-09,2.141469640015386e-09,-5.821954678052121e-09,1.8757480955697034e-09,2.922809102434251e-09,0.0,0.0,4.868954079796467e-08,0.0
89,C=O.[Pt] + C=[Pt] <=> C[Pt] + O=C[Pt],3.89732189961466e-09,-4.832892459614166e-09,6.3561276924318865e-09,-2.3741043627444834e-09,1.588543401680067e-09,-7.141675654295514e-09,-8.730213715678209e-09,3.658223071713999e-09,-5.0719892329646485e-09,1.424234416502338e-09,1.3040309269818377e-11,0.0,0.0,9.693871724607435e-09,0.0
90,C=O.[Pt] + C~[Pt] <=> O=C[Pt] + C#[Pt],6.936943235290831e-09,-9.095813731176273e-09,1.1606106623773294e-08,-4.426654054458348e-09,2.552707304330176e-09,-1.3480064229211784e-08,-1.603276129936164e-08,1.0468830590216147e-08,-5.563933746907303e-09,3.1643239584039277e-09,2.449974537126458e-09,0.0,0.0,2.1872040310329695e-09,0.0
91,C=O.[Pt] + [Pt] <=> O=C[Pt] + [H][H].[Pt],1.6352808810500511e-09,-7.0494436892803364e-09,1.4189912247027273e-09,-7.265730378310991e-09,1.8383597771645902e-09,-6.8463708398601434e-09,-8.684726866807496e-09,1.8255026386166978e-08,9.57030128851213e-09,2.858971947975434e-09,1.2315162342179152e-09,0.0,0.0,5.244575795614828e-09,0.0
92,C=O.[Pt] + O=[Pt] <=> O=C[Pt] + O[Pt],2.491863377411086e-09,-6.5216439915453765e-09,4.8885165684812635e-09,-4.124995696846879e-09,2.414676376775258e-10,-8.77204992557787e-09,-9.01351674779628e-09,6.421147357986261e-09,-2.5923666546108317e-09,2.0520360653556166e-09,1.4820135264753047e-10,0.0,0.0,-1.098578521581616e-08,0.0
93,C=O.[Pt] + O[Pt] <=> O=C[Pt] + O.[Pt],2.6799318594076162e-08,-2.4314534215132694e-08,5.2417544437116236e-08,1.3036732488638971e-09,2.744463051557472e-09,-4.8369402083934146e-08,-5.1113859751145636e-08,-3.1528080262764474e-09,-5.4266671548832057e-08,8.344464270804388e-09,1.740528846729677e-10,0.0,0.0,3.5943046949641497e-10,0.0
94,C=O.[Pt] + O=C=[Pt] <=> 2 O=C[Pt],3.0210423829529438e-09,-2.8554248961089767e-09,5.212939877001511e-09,-6.635412648677583e-10,9.629069794167352e-10,-4.913576866557593e-09,-5.876476482081107e-09,-1.4566686812834969e-09,-7.333146392229121e-09,4.751456877515716e-10,4.878309209680839e-10,0.0,0.0,9.045126660424022e-09,0.0
95,C=O.[Pt] + OC[Pt] <=> CO.[Pt] + O=C[Pt],6.394632882881852e-10,-1.885739994841512e-09,1.995515895122646e-10,-2.325663219621852e-09,1.0525175339722296e-09,-1.4726929788619474e-09,-2.5252036967785367e-09,2.9574531662732637e-09,4.3224448802101846e-10,3.972342223100884e-10,-1.1826150744560963e-10,0.0,0.0,5.4711616039924104e-09,0.0
96,C=O.[Pt] + [Pt] <=> OC[Pt] + [Pt],-6.749464712356446e-09,-3.599986664370361e-10,-1.5886733221839914e-08,-9.49726812471082e-09,1.8301724790389435e-09,8.219632894927532e-09,6.3894638907135385e-09,2.14218548935061e-08,2.781131480599458e-08,-1.0519150260789908e-10,6.098635448782086e-10,0.0,0.0,1.108007396872771e-08,0.0
97,C=O.[Pt] + [H][H].[Pt] <=> OC[Pt] + [Pt],2.128924368566356e-08,-1.847100595699669e-08,4.1119146880166705e-08,1.358888275415059e-09,2.669474319570034e-09,-3.709078169978284e-08,-3.976024828015302e-08,-5.0118984004177605e-09,-4.47721397130141e-08,5.9464668230150174e-09,-9.182316150303056e-10,0.0,0.0,-2.7554957667571842e-09,0.0
98,C=O.[Pt] + O=C[Pt] <=> OC[Pt] + O=C=[Pt],1.4285906267209442e-08,-7.796126237988203e-09,2.67636273228697e-08,4.681588369630232e-09,2.5696469394661973e-09,-1.9512394303052003e-08,-2.208204223485453e-08,-1.2079745742163477e-08,-3.416178111284283e-08,2.379176026114672e-09,7.317728145114567e-10,0.0,0.0,1.2795107819541056e-08,0.0
99,C=O.[Pt] + O[Pt] <=> OC[Pt] + O=[Pt],2.769167925291573e-09,-2.879668925817324e-09,3.843428211295947e-09,-1.8054132190934288e-09,1.7604420681012167e-09,-3.888397004101561e-09,-5.648842858928479e-09,2.1877033411631472e-09,-3.4611344721011768e-09,8.19182835381522e-10,5.838181704176795e-11,0.0,0.0,3.97195143413531e-09,0.0
100,C=O.[Pt] + C[Pt] <=> C=[Pt] + OC[Pt],-4.1059961291769516e-09,5.935133767493411e-11,-1.038284764312537e-08,-6.2175113007890744e-09,1.787806094090174e-09,5.953149214710159e-09,4.165336421854778e-09,1.3163346789128231e-08,1.732868301896123e-08,-9.20425647819117e-11,-2.637843100809612e-10,0.0,0.0,3.679295327403682e-09,0.0
101,C=O.[Pt] + C.[Pt] <=> OC[Pt] + C[Pt],-4.784460944980798e-09,5.434629582123608e-09,-1.065220360427821e-08,-4.3311895577678944e-10,7.251870486277098e-10,1.0944279835128935e-08,1.0219089138983676e-08,-2.3710497226730734e-09,7.84804723013254e-09,-2.3989796093038113e-09,6.052994366337722e-10,0.0,0.0,1.2440281707778381e-08,0.0
102,C=O.[Pt] + C=[Pt] <=> OC[Pt] + C#[Pt],9.146768119121145e-09,-9.857662148688479e-09,1.703484565954824e-08,-1.969593249540279e-09,1.7400430112219644e-09,-1.7264400455435524e-08,-1.9004431092601316e-08,1.717360677356696e-09,-1.7287062796111654e-08,3.095793137630984e-09,-6.154673534563197e-10,0.0,0.0,1.3691951771319157e-08,0.0
103,C=O.[Pt] + C#[Pt] <=> OC[Pt] + C~[Pt],-1.817073911409722e-09,-4.764966455673599e-09,-1.9617005648425047e-08,-2.256490842564462e-08,1.4896604437121322e-08,1.1948691917607644e-08,-2.9479009921234527e-09,7.079756279059223e-08,6.784965676394414e-08,5.598721514565238e-10,1.1567053897001314e-08,0.0,0.0,6.1479630761626e-08,0.0
104,C=O.[Pt] + O.[Pt] <=> OC[Pt] + O[Pt],7.555757956403906e-09,-7.56499168414821e-09,1.2508786203065557e-08,-2.611977943606836e-09,2.904968689037581e-09,-1.2215788643427093e-08,-1.5120759948443774e-08,5.119741738138511e-09,-1.0001010827061217e-08,2.4495509052412595e-09,-1.930670653515272e-10,0.0,0.0,6.205545486898259e-09,0.0
105,2 C=O.[Pt] <=> OC[Pt] + O=C[Pt],1.6345315378864383e-09,-3.556899729256219e-09,8.876355336800703e-10,-4.30381046614281e-09,2.335836155247023e-09,-2.8556141224800425e-09,-5.1914394112047506e-09,9.982286010982285e-09,4.7908489743753206e-09,1.422871416849644e-09,-7.274201707416658e-10,0.0,0.0,-6.537048068101921e-09,0.0
106,C=O.[Pt] + CO.[Pt] <=> 2 OC[Pt],9.336649297913464e-09,-7.617553472911743e-09,1.7139675025544713e-08,1.854626269862567e-10,2.00980871875912e-09,-1.4944399803738128e-08,-1.6954204660549157e-08,-2.5477670851911316e-09,-1.950196771686346e-08,2.4025073731107834e-09,-1.7887075028697898e-09,0.0,0.0,5.29263098555434e-09,0.0
107,[CH]C + 2 [Pt] <=> C[Pt] + C#[Pt],-7.962436958312234e-07,-2.8907323813378507e-07,-9.806653204857704e-07,-4.734948769911532e-07,-6.230765308931812e-07,-1.1590607465152509e-07,5.071704609632123e-07,1.0866602227451423e-06,1.5938306906047593e-06,-6.26019727248507e-08,-2.790873949617259e-07,0.0,0.0,8.673257719671171e-09,0.0
108,OC=[Pt] + [Pt] <=> O=C[Pt] + [Pt],9.652348762177163e-09,2.2310534009926552e-08,-8.122568826081687e-09,4.535603305136761e-09,2.634252793661618e-08,3.900069265625852e-08,1.2658175435912117e-08,-5.0365422550469564e-08,-3.77072427205348e-08,-2.663718238904537e-08,-2.9300517606908664e-09,0.0,0.0,-4.6560450019881815e-09,0.0
109,OC=[Pt] + [Pt] <=> C#[Pt] + O[Pt],1.2682987019585286e-06,5.742028636669578e-06,-1.260049740690527e-06,3.2136800800847588e-06,3.6423528976591396e-06,8.116082939352943e-06,4.473729880182653e-06,-1.5585556357682076e-05,-1.1111827176747543e-05,-5.274176504703787e-06,-4.227514565846129e-06,0.0,0.0,3.6979690847217763e-05,0.0
110,C#[Pt] + O.[Pt] <=> OC=[Pt] + [Pt],0.0009605671906276404,0.005329722433429902,-0.002115094884921718,0.0022539259786972013,0.0038485348187392576,0.008217816240104316,0.004369113274532873,-0.01214261818470121,-0.0077740354349161486,-0.0049605678807841036,-0.001318456761957026,0.0,0.0,-1.1916268504616331e-05,0.0
111,CO.[Pt] + C#[Pt] <=> OC=[Pt] + C[Pt],5.70157371689145e-09,-1.0181668577188453e-08,7.654729709676387e-09,-8.228519758547044e-09,3.867598914714858e-09,-1.2015654695355036e-08,-1.5883241441411224e-08,2.4968125906462853e-08,9.084890497542924e-09,4.367151107793679e-09,4.732416344214858e-09,0.0,0.0,2.5829385201848507e-08,0.0
112,OC[Pt] + [Pt] <=> OC=[Pt] + [Pt],1.0174403060496733e-08,-1.1360929307325557e-08,1.7992531181940103e-08,-3.54280404599059e-09,2.8333701903585095e-09,-1.8701962752355775e-08,-2.153533132649578e-08,4.857800182574833e-09,-1.6677524852270568e-08,3.018182333877595e-09,-1.6023896786673714e-09,0.0,0.0,3.805155222542934e-09,0.0
113,OC=[Pt] + [H][H].[Pt] <=> OC[Pt] + [Pt],1.0467515180828672e-08,-9.289216701964823e-09,1.905164427389205e-08,-7.050982520409295e-10,2.4072155572156897e-09,-1.734952764473003e-08,-1.9756744266816825e-08,-1.1257472060504369e-09,-2.0882484971571487e-08,2.7962539198389788e-09,-1.711434859426339e-09,0.0,0.0,-1.5584409853639408e-09,0.0
114,OC=[Pt] + O=C[Pt] <=> OC[Pt] + O=C=[Pt],9.762442735548603e-09,-8.807601194240666e-09,1.7943223554892795e-08,-6.268205153982124e-10,2.0808998355825175e-09,-1.6489143962279233e-08,-1.8570041654825948e-08,-8.12637248300321e-10,-1.9382676334009352e-08,2.6199859941656054e-09,-1.091209555290491e-09,0.0,0.0,5.005696799113184e-09,0.0
115,OC[Pt] + O=[Pt] <=> OC=[Pt] + O[Pt],4.5920462726353124e-09,-1.639622661156586e-09,8.158699097258072e-09,1.927028056461466e-09,1.2430394207777733e-09,-4.9886307950511345e-09,-6.231669812602233e-09,-7.0286450601037066e-09,-1.3260319819038692e-08,2.730208569020948e-10,-4.553535020704147e-11,0.0,0.0,-9.712177399286719e-09,0.0
116,OC=[Pt] + C[Pt] <=> C=[Pt] + OC[Pt],1.4142603307920427e-09,3.5033767234557896e-09,-8.812126472676809e-10,1.20789368782793e-09,3.5696389199703694e-09,5.658731912239632e-09,2.0891052978683917e-09,-1.1311457266287989e-08,-9.22235676883461e-09,-3.7386679591140535e-09,-2.3587276163168372e-09,0.0,0.0,2.1278502836448884e-07,0.0
117,OC=[Pt] + C.[Pt] <=> OC[Pt] + C[Pt],3.6324588271173327e-09,-3.274622326088107e-09,5.2460613390554575e-09,-1.661019229544798e-09,2.1173160151329296e-09,-4.789768947462018e-09,-6.907079735752665e-09,2.9753493996538674e-09,-3.931725529673225e-09,9.553825800882053e-10,5.625307466366786e-10,0.0,0.0,3.4061853897893115e-09,0.0
118,OC=[Pt] + C=[Pt] <=> OC[Pt] + C#[Pt],2.3122493893938576e-08,-2.3169968842803508e-08,4.409988197136492e-08,-2.1925957932944157e-09,3.425265719219528e-09,-4.286719769856063e-08,-4.62924673909918e-08,5.889533921197458e-09,-4.0402926416592725e-08,7.954826767146813e-09,8.531358009185365e-10,0.0,0.0,7.152534470596964e-09,0.0
119,OC=[Pt] + C=[Pt] <=> OC[Pt] + C#[Pt],3.6810828724006573e-09,-2.4159808787019195e-09,5.872298904690198e-09,-2.2476690408900966e-10,1.6235873439389972e-09,-4.473489266924196e-09,-6.097074881895559e-09,-2.401250940188744e-09,-8.498322461286251e-09,2.7755082633604775e-10,1.0922140115450581e-10,0.0,0.0,-5.707112586595414e-09,0.0
120,OC[Pt] + C~[Pt] <=> OC=[Pt] + C#[Pt],3.101245890131382e-08,9.435182849111952e-08,-1.0352698147633179e-08,5.2986670954651816e-08,6.98532550038289e-08,1.3319261853048343e-07,6.333936895175995e-08,-2.6924730632502764e-07,-2.0590792954134395e-07,-9.225815925638779e-08,-4.9071846836937103e-08,0.0,0.0,-5.990365857243459e-07,0.0
121,OC=[Pt] + O.[Pt] <=> OC[Pt] + O[Pt],2.673370943708428e-09,-3.47629481487661e-09,3.4347459664938585e-09,-2.714925218503225e-09,1.9584593686837606e-09,-4.191216086505934e-09,-6.149668160818397e-09,4.3247253965514005e-09,-1.8249462531389904e-09,9.9885826018663e-10,-5.320093741294822e-10,0.0,0.0,-1.4510711627258337e-08,0.0
122,OC=[Pt] + C=O.[Pt] <=> OC[Pt] + O=C[Pt],1.1227801133497487e-08,-9.039727479944124e-09,2.049810776801068e-08,2.3056408804644977e-10,2.523221499672037e-09,-1.7744322550424283e-08,-2.026753850865962e-08,-2.0038910222160927e-09,-2.2271424072939676e-08,2.728564951792699e-09,-7.967276523067951e-10,0.0,0.0,3.644505605012589e-09,0.0
123,OC=[Pt] + CO.[Pt] <=> 2 OC[Pt],1.874095357859883e-09,-3.0331737608680983e-09,2.3816013693725432e-09,-2.525666066153536e-09,1.3975487272362818e-09,-3.5097252324352876e-09,-4.907267657176501e-09,3.216260233623535e-09,-1.6910117239951154e-09,7.227105217283554e-10,-9.422504549421468e-11,0.0,0.0,9.33401658133946e-09,0.0
124,C=O.[Pt] + OC[Pt] <=> OC=[Pt] + OC[Pt],5.453779016454194e-09,-6.363165239764003e-09,9.419623455777505e-09,-2.397340358226071e-09,1.7299414997317298e-09,-1.0087017236421166e-08,-1.1816953558659706e-08,4.38409006183641e-09,-7.432863773410175e-09,1.9377244915421928e-09,4.845003554924141e-10,0.0,0.0,5.052779709628338e-09,0.0
125,OC=[Pt] + C=[Pt] <=> OC[Pt] + C#[Pt],-2.7839882678608056e-10,-1.177017890384349e-09,-1.7886449168880412e-09,-2.6872940754017304e-09,1.13967189909003e-09,2.4103345778523146e-10,-8.986287300382126e-10,3.817552496237411e-09,2.9189305506704557e-09,7.2559687393405996e-12,4.890115976181891e-10,0.0,0.0,1.3365768787885544e-08,0.0
126,OC=[Pt] + C=[Pt] <=> OC[Pt] + C#[Pt],-1.3047563164827472e-08,9.053764300165445e-09,-2.7500220638603353e-08,-5.398911118277068e-09,5.230991617939638e-10,2.262441063217514e-08,2.2101325012991958e-08,8.550142582071262e-09,3.0651473923145226e-08,-3.6970162932567337e-09,5.822321868578367e-10,0.0,0.0,6.870349925021922e-09,0.0
127,OC#[Pt] + [Pt] <=> O=C=[Pt] + [Pt],1.8746022349855555e-06,1.819930873078333e-05,-1.603698964937123e-05,2.877139247434074e-07,1.869312658008161e-05,3.5017835816004285e-05,1.6324706191904716e-05,-1.7342112242903327e-05,-1.0174088741119161e-06,-1.738630031851429e-05,-1.623902653981437e-05,0.0,0.0,0.00047599206255973436,0.0
128,OC#[Pt] + [Pt] <=> C~[Pt] + O[Pt],0.002096212327980164,0.01483552658957117,-0.009597643334415318,0.003140181241372429,0.013076442200928748,0.025817155239178144,0.012739047224105928,-0.023566873336120793,-0.010830828307135509,-0.013985115208647949,-0.010085399991434724,-0.08928571428572823,0.0,0.23537714009512345,0.0
129,C~[Pt] + O.[Pt] <=> OC#[Pt] + [Pt],0.0013607291842307283,0.007641135898596654,-0.0033582905809139366,0.002921819763845346,0.005791767439886892,0.012072452437677133,0.006280321256202002,-0.01635697239808891,-0.0100776784122973,-0.007112000285048418,-0.0031946020085974764,0.0,0.0,-3.261086241737757e-06,0.0
130,CO.[Pt] + C~[Pt] <=> C[Pt] + OC#[Pt],-7.641365060395508e-08,-1.3489915190671938e-07,-2.820203334896697e-07,-3.405058386728803e-07,1.1664572791354031e-07,5.81602269939551e-08,-5.848550633004531e-08,1.1952290674134513e-06,1.1367435615582061e-06,9.148020716050026e-08,3.228817757710489e-07,0.0,0.0,6.087185777589752e-07,0.0
131,OC[Pt] + C~[Pt] <=> C=[Pt] + OC#[Pt],9.783162668739296e-09,-6.798215122145256e-09,1.7667530673302492e-08,1.086137071504412e-09,2.3799207196615968e-09,-1.4201463537968195e-08,-1.658138054765422e-08,-3.832102451660458e-09,-2.0413483197965954e-08,2.0559446673008416e-09,1.087050753955792e-09,0.0,0.0,5.549536266096084e-09,0.0
132,OC=[Pt] + [Pt] <=> OC#[Pt] + [Pt],9.778476300382733e-09,-8.119217221691135e-09,1.8151175248240764e-08,2.5348501918252414e-10,1.916715679648773e-09,-1.598098419494239e-08,-1.7897693620375332e-08,-3.2905137179222303e-09,-2.118821158895903e-08,2.3511744008968296e-09,-8.037059799701034e-10,0.0,0.0,9.17644026084013e-09,0.0
133,OC#[Pt] + [H][H].[Pt] <=> OC=[Pt] + [Pt],3.2734256803054154e-07,1.8272862507900784e-06,-7.85828203285321e-07,7.141154408691649e-07,1.3725812963797883e-06,2.872524982544283e-06,1.4999436667496371e-06,-4.006443384996341e-06,-2.5064997745289635e-06,-1.7212634900368947e-06,-1.421002677352504e-07,0.0,0.0,-4.531151798460503e-07,0.0
134,OC#[Pt] + O=C[Pt] <=> OC=[Pt] + O=C=[Pt],2.881708468409203e-06,1.4960859214118501e-05,-4.107355384289599e-06,7.971794507362743e-06,9.444259758602059e-06,2.1523411288196558e-05,1.2079150393833565e-05,-3.955481865385682e-05,-2.7475673042170838e-05,-1.3869198055178336e-05,-2.005312855114526e-07,0.0,0.0,-3.9145282760639847e-07,0.0
135,OC#[Pt] + O[Pt] <=> OC=[Pt] + O=[Pt],6.888152669304481e-08,-6.295791554184319e-08,3.707099684000932e-07,2.388705232176422e-07,-2.145276330116362e-07,-3.463670905311646e-07,-1.318394444969842e-07,-7.275001220185194e-07,-8.593395601542934e-07,6.689470004278479e-08,2.1022476416309296e-08,0.0,0.0,-9.717634881925016e-06,0.0
136,OC=[Pt] + C=[Pt] <=> C[Pt] + OC#[Pt],1.8355517622775413e-08,-1.690414589979171e-08,3.413471843870183e-08,-1.1249529988716196e-09,3.539242134253179e-09,-3.1720432008652806e-08,-3.525967064902566e-08,5.541055076174433e-10,-3.470556073461643e-08,5.478236354089613e-09,-5.982682428518025e-10,0.0,0.0,-1.735015869327729e-09,0.0
137,C.[Pt] + OC#[Pt] <=> OC=[Pt] + C[Pt],3.3404199327163894e-07,2.090129767906251e-06,-1.008714618087085e-06,7.473731133253524e-07,1.5948559238489985e-06,3.350943706223929e-06,1.7560877603417055e-06,-4.325994927814754e-06,-2.569907246770263e-06,-1.954843205944876e-06,-2.2322107120014547e-07,0.0,0.0,-2.1702744111297907e-07,0.0
138,OC=[Pt] + C#[Pt] <=> C=[Pt] + OC#[Pt],3.231566871623891e-06,1.894179779470749e-05,-8.592562311222921e-06,7.117666739810866e-06,1.4334120231568312e-05,3.004435288287483e-05,1.571023040308093e-05,-4.025354533891985e-05,-2.454332126007564e-05,-1.76840785207109e-05,-3.7672487087856156e-06,0.0,0.0,-4.795993874172657e-06,0.0
139,OC=[Pt] + C~[Pt] <=> OC#[Pt] + C#[Pt],1.0959119979166513e-08,-1.1313524524252031e-08,1.9753224876123368e-08,-2.5194277921123775e-09,2.7016700045937044e-09,-1.9570984884597712e-08,-2.2272648366753604e-08,5.581612812178997e-09,-1.6691040557797765e-08,3.8113879994077765e-09,1.9452969463449333e-10,0.0,0.0,-1.7017549725142463e-08,0.0
140,OC=[Pt] + C~[Pt] <=> OC#[Pt] + C#[Pt],1.5567187922300024e-09,-2.0902808773274164e-09,1.2953721527579642e-09,-2.351640274909403e-09,1.802105037295529e-09,-1.8449007050509488e-09,-3.64700850967616e-09,3.5871040756287117e-09,-5.990378027631726e-11,6.320510007116772e-10,-7.360021040043707e-10,0.0,0.0,5.4875115441974114e-09,0.0
141,OC#[Pt] + O.[Pt] <=> OC=[Pt] + O[Pt],1.203980365879152e-08,-1.2605873201650473e-08,2.765127513740333e-08,3.005587830456289e-09,-2.618966762118861e-09,-2.726464860542722e-08,-2.4645683315822815e-08,-1.178675581010753e-08,-3.643243322503546e-08,5.058071667034205e-09,-2.7638406836193435e-10,0.0,0.0,-2.776001698598164e-07,0.0
142,C=O.[Pt] + OC#[Pt] <=> OC=[Pt] + O=C[Pt],1.0371527889870641e-08,-9.583150768881946e-09,1.9213726979189785e-08,-7.409525745603146e-10,2.068907173539317e-09,-1.7885777165754148e-08,-1.995468469025266e-08,-4.5320887350478417e-10,-2.0407886745024038e-08,3.0162180108487127e-09,4.2504359403786385e-11,0.0,0.0,6.043778306811181e-09,0.0
143,CO.[Pt] + OC#[Pt] <=> OC=[Pt] + OC[Pt],1.0350570069961341e-08,-1.3718779441415267e-08,1.8217626946859193e-08,-5.8517373488656995e-09,2.9635828247737255e-09,-2.1105774117266495e-08,-2.4069350414461223e-08,1.2620233169232128e-08,-1.144912019302887e-08,4.72000766494106e-09,-1.7033992093898022e-09,0.0,0.0,-9.893367816609813e-09,0.0
144,OC=[Pt] + C=O.[Pt] <=> OC[Pt] + OC#[Pt],1.667236203960565e-08,-1.1974078974971464e-08,2.8991914516387044e-08,3.45468054855059e-10,5.104618941659409e-09,-2.354183175023317e-08,-2.8646446780398328e-08,1.216308500648617e-09,-2.743013115925671e-08,4.472623227977133e-09,-3.903810422355223e-10,0.0,0.0,-3.1863161323776928e-09,0.0
145,2 OC=[Pt] <=> OC[Pt] + OC#[Pt],5.737482717065217e-09,-1.0502898156470732e-08,9.396216148890288e-09,-6.844190037231806e-09,2.302014542004034e-09,-1.393837540785662e-08,-1.6240385835894555e-08,1.7072201844068342e-08,8.318203611747936e-10,3.933216115423556e-09,3.254790705588451e-10,0.0,0.0,2.504033015866729e-09,0.0
146,OC=[Pt] + C~[Pt] <=> OC#[Pt] + C#[Pt],1.8536323423252863e-08,-1.5798807337015804e-08,3.573886809254336e-08,1.403721931781566e-09,2.383576175303611e-09,-3.1951554916163955e-08,-3.433513691645275e-08,-5.0724702672444196e-09,-3.9407599977597967e-08,5.093449525666625e-09,1.259975828097316e-11,0.0,0.0,7.223644976081874e-09,0.0
147,OC=[Pt] + C~[Pt] <=> OC#[Pt] + C#[Pt],1.6348907468315355e-08,-1.1723994713832686e-08,3.234678581132033e-08,4.273879353319071e-09,1.3272878716312596e-09,-2.6745616816521054e-08,-2.8072905182223543e-08,-1.4475659580799661e-08,-4.254856844037651e-08,3.178214528393881e-09,3.7191314478313083e-10,0.0,0.0,2.1619247659996726e-08,0.0
148,C.[Pt] + C~[Pt] <=> CC#[Pt] + [Pt],-2.0051685609452992e-08,1.4401121478304317e-08,-4.1383037861484913e-08,-6.9302498632086956e-09,-2.2094173533435503e-11,3.443070125502375e-08,3.445279889058232e-08,1.3930279810641164e-08,4.8383074386677007e-08,-4.948049533304259e-09,1.999837158763971e-09,0.0,0.0,8.331428860443298e-09,0.0
149,CC#[Pt] + [Pt] <=> C[Pt] + C~[Pt],1.409095810131079e-08,-1.572387818037786e-08,2.663007304039411e-08,-3.18476492374956e-09,2.3170514951812784e-09,-2.7497783206725352e-08,-2.9814835025561485e-08,5.218520474809679e-09,-2.4596315594348476e-08,5.237546650713917e-09,-1.4067674175805419e-10,0.0,0.0,8.855565699550999e-09,0.0
150,CO.[Pt] + C~[Pt] <=> CC#[Pt] + O[Pt],-4.997321980790577e-09,3.583188252344628e-09,-1.2548834066527894e-08,-3.968329951040515e-09,2.0933422224523387e-09,1.0673840147575244e-08,8.580508720271526e-09,6.3738335291433386e-09,1.4954347107483092e-08,-1.6934669361344454e-09,-1.81133420165688e-09,0.0,0.0,1.1728260251632756e-08,0.0
151,[CH]C + 2 [Pt] <=> CC#[Pt] + [Pt],-8.114069639996643e-07,-2.7443236166313526e-07,-1.0110115552520082e-06,-4.7403697670404295e-07,-6.239833952403577e-07,-8.700881820303731e-08,5.369746007403386e-07,1.0858479031814582e-06,1.6228225173909068e-06,-6.819181469756089e-08,-2.811153392735782e-07,0.0,0.0,4.522071602687049e-09,0.0
152,O=CO + 2 [Pt] <=> O=C[Pt] + O[Pt],-9.233834658131403e-09,2.8800656185627092e-08,-1.7570745266388454e-07,-1.376729739172772e-07,1.4708061339552907e-07,1.8511510080633544e-07,3.8034482360881534e-08,4.143285122738817e-07,4.5236300283152403e-07,-4.1080047855915054e-08,-7.222468509678147e-07,0.0,0.0,3.976273048542196e-08,0.0
153,O=CO + 2 [Pt] <=> OC=[Pt] + O=[Pt],7.215862558217225e-07,9.418066777741644e-07,2.4228283298661218e-06,2.6430487544408175e-06,-8.758363323051211e-07,-6.556159160753684e-07,2.20220420335467e-07,-9.354818145593628e-06,-9.134597744313428e-06,-7.001668682668254e-07,-2.047288236134986e-06,0.0,0.0,-4.368567121363175e-06,0.0
154,O=CO.[Pt] + [Pt] <=> O=C[Pt] + O[Pt],2.684634879834482e-09,-3.874620103483167e-10,2.964266466572949e-09,-1.0783077225184126e-10,2.4220564764941507e-09,-6.50043346783049e-10,-3.0720997425935514e-09,-1.5156097670802076e-09,-4.587705882758013e-09,-1.3770305314715447e-10,-3.01918403675403e-10,0.0,0.0,-7.463507427633442e-09,0.0
155,O=CO.[Pt] + [Pt] <=> O=C[Pt] + O[Pt],8.717858365472249e-09,-8.426242149205969e-09,1.598143088364858e-08,-1.1626662010295316e-09,1.8975389517854624e-09,-1.524656804403495e-08,-1.7144098725308737e-08,3.043630413167556e-10,-1.6839740485844216e-08,2.59787733803441e-09,-1.8652400206519806e-09,0.0,0.0,3.4117732025729754e-09,0.0
156,[Pt] + O=CO.[Pt] <=> O=C[Pt] + O.[Pt],3.5915185228450224e-09,-4.716463138843621e-09,5.4221442174127005e-09,-2.8858476259440546e-09,1.8725849896109557e-09,-6.435393632673591e-09,-8.307986384645359e-09,4.72013684887788e-09,-3.5878425134656863e-09,1.3096422251133594e-09,-1.0812883470216968e-10,0.0,0.0,4.8133419318483284e-09,0.0
157,C[Pt] + O=CO.[Pt] <=> CO.[Pt] + O=C[Pt],1.8424028997734305e-08,-2.065983446672575e-08,3.552853391360456e-08,-3.5553436069420092e-09,2.3633270266998986e-09,-3.672054129178257e-08,-3.908386994569287e-08,7.737844197361578e-09,-3.134601818375937e-08,7.174609686542303e-09,-1.1452915946811296e-09,0.0,0.0,4.566360606810371e-09,0.0
158,C=[Pt] + O=CO.[Pt] <=> OC[Pt] + O=C[Pt],-4.664244891732617e-10,-6.356848670664409e-10,-2.2331012881132468e-09,-2.40238138775428e-09,1.192439612080114e-09,1.0231681686690546e-09,-1.69272600399908e-10,3.736733529870092e-09,3.5674670779975514e-09,6.22169253229647e-11,1.8150700740422876e-11,0.0,0.0,1.039919898103823e-08,0.0
159,C=O.[Pt] + O[Pt] <=> [Pt] + O=CO.[Pt],-4.136493206502403e-09,4.470467864464967e-09,-8.391494957359893e-09,2.1545675267909903e-10,-1.411674699354475e-10,8.46578433837669e-09,8.60695489383224e-09,-5.3427986966764055e-09,3.264158345618892e-09,-2.090280232081202e-09,-9.362237174147441e-10,0.0,0.0,4.863632246901305e-09,0.0
160,O=CO.[Pt] + [Pt] <=> OC=[Pt] + O=[Pt],1.2111478927107889e-08,-1.432663478665161e-08,2.286584405371288e-08,-3.572278315513336e-09,2.01340651737208e-09,-2.4424713860992735e-08,-2.6438112960693487e-08,7.619220761663636e-09,-1.8818888034606053e-08,4.89072337144096e-09,1.1341720877226765e-09,0.0,0.0,4.550848838522919e-09,0.0
161,C#[Pt] + O=CO.[Pt] <=> OC=[Pt] + O=C[Pt],1.8956217270266545e-08,-1.655351528511108e-08,3.639040421651371e-08,8.806678585780765e-10,2.5859408158768155e-09,-3.2923794689917115e-08,-3.550973438707227e-08,-3.4804044025263658e-09,-3.899013447210317e-08,5.288438652451999e-09,-7.371827806544759e-10,0.0,0.0,2.5444105510414862e-09,0.0
162,C~[Pt] + O=CO.[Pt] <=> OC#[Pt] + O=C[Pt],1.4124250347579876e-08,4.6247431988865854e-08,-7.394793163204814e-09,2.4728376520196353e-08,3.4330067519402974e-08,6.645324233650905e-08,3.2123171554336504e-08,-1.2353589881348338e-07,-9.141272044207984e-08,-4.242105911715291e-08,-2.2191444983334923e-07,0.0,0.0,5.177667325343233e-09,0.0
163,O=CO + [Pt] <=> O=CO.[Pt],3.732073890534124e-09,-3.710374049480425e-09,5.25214036156814e-09,-2.1903115767894458e-09,2.3047590165869974e-09,-5.1377032214125685e-09,-7.442454535250709e-09,3.5770652417560414e-09,-3.865383111788978e-09,9.134502966553309e-10,-4.0564172848912055e-10,0.0,0.0,4.904277997089679e-09,0.0
164,O=CO.[Pt] + [Pt] <=> O=C[Pt] + O[Pt],1.5766322894446166e-08,-1.2259987642501178e-08,3.0059169814249916e-08,2.0328424169020235e-09,2.3456955072152315e-09,-2.5680632042441822e-08,-2.8026321749958014e-08,-7.087819114618982e-09,-3.511414255024712e-08,3.7616184679719125e-09,-3.771292684910582e-10,0.0,0.0,4.903998606450496e-09,0.0
165,O=CO.[Pt] + [Pt] <=> O=C[Pt] + O[Pt],6.495687160946218e-09,-1.0545512111773069e-08,1.0486412081205061e-08,-6.55480343587807e-09,2.7484990435912415e-09,-1.429271455982012e-08,-1.7041205023652223e-08,1.5092751358327063e-08,-1.94844855932318e-09,3.643117674637709e-09,-8.991645682330846e-10,0.0,0.0,7.764399970408192e-09,0.0
