,Reaction,SYNGAS Selec,SYNGAS Yield,CO Selectivity,CO % Yield,H2 Selectivity,H2 % Yield,CH4 Conversion,H2O+CO2 Selectivity,H2O+CO2 yield,Exit Temp,Peak Temp,Dist to peak temp,O2 Conversion,Max CH4 Conv,Dist to 50 CH4 Conv
0,[H][H] + 2 [Pt] <=> 2 [Pt],0.38185502912322217,0.3818996576300767,0.001910125962375018,0.0019545855505121367,0.9548507802753277,0.9548956635288652,4.445873892425022e-05,-0.0054154282942676,-0.005370971962973888,-5.610465173730195e-05,-5.610465171314831e-05,0.0,-0.005326042338684495,-0.001225972415536615,0.0
1,O=C=O + [Pt] <=> O=C=O.[Pt],-0.00027118320586280394,-0.000265196710497872,-0.0004531733966799732,-0.00044718691221607587,3.27660455496044e-06,9.26311634308191e-06,5.986511600009955e-06,3.848107727597434e-06,9.834619556794427e-06,7.41469835712843e-08,7.414697451367315e-08,0.0,7.891902078340102e-06,5.276275300646347e-06,0.0
2,[C-]#[O+] + [Pt] <=> O=C=[Pt],0.004245272223130512,0.003663149512319861,0.00710293518734076,0.006520795842132815,-6.437563131972101e-05,-0.0006464733400850152,-0.000582097999165377,-6.22567995648867e-05,-0.0006443544363357069,-5.336271308730837e-06,-5.336271321814052e-06,0.0,-0.0006132131826025817,-0.00027995178273725204,0.0
3,[O][O] + 2 [Pt] <=> 2 O=[Pt],0.1432114031698357,-2.016079161506608,1.2446228961187573,-0.9384163322253073,-1.5178297122117086,-3.6413048645347232,-2.156202636641706,-0.008104856721040667,-2.164132736228431,-0.018387152767397788,-0.018387152767405834,0.0,-2.156187181625041,-2.6220938125784374,0.0
4,O=C=[Pt] + O=[Pt] <=> O=C=O.[Pt] + [Pt],-0.5850990367929061,-0.5716000376066591,-0.9777713815784695,-0.9643257012050338,0.007090997281234505,0.02067040670824434,0.013578446539973239,0.00830546232687327,0.021885036620190392,0.0001656475238648256,0.00016564752384771675,0.0,0.017691693652718415,0.009853589402691309,0.0
5,C=[Pt] + [Pt] <=> C[Pt] + [Pt],-0.0010857300218891316,0.951321019448917,-0.3145712133655815,0.6348498467696079,0.4716824227009154,1.4285918968823066,0.9524170901319228,0.005084248821192603,0.9575497622077931,0.00814277472582343,0.008142774725902933,0.0,0.9550969493358161,1.1778605532387922,0.0
6,C[Pt] + [Pt] <=> C + 2 [Pt],2.0885049057877726e-10,5.449792927992641e-11,1.4364440207491966e-10,2.52422013810283e-11,2.273262815597707e-10,6.555929879055517e-11,-1.1908768570007237e-10,1.364929886585549e-10,1.4051468891175728e-11,-3.156074282077388e-13,-3.10239954938899e-13,0.0,4.2741766198670376e-11,3.450801375216155e-09,0.0
7,C=[Pt] + [Pt] <=> C#[Pt] + [Pt],5.4113363421762754e-08,1.0840908021711948e-07,-1.4535104739849677e-08,3.976061311990802e-08,1.576422784007041e-07,2.1197942882978393e-07,5.4295718843279805e-08,-1.1149974965544286e-09,5.318072250857695e-08,4.5003646715999507e-10,4.5008276161693875e-10,0.0,5.3062883938737766e-08,7.59176302257951e-08,0.0
8,O=C=[Pt] + [Pt] <=> C~[Pt] + O=[Pt],-2.718880958566167e-06,-0.0017293148241991495,0.0005710830817962748,-0.001155522768686655,-0.000868070893648801,-0.002594651895755157,-0.0017265959901829676,-6.929947238256366e-06,-0.001733525817768382,-1.4744222075031588e-05,-1.4744222208950027e-05,0.0,-0.0017298773421682476,-0.0021385527125423725,0.0
9,C#[Pt] + [Pt] <=> C~[Pt] + [Pt],-1.0923466893497026e-06,-6.083922211471794e-07,-1.8701619156100773e-07,2.969385924043799e-07,-2.4577259784179843e-06,-1.9737236281190797e-06,4.839514819776037e-07,1.8510965171764092e-08,5.024652969897115e-07,4.301773528126163e-09,4.301792649749683e-09,0.0,5.010289278549148e-07,6.211442472967844e-07,0.0
10,C~[Pt] + [H][H] <=> C=[Pt],0.0029245781987884824,0.002925059049648895,1.3657585925384555e-05,1.4138422790322711e-05,0.0073145440312973355,0.007315024945004515,4.808367996397489e-07,-4.1475894695761934e-05,-4.0995058093838845e-05,-4.2854300047750797e-07,-4.285429853814893e-07,0.0,-4.065646746446713e-05,-9.50350698363151e-06,0.0
11,C + O=[Pt] + [Pt] <=> C[Pt] + O[Pt],4.242108382691568e-07,1.997841264698902e-05,-5.564953447838915e-06,1.3989246440009778e-05,9.45648391046736e-06,2.9010732491871698e-05,1.955416191800094e-05,1.3928957888771816e-08,1.9568131386704084e-05,1.6644207761095504e-07,1.6644207056614633e-07,0.0,1.9529164608833212e-05,2.6369643778552048e-05,0.0
12,O=C=[Pt] + O[Pt] <=> O=C=O.[Pt] + [Pt],-0.00036633005553481465,-0.00035690427051917613,-0.0006150802553611924,-0.0006056545130149107,8.81067253651469e-06,1.8236518434169546e-05,9.425800324598616e-06,5.188922069884695e-06,1.4614722882887333e-05,1.1137158247719329e-07,1.1137165393168116e-07,0.0,1.19760568073363e-05,7.456491608655612e-06,0.0
13,O[Pt] + [Pt] <=> [Pt] + O=[Pt],-0.00021165414566482482,-0.0003452141510760818,4.84118757242571e-05,-8.514849651364009e-05,-0.0006038603618581456,-0.000737419769690875,-0.00013356030757458913,4.548778209993105e-06,-0.00012901153543894045,-1.0905725897001752e-06,-1.0905725756105576e-06,0.0,-0.000128627469207194,-0.00015627023037589395,0.0
14,C + O[Pt] + [Pt] <=> C[Pt] + O.[Pt],-0.0007420564591977058,0.0015340394547611357,-0.0008013266960287334,0.001474767852328111,-0.0006526708835690536,0.0016234270906531401,0.0022761127874600003,1.284947151311836e-05,0.0022889625514405758,1.9484416224466665e-05,1.9484416236543478e-05,0.0,0.002283476967530582,0.002736991376958867,0.0
15,O + [Pt] <=> O.[Pt],-7.900016298105979e-12,6.996899503947928e-11,-1.9073556093325642e-12,7.596327253759899e-11,-1.6934603853539806e-11,6.093633328820607e-11,7.787068099630501e-11,3.638294223878298e-11,1.142542424039462e-10,5.112518288569667e-13,6.209495637888769e-13,0.0,1.237306178365178e-10,-4.1409616470889924e-09,0.0
16,O.[Pt] + [Pt] <=> [Pt] + O[Pt],1.4489258748380952e-10,-2.4739498856141066e-11,1.4702587295902227e-10,-2.2601224834945267e-11,1.4168128956846763e-10,-2.7947761413256262e-11,-1.6963027564336766e-10,1.4724646453903515e-10,-2.238290581484879e-11,-7.316536999586436e-13,-7.306472987207359e-13,0.0,1.4971967600227458e-11,4.140961649527757e-09,0.0
17,O.[Pt] + O=[Pt] <=> 2 O[Pt],1.2339275208301247e-10,-5.661915278047505e-11,1.5254400046373292e-10,-2.7470525341757637e-11,7.482978870036002e-11,-5.7660721667982305e-11,-1.8001217417807506e-10,1.385046424327155e-10,-4.150946878270561e-11,-1.0396124787583107e-12,-1.0235100589517914e-12,0.0,-4.780583544305337e-11,-2.0704808229348054e-09,0.0
18,[H] + [Pt] <=> [Pt],2.3383199286393794e-09,2.3486892053058477e-09,-3.5586104901146376e-11,-2.521792769952233e-11,5.918416826098881e-09,5.9697741118985165e-09,1.0370302968129136e-11,-7.030536023960738e-11,-5.993701931275075e-11,-9.450107623949954e-13,-9.50042768584533e-13,0.0,1.127506754596384e-11,7.591763022609994e-09,0.0
19,C + [Pt] <=> C.[Pt],6.365356504686066e-05,0.005365155027863586,-0.0015929058566406303,0.003708507816245054,0.002561914378252491,0.007863548343477408,0.005301498120761738,4.7277659677854416e-06,0.005306226137374194,4.513153490573188e-05,4.513153489063586e-05,0.0,0.00529521847655031,0.006958834978682213,0.0
20,[CH3] + [Pt] <=> C[Pt],-7.772740983117635e-07,6.371261587589322e-08,-8.829239543548447e-07,-4.193724263486783e-08,-6.180005686326253e-07,2.2308448241298877e-07,8.409867215569468e-07,-7.581472879499594e-07,8.283942721474852e-08,5.201484158000509e-11,5.2023899191146253e-11,0.0,5.204992895350747e-07,5.017465197613126e-07,0.0
21,[H][H] + [Pt] <=> [H][H].[Pt],1.1547922141103903e-06,1.1543898009617794e-06,6.9952456545322695e-09,6.592830200981986e-09,2.8857873738988157e-06,2.885384959226827e-06,-4.024125913215687e-10,-1.627645306149589e-08,-1.6678865405583628e-08,-1.7431070720803413e-10,-1.7432781602907854e-10,0.0,-1.6522189493296005e-08,4.140961650137448e-09,0.0
22,[OH] + [Pt] <=> O[Pt],-1.0448152799241357e-09,6.077052339686664e-10,-1.1717516938001493e-09,4.655364415002843e-10,-8.533821926202249e-10,8.243510314891359e-10,1.6372903341747004e-09,-7.373872916326415e-10,8.999033368567269e-10,6.648286577616174e-12,6.639228966475006e-12,0.0,1.4587792923815536e-09,1.2422884946754198e-08,0.0
23,[CH]=O + [Pt] <=> O=C[Pt],6.11956486405014e-11,-3.1187823690769096e-11,8.647158108682169e-11,-2.2580592205681888e-11,2.3078930404863036e-11,-4.283041568356779e-11,-1.0905116330448803e-10,7.453598447663694e-11,-3.451802551332629e-11,-7.568137309063343e-13,-7.266216937691108e-13,0.0,-2.8621584649635568e-11,9.907477204695696e-19,0.0
24,O=C=O + 2 [Pt] <=> O=C=[Pt] + O=[Pt],-0.009126992871977404,-0.008917745226129507,-0.015252225021775853,-0.015042990193999621,0.00011048331853573317,0.00031975029535135724,0.00020926674560892386,0.00012954526454757415,0.0003388122812521955,2.562077713425783e-06,2.562077725502597e-06,0.0,0.00027341329418844945,0.00015795284112579387,0.0
25,O + 2 [Pt] <=> [Pt] + O[Pt],-0.39872002040296123,0.8284353511129463,-0.41521570159332843,0.8117364319155126,-0.3738428470133214,0.8536190282163784,1.2320678727708716,0.006891156180160755,1.2390439326723923,0.010547580827894946,0.010547580827880855,0.0,1.2361423090878374,1.5159196197539886,0.0
26,CC + 2 [Pt] <=> 2 C[Pt],-0.00447520806766451,0.00038384921409857065,-0.00514301974340895,-0.0002839948673755975,-0.003468079911346242,0.0013910263994819966,0.00485927478949248,-0.00432235941919899,0.0005367052885188229,3.883410663634565e-06,3.883410646525743e-06,0.0,0.0005317300726277106,0.004815618853163194,0.0
27,C=O + 2 [Pt] <=> O=C[Pt] + [Pt],9.016434417624208e-07,2.050790012641936e-06,2.845998837588345e-07,1.4337288639799425e-06,1.8322082040966868e-06,2.9813816478007104e-06,1.1490865151968035e-06,1.3052975827145156e-06,2.4544265738432153e-06,1.9440872108126738e-08,1.9440857012108166e-08,0.0,2.011183239887687e-06,1.291289874103073e-06,0.0
28,C=O + 2 [Pt] <=> C=[Pt] + O=[Pt],-1.0081673060747523e-08,-2.2295168791703606e-07,6.254358402797041e-08,-1.5025879751475513e-07,-1.1970883556101897e-07,-3.32537219704014e-07,-2.128652637445631e-07,-1.4521248041827517e-08,-2.2739139566878175e-07,-1.9190078932442692e-09,-1.919018963657886e-09,0.0,-2.2214840114379547e-07,-2.581199427646244e-07,0.0
29,CO + 2 [Pt] <=> C[Pt] + O[Pt],-0.00012392713065187468,6.938540107109046e-05,-0.0001585220474630203,3.479040233505981e-05,-7.175451019860274e-05,0.00012155819741637721,0.00019331275624203146,-0.00012096471616157666,7.234780623827538e-05,7.83692375132787e-07,7.836923690943794e-07,0.0,0.00010293405074623482,0.000208990883605579,0.0
30,CC=O + 2 [Pt] <=> C[Pt] + O=C[Pt],5.11166427720761e-11,-3.44058559666782e-11,7.182978339773525e-11,-3.116133861224995e-11,1.9882066774965948e-11,-3.593069196681359e-11,-1.0299441162709094e-10,6.156708969956335e-11,-4.142505973360381e-11,-7.558073296683977e-13,-7.638585395716578e-13,0.0,-3.240670384098894e-11,3.4508013752161557e-09,0.0
31,C=C + 2 [Pt] <=> 2 C=[Pt],2.2095362997673339e-10,-6.224954161746121e-11,2.4621882309139157e-10,-5.321883298183745e-11,1.8285015043058064e-10,-9.397484783274538e-11,-2.9943364045075295e-10,2.3492963235582645e-10,-6.450565909489198e-11,-9.951295440427965e-13,-7.353438378309597e-13,0.0,-1.4559591519272316e-11,1.1042564397902361e-08,0.0
32,C.[Pt] + [Pt] <=> C[Pt] + [Pt],-0.0003711557419582854,-0.0006015556052979252,7.579228355687118e-05,-0.00015460860955446645,-0.001045199122169914,-0.0012755973177273538,-0.00023040071848352833,7.933076012357199e-06,-0.00022246766074940388,-1.8807009762294727e-06,-1.8807009933382935e-06,0.0,-0.00022183736072706092,-0.00028604313732240327,0.0
33,O=C[Pt] + [Pt] <=> O=C=[Pt] + [Pt],9.455142288886635e-08,1.5075199371312456e-07,-1.5800812326502673e-08,4.038403286792102e-08,2.6097387850073573e-07,3.172003980510939e-07,5.6184849453311716e-08,-1.792452839018606e-09,5.439239726271448e-08,4.594191459010056e-10,4.594322291170983e-10,0.0,5.42731764557108e-08,7.867827132548026e-08,0.0
34,C[Pt] + [H][H].[Pt] <=> C.[Pt] + [Pt],2.7783587924463526e-05,2.7788323199507066e-05,1.3509771676595084e-07,1.398166226294729e-07,6.948033733137294e-05,6.948509839162832e-05,4.718910444094038e-09,-3.937366029410941e-07,-3.890176925178549e-07,-4.067974443745424e-09,-4.067965386134282e-09,0.0,-3.8571049180717244e-07,-1.0007323984064785e-07,0.0
35,C#[Pt] + [H][H].[Pt] <=> C=[Pt] + [Pt],4.4541681711747915e-06,4.455561420071616e-06,2.5760925272686674e-08,2.7154177374068973e-08,1.1132658962635554e-05,1.1134091602489342e-05,1.3932500103792162e-09,-6.300811731124127e-08,-6.161486546167921e-08,-6.458338407973518e-10,-6.458227703837348e-10,0.0,-6.103618575793212e-08,-3.243753291291751e-08,0.0
36,C=[Pt] + [H][H].[Pt] <=> C[Pt] + [Pt],1.752384759604077e-09,1.975639455916043e-09,5.968362783184675e-11,2.8293767249486484e-10,4.305155033834669e-09,4.568098362747549e-09,2.2325462398531326e-10,1.4439953003000196e-10,3.676541644543936e-10,2.436497396973788e-12,2.4193885759293615e-12,0.0,3.8372390328441807e-10,-6.901602733970649e-10,0.0
37,C~[Pt] + [H][H].[Pt] <=> C#[Pt] + [Pt],3.1399985136177886e-07,3.1388820296613245e-07,2.0199758727116443e-09,1.9083312997713542e-09,7.844974004400906e-07,7.844303116870911e-07,-1.1164728213670105e-10,-4.294199380157258e-09,-4.405849017618456e-09,-4.6355847419251823e-11,-4.6372956240296243e-11,0.0,-4.350118250487389e-09,4.831121924830107e-09,0.0
38,[H][H].[Pt] + O=[Pt] <=> [Pt] + O[Pt],0.00609732362613313,0.006098447481811009,3.0262227205973094e-05,3.138601470610034e-05,0.015247072378240956,0.015248196336743063,1.1237871587796662e-06,-8.647721388644315e-05,-8.535342769732087e-05,-8.923940083370528e-07,-8.923939348697623e-07,0.0,-8.463800811989686e-05,-1.8988379639845634e-05,0.0
39,[H][H].[Pt] + O[Pt] <=> O.[Pt] + [Pt],-8.556953080121216e-07,-8.288259970648576e-07,-7.2684511409885265e-09,1.9586900862316773e-08,-2.1352097296625343e-06,-2.1083140929876007e-06,2.6855357354050053e-08,1.2221146860241398e-08,3.907650455620144e-08,3.552697009936845e-10,3.5527171379616026e-10,0.0,3.894580566800875e-08,7.522746995133106e-08,0.0
40,O=C=[Pt] + [H][H].[Pt] <=> O=C[Pt] + [Pt],3.587525439552288e-06,3.5886697544543106e-06,2.063451030500435e-08,2.1762092161648346e-08,8.966761568002763e-06,8.967932451581682e-06,1.1275787987087349e-09,-5.072593396511314e-08,-4.959835234721003e-08,-5.20296356782023e-10,-5.203094399981157e-10,0.0,-4.9136114343978525e-08,6.901602748450815e-09,0.0
41,C.[Pt] + O=C=[Pt] <=> C[Pt] + O=C[Pt],1.2820901077575213e-10,-1.0846730415329214e-10,1.6208208581570708e-10,-9.062700352543754e-11,7.712790850019737e-11,-1.3407311182322455e-10,-2.527060782671297e-10,1.2545406166032689e-10,-1.27251917072781e-10,-1.5790435422766626e-12,-1.5961523633210884e-12,0.0,-1.0963990510047574e-10,-2.0704808233920737e-09,0.0
42,O=C[Pt] + C#[Pt] <=> C=[Pt] + O=C=[Pt],9.450966363869242e-11,-9.682485220478618e-11,2.1522466483596753e-10,2.2064776474042808e-11,-8.754089740537836e-11,-2.352358691404311e-10,-1.957043274918103e-10,2.0425040880910516e-10,1.1243549117446073e-11,-1.5498579063771674e-13,-1.5901139558934622e-13,0.0,3.992175063339233e-11,1.380320551671659e-09,0.0
43,C=[Pt] + O=C[Pt] <=> C[Pt] + O=C=[Pt],6.565464579961719e-09,3.1171245375588154e-07,-9.058110359472834e-08,2.1454961517654846e-07,1.5307242148107734e-07,4.582460750711272e-07,3.05130716935495e-07,1.7305107040555465e-09,3.068612255137724e-07,2.6092361054481916e-09,2.609222150017683e-09,0.0,3.0616063976967075e-07,3.8428124099228236e-07,0.0
44,O=C[Pt] + C~[Pt] <=> C#[Pt] + O=C=[Pt],1.5803176882346332e-11,-1.7577742337628906e-11,3.448404816573652e-11,-1.6582565509602753e-11,-1.2368500759360515e-11,-4.233674153928812e-11,-5.106945819452665e-11,2.2570195616038527e-11,-2.8502561874067872e-11,-2.3348508719447313e-13,-2.324786859565666e-13,0.0,-3.099819447254355e-11,-1.3803205490042607e-09,0.0
45,O=C[Pt] + O=[Pt] <=> O=C=[Pt] + O[Pt],-3.0302236445554255e-07,-3.57620992308594e-07,1.464284614668772e-08,-3.995578444224096e-08,-7.820939691842417e-07,-8.366925995999441e-07,-5.4598627288935645e-08,5.215442668416207e-09,-4.9383184448833e-08,-4.1203274361413653e-10,-4.1201261558937836e-10,0.0,-4.921096856292531e-08,-6.03660186991335e-08,0.0
46,O=C[Pt] + O[Pt] <=> O=C=[Pt] + O.[Pt],-5.656402236823211e-09,1.3495331675754358e-08,-5.6088033728960576e-09,1.3542928941916234e-08,-5.728180274441563e-09,1.3464967999224463e-08,1.9151734826870188e-08,2.2462157008125505e-10,1.9376357040832347e-08,1.6497432292396744e-10,1.6497231012149159e-10,0.0,1.93543262303793e-08,2.760641099227903e-08,0.0
47,C.[Pt] + O=[Pt] <=> C[Pt] + O[Pt],-8.444062908412809e-07,1.9282604096274334e-06,-8.785749783180639e-07,1.894091717384358e-06,-7.928337508286127e-07,1.9797902865226255e-06,2.7726667246039207e-06,5.0520110118302136e-09,2.777718736920907e-06,2.3644324260914302e-08,2.3644311177698205e-08,0.0,2.7711981961140865e-06,3.591594069922883e-06,0.0
48,C=[Pt] + C.[Pt] <=> 2 C[Pt],6.363143197380695e-09,2.2746720006843654e-06,-7.354728692109416e-07,1.5328359679464006e-06,1.125127680830134e-06,3.3934787519142407e-06,2.2683088590116073e-06,1.2200826936214026e-08,2.280509687697269e-06,1.9393241150339058e-08,1.93932371247341e-08,0.0,2.274778652564154e-06,2.850361934816163e-06,0.0
49,C.[Pt] + C#[Pt] <=> C=[Pt] + C[Pt],-6.182564310402303e-08,-3.96854792857714e-08,-5.694107532076954e-09,1.643020567932189e-08,-1.4647773541071314e-07,-1.2431082862294884e-07,2.2124317945845606e-08,1.2124176349938927e-09,2.333673466408134e-08,2.0003331644770893e-10,2.0002727804028145e-10,0.0,2.332354159208958e-08,3.657849456442677e-08,0.0
50,C.[Pt] + C~[Pt] <=> C[Pt] + C#[Pt],-3.2486674983062984e-10,-8.015889540901273e-10,2.5908791741737816e-10,-2.341912653274567e-10,-1.2055300786837898e-09,-1.653907117710827e-09,-4.932780388386333e-10,1.7794974401913493e-10,-3.153284673652214e-10,-3.1339334548435465e-12,-3.143997467222621e-12,0.0,-2.752287242154016e-10,1.3113045221675491e-08,0.0
51,C.[Pt] + O[Pt] <=> C[Pt] + O.[Pt],-0.0063362230227607865,0.012812333598822754,-0.006820829527675295,0.012327634292881202,-0.005605386877866826,0.013543309697158461,0.01914976999371914,0.00010962916665036731,0.01925942015410484,0.00016394189625068784,0.00016394189627786065,0.0,0.019212840631253884,0.022852812010554124,0.0
52,C#[Pt] + O[Pt] <=> C=[Pt] + O=[Pt],-0.00016258359085463497,-0.00010257285256837724,-1.7774500318098843e-05,4.2236324868854034e-05,-0.00038097050146680407,-0.0003209598505787703,6.001083585509741e-05,2.6604320276023397e-06,6.267126948117354e-05,5.375036229891394e-07,5.375036531811764e-07,0.0,6.25094545950268e-05,8.11200583763443e-05,0.0
53,C=[Pt] + O[Pt] <=> C[Pt] + O=[Pt],-0.00022433504559341212,0.010186268102746435,-0.003763326466160199,0.0066469082509979655,0.0051128257650440235,0.015523984586086118,0.010410626503022631,5.936020826930693e-05,0.010469992891063385,8.902990103347268e-05,8.90299010515879e-05,0.0,0.010441806912434534,0.012214890653756597,0.0
54,C~[Pt] + O[Pt] <=> C#[Pt] + O=[Pt],5.682509235984518e-11,-3.212038360038578e-11,7.790874404465538e-11,-3.028020397417832e-11,2.5031747812616408e-11,-3.670871683982937e-11,-1.0818278410271047e-10,7.618391063907195e-11,-3.200026184584402e-11,-7.386985086239741e-13,-6.823400393011598e-13,0.0,-2.207363936884351e-11,4.831121924830107e-09,0.0
55,2 C=[Pt] <=> C[Pt] + C#[Pt],3.420575626105136e-08,2.1578687858821944e-06,-6.46205473460523e-07,1.4774575407192641e-06,1.0603354399300796e-06,3.18399848833306e-06,2.123663029325914e-06,1.1053186295372283e-08,2.1347162151224836e-06,1.8154301848802033e-08,1.8154406514530775e-08,0.0,2.1295696997202925e-06,2.765058124835058e-06,0.0
56,C[Pt] + C~[Pt] <=> C=[Pt] + C#[Pt],9.080554726974767e-06,0.0006482365360961483,-0.00019665423254199582,0.00044250041907900665,0.00031934964372174856,0.0009585076340926567,0.0006391559085498731,3.2827616387487544e-06,0.000642438691170223,5.463592606735516e-06,5.463592589626695e-06,0.0,0.0006408720156544776,0.0008242162703872196,0.0
57,C=[Pt] + C~[Pt] <=> 2 C#[Pt],1.6370248698668553e-10,-3.621453956454328e-11,1.6868788971893948e-10,-3.122809123634575e-11,1.561859616159642e-10,-4.3731867808463724e-11,-1.99915322425324e-10,1.6775675245074926e-10,-3.2157209921505355e-11,-9.752027995322307e-13,-9.711771945806007e-13,0.0,1.2769298694459138e-11,4.1409616496801796e-09,0.0
58,C#[Pt] + O.[Pt] <=> C=[Pt] + O[Pt],-4.1623854852619306e-05,9.325399444831617e-05,-4.2274342123079916e-05,9.260350629940199e-05,-4.064285355236665e-05,9.423497611365272e-05,0.00013487790544405463,7.124284078661995e-07,0.0001355903348148133,1.1543363199531444e-06,1.1543366444169076e-06,0.0,0.00013529230738473138,0.00017362845144672822,0.0
59,C=[Pt] + O.[Pt] <=> C[Pt] + O[Pt],-1.822157782158639e-08,3.9147917853170814e-07,-1.3937875093954174e-07,2.703220018268927e-07,1.6449582959165766e-07,5.741749069034967e-07,4.0970075753249665e-07,2.4516687642360605e-09,4.1215242841410913e-07,3.505002648871176e-09,3.5049905720563207e-09,0.0,4.1115258838513327e-07,5.003661992126132e-07,0.0
60,C~[Pt] + O.[Pt] <=> C#[Pt] + O[Pt],-2.9194906442243114e-06,6.54340426701007e-06,-2.9000702655856344e-06,6.56286836211842e-06,-2.9489341734147662e-06,6.5140913556831855e-06,9.462943053503366e-06,5.029847805272978e-08,9.513193250471364e-06,8.099184144508976e-08,8.09918243362687e-08,0.0,9.492648252476384e-06,1.2334544430754986e-05,0.0
61,CO + 2 [Pt] <=> CO[Pt] + [Pt],-6.93531188086594e-05,-2.428013477343977e-05,-6.737592252078491e-05,-2.230295531780808e-05,-7.233493290880646e-05,-2.7261948860387e-05,4.507299757458633e-05,-6.922208565914213e-05,-2.414911928422891e-05,-1.094339601866527e-07,-1.0943393402022049e-07,0.0,-6.572918952607779e-06,4.217845503251677e-05,0.0
62,C=O + [Pt] <=> CO[Pt],-1.5265975773663403e-09,2.115069811912104e-08,-8.051208181979267e-09,1.462608493523757e-08,8.313182146649496e-09,3.1034965085413e-08,2.267729641064962e-08,-3.1042801991659637e-09,1.9573018255195792e-08,1.6999223949617365e-10,1.6998016268131873e-10,0.0,2.0713093241201967e-08,3.657849456427435e-08,0.0
63,C.[Pt] + O=[Pt] <=> CO[Pt] + [Pt],-0.012273555830969287,0.7311023502573268,-0.2583170602754349,0.48322959316798064,0.35878519893161176,1.1049198049908264,0.7434671559447663,0.0031570272180009495,0.746647654623236,0.00635027136745845,0.006350271367503737,0.0,0.7450093829632758,0.8942273348178483,0.0
64,CO[Pt] + [Pt] <=> C[Pt] + O=[Pt],1.9764661671825778e-10,-2.617784407574429e-11,2.141650518822039e-10,-2.5557759240376013e-11,1.7274202842577134e-10,-2.4303271312598453e-11,-2.3972548410714467e-10,2.0558731258633088e-10,-3.413818479240266e-11,-5.273542486634371e-13,-5.152774338085509e-13,0.0,1.0800569709083043e-11,-6.310036797538417e-09,0.0
65,C.[Pt] + C~[Pt] <=> CC#[Pt] + [Pt],6.904011590195195e-12,-3.2864855206073155e-11,7.058740943169078e-12,-2.7384353772468288e-11,3.07186754350798e-11,-4.112177495492744e-11,-7.183969724763685e-11,1.1562001492539396e-12,-3.410125583341537e-11,-6.209495637888086e-13,-6.058535452201977e-13,0.0,-3.0057190341428295e-11,2.070480825525993e-09,0.0
66,CC#[Pt] + [Pt] <=> C[Pt] + C~[Pt],8.194761583169284e-11,-4.3612306523331594e-11,1.6186768806320587e-10,-2.4204501497331284e-11,1.13195391230229e-10,-2.7386085049900375e-11,-1.8607150264854862e-10,1.5229394872605019e-10,-3.3779446333750163e-11,-4.5388695829619155e-13,-4.699893781027111e-13,0.0,-4.225528104371234e-12,-4.831121921629228e-09,0.0
67,CO[Pt] + C~[Pt] <=> CC#[Pt] + O=[Pt],1.1969350067023034e-10,-3.2162418855141613e-11,1.447590089244382e-10,-2.314010056401455e-11,8.189116630483647e-11,-4.3732416916337344e-11,-1.6789609403104193e-10,1.3596811470521902e-10,-3.19264039278947e-11,-8.363194287010156e-13,-8.494026447938119e-13,0.0,-1.1005852457297707e-11,-6.901602745707205e-09,0.0
68,C=O + [Pt] <=> C=O.[Pt],0.0007362133582920845,-0.000256680161165204,0.001484689910023256,0.0004917889590435346,-0.0003925657894462894,-0.0013854480605769949,-0.0009928862096958084,-0.0003245668747281677,-0.0013174498618440365,-1.084185798369007e-05,-1.0841857959536439e-05,0.0,-0.0012051932293431007,-0.00022642364198608334,0.0
69,O=C[Pt] + [Pt] <=> C=O.[Pt] + [Pt],6.173386756449327e-05,0.00015973118151688123,-2.32975952887751e-05,7.469962019042378e-05,0.00018997000529711358,0.00028796747153359746,9.7997238310353e-05,7.52419071348773e-05,0.00017323921918058777,1.3889427730207385e-06,1.388943118216363e-06,0.0,0.00014737304315651323,9.505301400347443e-05,0.0
70,C=O.[Pt] + C[Pt] <=> C.[Pt] + O=C[Pt],3.609710034221403e-10,6.265782848955713e-10,8.079526987550192e-11,3.291450525784408e-10,8.29636727636827e-10,1.053948277275547e-09,2.4835387508546835e-10,6.630686629365364e-10,9.114225342751015e-10,6.680357230397466e-12,6.686798198320074e-12,0.0,7.829484022200498e-10,6.901602765979433e-10,0.0
71,C=O.[Pt] + [Pt] <=> C=[Pt] + O=[Pt],1.9434040094187388e-10,-4.41019880494395e-11,2.2217620690338377e-10,-3.312750681290696e-11,1.5236608910100475e-10,-5.97341530733371e-11,-2.552996203065722e-10,2.1619157538215854e-10,-3.910908644912766e-11,-1.0969773493190239e-12,-1.1100605654118203e-12,0.0,3.082050751947798e-12,-2.760641097703675e-09,0.0
72,C=O.[Pt] + C#[Pt] <=> C=[Pt] + O=C[Pt],1.3688016299310697e-10,9.8790876096438e-11,7.696356371174439e-11,3.887187353743686e-11,2.272474196761055e-10,1.891576022923749e-10,-3.808886403484764e-11,1.4719603231577077e-10,1.0910660930068641e-10,7.014616628215021e-13,6.944168541561494e-13,0.0,1.0920121757968623e-10,-6.90160273549488e-10,0.0
73,C=O.[Pt] + C=[Pt] <=> C[Pt] + O=C[Pt],1.6955714583174818e-10,-4.850484736551729e-11,2.0345300810813126e-10,-2.4154740450279358e-11,1.184387207537262e-10,-6.621118573592437e-11,-2.2760682716747888e-10,1.9036388434277509e-10,-3.724153623795913e-11,-8.785882806931285e-13,-8.946907004996471e-13,0.0,-1.2768362185551683e-11,-3.4508013728536025e-09,0.0
74,C=O.[Pt] + C~[Pt] <=> O=C[Pt] + C#[Pt],1.7712386791014558e-10,-3.923217460198807e-11,1.9620662555478592e-10,-2.0150796688569638e-11,9.997689079458685e-11,-2.7335323076094123e-11,-2.1635526103394011e-10,1.9567915653093432e-10,-2.0677579244894858e-11,-7.990825828984327e-13,-8.000889841363397e-13,0.0,1.2329139517179441e-11,-3.450801372777391e-09,0.0
75,C=O.[Pt] + [Pt] <=> O=C[Pt] + [H][H].[Pt],1.4302369925764002e-06,1.4309050530195984e-06,7.09460593949495e-09,7.762666297218566e-09,3.576481184280353e-06,3.5771600307560064e-06,6.68060611857512e-10,-1.9618968689726165e-08,-1.8950906417794473e-08,-2.0102462166704762e-10,-2.0103367927818876e-10,0.0,-1.894852569089629e-08,-2.2085128791819955e-08,0.0
76,C=O.[Pt] + O=[Pt] <=> O=C[Pt] + O[Pt],0.0015514041324746067,0.0066556417606777885,-0.0016956015377964295,0.003408470340142806,0.0064482205854790395,0.01155270816168797,0.005104158424130223,0.0047800218095234255,0.00988442421354252,7.880306790533027e-05,7.880306789224705e-05,0.0,0.008257888277068696,0.004309537436687167,0.0
77,C=O.[Pt] + O[Pt] <=> O=C[Pt] + O.[Pt],-5.249039743662305e-08,1.1392494487847361e-07,-5.660361325931614e-08,1.0981172589600568e-07,-4.6232996207027306e-08,1.201280977184495e-07,1.6641534257717044e-07,2.6915784010437347e-09,1.6910692221133963e-07,1.4377528596843874e-09,1.4377357508633428e-09,0.0,1.6820527760580777e-07,2.0152680023555853e-07,0.0
78,C=O.[Pt] + O=C=[Pt] <=> 2 O=C[Pt],1.7966523633729776e-10,5.936676968895354e-11,1.507752190102951e-10,3.0473179742037205e-11,2.699011183801349e-10,8.458897275946354e-11,-1.202975758529913e-10,2.0642264067545803e-10,8.612624568518987e-11,3.492212295538814e-13,3.391572171748065e-13,0.0,1.1524089718833463e-10,2.070480825068724e-09,0.0
79,C=O.[Pt] + [Pt] <=> CO[Pt] + [Pt],-0.005681714310232582,0.45797254069075727,-0.15812882828750394,0.3048185590207002,0.2242241163975397,0.6889444001483926,0.46368060000799544,0.0019670665317436794,0.46565678744563543,0.003960489041295465,0.003960489041284394,0.0,0.46464549959522533,0.5648837123396567,0.0
80,C=O.[Pt] + [H][H].[Pt] <=> CO[Pt] + [Pt],1.5586928674662288e-10,-4.704445587803721e-11,1.8686855761771898e-10,-3.468466348046459e-11,6.386025082432346e-11,-6.82026170291703e-11,-2.215500754908755e-10,1.7863732700433528e-10,-4.291013144108989e-11,-1.1825214545411548e-12,-1.197617473109766e-12,0.0,-1.1005852457183244e-11,2.7606410999138057e-09,0.0
81,C=O.[Pt] + O=C[Pt] <=> CO[Pt] + O=C=[Pt],5.524532342774287e-07,0.00022707553501161406,-7.171148763828639e-05,0.00015481143044230507,0.00010953386274329131,0.0003360571913900809,0.0002265230805273228,9.011812568614453e-07,0.0002274242638257893,1.934451801573596e-06,1.9344518217016206e-06,0.0,0.00022696405773776188,0.0002881985078605245,0.0
82,C=O.[Pt] + O[Pt] <=> CO[Pt] + O=[Pt],-7.659005689046765e-05,0.002194611660659144,-0.0008426571023964711,0.001428527216208576,0.0010787173535332724,0.003349945354505027,0.00227120345706575,1.0620492714386711e-05,0.002281824190993922,1.9406080927030014e-05,1.940608098137568e-05,0.0,0.002276515438607568,0.0026241743276429947,0.0
83,C=O.[Pt] + C[Pt] <=> C=[Pt] + CO[Pt],-3.307507684378152e-08,-6.052773238184407e-06,1.9456164416152956e-06,-4.074095638176458e-06,-3.0171441395233143e-06,-9.036816795090292e-06,-6.019711964553977e-06,-3.4406139024904435e-08,-6.054118099876202e-06,-5.148172065224839e-08,-5.148171763304467e-08,0.0,-6.037920856474894e-06,-7.5434518032743544e-06,0.0
84,C=O.[Pt] + C.[Pt] <=> CO[Pt] + C[Pt],1.0916250381936861e-10,-5.1809181188720816e-11,1.4130642073681e-10,-1.9668964111003694e-11,6.068816296996332e-11,-2.9479249475898556e-11,-1.6097096315193597e-10,1.3017125030153565e-10,-3.0797432896283976e-11,-7.155512801521284e-13,-7.326601011965546e-13,0.0,-1.3211330889587652e-11,0.0,0.0
85,C=O.[Pt] + C=[Pt] <=> CO[Pt] + C#[Pt],1.9104298916353192e-09,4.639563471599519e-07,-1.4529667534424546e-07,3.167492407805632e-07,2.2391380066644565e-07,6.859314988433202e-07,4.620459188885454e-07,2.0030883461046864e-09,4.6404900836211964e-07,3.946630096941114e-09,3.946633317425075e-09,0.0,4.631361000032973e-07,5.859460732847152e-07,0.0
86,C=O.[Pt] + C#[Pt] <=> CO[Pt] + C~[Pt],-0.00505764429746719,0.5171264719033699,-0.17610785559554257,0.3451830183776884,0.2529035587403706,0.7764347755541572,0.5222105277353227,0.002188722691534081,0.5244106801671755,0.004460240007496555,0.004460240007580086,0.0,0.5232824959643042,0.64027597943663,0.0
87,C=O.[Pt] + O.[Pt] <=> CO[Pt] + O[Pt],1.7815609178798213e-10,-3.952170214912123e-11,1.532754869766745e-10,-3.3395730993363944e-11,1.4325148601241132e-10,-4.729356464093655e-11,-1.8427319853693304e-10,1.5518656182497458e-10,-3.753564901838285e-11,-1.1382398000732314e-12,-1.1472974112143982e-12,0.0,-1.9813718553420528e-11,-6.795424243221515e-09,0.0
88,2 C=O.[Pt] <=> CO[Pt] + O=C[Pt],8.542236528893077e-11,-3.8486389394605966e-11,1.0978864390686318e-10,-3.2145636396650935e-11,4.868242687723328e-11,-4.8848638194932853e-11,-1.4193361731497524e-10,1.0235184160635526e-10,-3.958652513305467e-11,-1.1030157567464661e-12,-1.1201245777908921e-12,0.0,-2.1575291772578266e-11,3.4508013750637323e-09,0.0
89,[CH]C + 2 [Pt] <=> C[Pt] + C#[Pt],1.3820312094631728e-10,-3.055948420652963e-11,1.492299864324531e-10,-1.9533031494662425e-11,1.2157249487621544e-10,-4.719307789640072e-11,-1.687606080447195e-10,1.4088419098642447e-10,-2.787476957144737e-11,-6.843528417769998e-13,-6.742888293979251e-13,0.0,7.925674723227622e-12,1.3803205508333342e-09,0.0
90,[CH]C + 2 [Pt] <=> CC#[Pt] + [Pt],1.1882331977004877e-10,-3.084531420807034e-11,1.391650578242584e-10,-2.6135472859830142e-11,8.814787104094908e-11,-3.503942884426213e-11,-1.6530255199266726e-10,1.32835634368855e-10,-3.246583050725257e-11,-8.866394905963851e-13,-6.390647860711563e-13,0.0,-8.80412006037076e-12,-6.901602740067558e-10,0.0
91,OC#[Pt] + [Pt] <=> O=C=[Pt] + [Pt],-1.0004000801150785e-05,-0.0001794438085025751,4.563523315797285e-05,-0.00012380468474679402,-9.391365294139299e-05,-0.000263353315619415,-0.00016943984057689464,-5.314423719674024e-07,-0.00016997128204769668,-1.4458492348624014e-06,-1.445849192593549e-06,0.0,-0.0001696756680420623,-0.00021177291967318824,0.0
92,OC#[Pt] + [Pt] <=> C~[Pt] + O[Pt],0.0022107301968320517,-0.5106374265753094,0.17377900778163857,-0.3399490143053759,-0.2565317697570623,-0.7680529996956699,-0.5128368193508083,-0.0021243044001053165,-0.5149502295357906,-0.004379806411704608,-0.004379806411721716,0.0,-0.5138495520527296,-0.6271710263451526,0.0
93,C~[Pt] + O.[Pt] <=> OC#[Pt] + [Pt],-5.774804484419004e-10,1.658366840611136e-08,-5.112162746403621e-09,1.2053039500503146e-08,6.261287925852429e-09,2.341632265286462e-08,1.7128673325347925e-08,3.2208742684691737e-10,1.7512597323517286e-08,1.4890209515458654e-10,1.489272551855342e-10,0.0,1.7524008264031887e-08,4.278993703727039e-08,0.0
