,Reaction,SYNGAS Selec,SYNGAS Yield,CO Selectivity,CO % Yield,H2 Selectivity,H2 % Yield,CH4 Conversion,H2O+CO2 Selectivity,H2O+CO2 yield,Exit Temp,Peak Temp,Dist to peak temp,O2 Conversion,Max CH4 Conv,Dist to 50 CH4 Conv
0,[H][H] + 2 [Pt] <=> 2 [Pt],0.013455727542966776,0.1310255396374246,0.011433000347781466,0.12900043464561245,0.014832628131876368,0.1324040588279705,0.11755399434925878,-0.05971771950908144,0.05776607427556722,0.013450116710958592,0.013450116710958592,0.0,0.0906588015208463,0.08546009817582816,0.0
1,O=C=O + [Pt] <=> O=C=O.[Pt],0.05729857575578989,0.41979787692279474,0.1286744952614802,0.49143238547005286,0.008711922135233295,0.3710351978824644,0.36229171317527487,-0.23004121349958204,0.13141707942230418,0.04777172290852343,0.04777172290852343,0.0,0.29308019451273143,0.11409217747881532,0.0
2,[C-]#[O+] + [Pt] <=> O=C=[Pt],0.03205484381274292,0.21679053260959294,0.07216754884790316,0.25697731638086796,0.0047495268539795455,0.18943478914959475,0.18467649103608583,-0.1218432073536264,0.06260826792255059,0.0239800380028805,0.0239800380028805,0.0,0.1488977443169309,0.06630627737156003,0.0
3,[O][O] + 2 [Pt] <=> 2 O=[Pt],0.4047345039312839,2.9573069069531552,0.9594964558574322,3.5261724771571488,0.027099763997041195,2.5700716235750076,2.5422829069100557,-1.6236675028495442,0.8773371826705252,0.3385602670809919,0.3385602670809919,0.0,2.066089756184733,1.7792944718087569,0.0
4,O=C=[Pt] + O=[Pt] <=> O=C=O.[Pt] + [Pt],-0.2073655056354569,-1.3380153896436366,-0.48684746277099583,-1.6143308180667182,-0.01711796642922491,-1.1499233537891824,-1.1329993338055704,0.832200224340198,-0.3102279324630666,-0.1315468541134769,-0.1315468541134769,0.0,-0.8956207830194866,-0.665740155187738,0.0
5,C=[Pt] + [Pt] <=> C[Pt] + [Pt],-0.09057020771779008,-0.6350538424726228,-0.2146395166729659,-0.7584470019548006,-0.006114377503691031,-0.5510582772956348,-0.5449772217565977,0.36323139528200094,-0.18372535484114674,-0.07167269610210245,-0.07167269610210245,0.0,-0.4416827994924258,-0.18904097879867032,0.0
6,C[Pt] + [Pt] <=> C + 2 [Pt],-0.0911367218874651,-0.6514907412261631,-0.20632942008009295,-0.7660373636922534,-0.012723333093846878,-0.5735171458216246,-0.5608651734720163,0.36682323511125425,-0.19609932213469466,-0.07260533712041305,-0.07260533712041305,0.0,-0.4519689359888175,-0.2082827370394225,0.0
7,C=[Pt] + [Pt] <=> C#[Pt] + [Pt],0.030484276390007874,0.21762669205753915,0.0687009961140661,0.2559149096784569,0.004469584928141509,0.19156333091024497,0.18708538404196806,-0.12181157574778224,0.065045916639891,0.02413608248745094,0.02413608248745094,0.0,0.1507659859525369,0.06848659682310436,0.0
8,O=C=[Pt] + [Pt] <=> C~[Pt] + O=[Pt],0.0313375280922221,0.21873119222140053,0.07021800188381314,0.2576845027322272,0.004871009330743173,0.1922150924181239,0.18733495798408878,-0.12252800470201528,0.06457741549594602,0.02418536607371855,0.02418536607371855,0.0,0.15092353600351557,0.07027026547497957,0.0
9,C#[Pt] + [Pt] <=> C~[Pt] + [Pt],0.09188446286526088,0.6520533787686025,0.20741693298909059,0.7682324317686345,0.013239786247311262,0.5729685635372437,0.5596546802065387,-0.3641895031644423,0.19342697344281715,0.07225318860410551,0.07225318860410551,0.0,0.4507980091070196,0.2024190737468996,0.0
10,C~[Pt] + [H][H] <=> C=[Pt],-0.08787012925052011,-0.6341603483453074,-0.213394615793035,-0.7589985038152812,-0.0024237379356733106,-0.5491811528343445,-0.5467706671867579,0.3618280221298011,-0.18692101454762197,-0.07295568506539936,-0.07295568506539936,0.0,-0.4449210355756023,-0.20875453086463602,0.0
11,C + O=[Pt] + [Pt] <=> C[Pt] + O[Pt],0.0008586857011684065,0.0002295789926424399,0.001222350756573518,0.0005932417602327165,0.0006111334706229209,-1.7971680539539016e-05,-0.000629101306518685,0.00012332929348563186,-0.0005057727888943637,5.902832430043707e-06,5.902832430043707e-06,0.0,-0.00035700084042339294,-0.000385109496667695,0.0
12,O=C=[Pt] + O[Pt] <=> O=C=O.[Pt] + [Pt],-0.06088547320209212,-0.43529716814400365,-0.13790997056802437,-0.5120331010900051,-0.008453748332775332,-0.3830618733818484,-0.37463979615460224,0.24501629178481843,-0.13054143290586687,-0.048413836025771664,-0.048413836025771664,0.0,-0.30180516922123884,-0.13931659793821594,0.0
13,O[Pt] + [Pt] <=> [Pt] + O=[Pt],-0.030133892503782695,-0.21818427330552195,-0.06816892081334056,-0.25614775503973947,-0.004242881099338035,-0.1923419647226714,-0.1881070647824292,0.12246100773903182,-0.06587641485054821,-0.024265740236016884,-0.024265740236016884,0.0,-0.151503262179094,-0.07035350943823518,0.0
14,C + O[Pt] + [Pt] <=> C[Pt] + O.[Pt],0.00018934014840867462,3.7961212418307193e-06,0.00015654160014289684,-2.900236616261994e-05,0.00021166660968652113,2.612254110211971e-05,-0.00018554367585713695,0.00013622802696568835,-4.931590165690989e-05,-3.2836458875662947e-07,-3.2836458875662947e-07,0.0,-1.1273301532699905e-05,-3.3752767347176155e-05,0.0
15,O + [Pt] <=> O.[Pt],0.0001920860332523038,3.869092485176086e-05,0.00015302137099008767,-3.7367748740391903e-07,0.00021867793185456285,6.528278264969932e-05,-0.00015339481375385337,0.00012151413280875598,-3.188086733280616e-05,2.2222814678483794e-06,2.2222814678483794e-06,0.0,1.0748130339127293e-05,4.045035426963656e-05,0.0
16,O.[Pt] + [Pt] <=> [Pt] + O[Pt],-0.026680636758428012,-0.18113938932556026,-0.059799128871101156,-0.21420671337648578,-0.004136384917507044,-0.1586299683479022,-0.1544999741440308,0.10150504393447078,-0.053151755476190034,-0.02016757155465701,-0.02016757155465701,0.0,-0.12453876199916387,-0.05492583746786117,0.0
17,O.[Pt] + O=[Pt] <=> 2 O[Pt],0.030472954295657724,0.21756298160058052,0.06872919912549105,0.25589077824537465,0.0044313575044298914,0.19147267842109839,0.18703303281432024,-0.12174120198251955,0.06506413456955305,0.024154596914209635,0.024154596914209635,0.0,0.15076432447287658,0.06866448723539542,0.0
18,[H] + [Pt] <=> [Pt],0.00019214961315756145,3.912466332618165e-05,0.00015306425837278683,3.9368349441551493e-08,0.000218755597468741,6.57306069251395e-05,-0.00015302465580463562,0.00012124444968231507,-3.178039164751987e-05,2.235488387196264e-06,2.235488387196264e-06,0.0,1.0990871125495049e-05,4.179503403683647e-05,0.0
19,C + [Pt] <=> C.[Pt],-0.03278218639049526,-0.22945968886990198,-0.07450838835617726,-0.27110379787181343,-0.0043785379913244184,-0.20111192237632594,-0.19674199880817128,0.12471861502377456,-0.07226875768047505,-0.027003310499852065,-0.027003310499852065,0.0,-0.16074184793472773,-0.12734476043373394,0.0
20,[CH3] + [Pt] <=> C[Pt],0.0645040475085838,0.4654127153541803,0.14626804058273205,0.5475042960564466,0.008846077178541066,0.40953175123673763,0.4006502322294455,-0.26051377865792696,0.13909270451234287,0.051589889243149396,0.051589889243149396,0.0,0.3226278476518367,0.14675824975539584,0.0
21,[H][H] + [Pt] <=> [H][H].[Pt],0.061665033746439786,0.4336967993944032,0.1389424313205322,0.5112615162595987,0.009061155931161536,0.38089733904972284,0.37180249351485734,-0.242571923614288,0.12832868144000947,0.04806370987522909,0.04806370987522909,0.0,0.29956441411215046,0.13277735159315043,0.0
22,[OH] + [Pt] <=> O[Pt],0.0014709966553372517,-0.00226487226356513,0.002609641703971247,-0.001126269752590597,0.0006959039776007051,-0.003039935985270393,-0.003735813965200198,0.001419447235538616,-0.0023164197575700654,-0.0002530366938524441,-0.0002530366938524441,0.0,-0.0027478656260074585,-0.004012176652531448,0.0
23,[CH]=O + [Pt] <=> O=C[Pt],-0.059229672311442653,-0.4367637708185222,-0.1348244834486957,-0.512073016627635,-0.007771156194612909,-0.38549964328232966,-0.3777578432397632,0.2457655544675681,-0.1329206874301766,-0.048631478642408,-0.048631478642408,0.0,-0.3041041209644829,-0.14249780390209787,0.0
24,O=C=O + 2 [Pt] <=> O=C=[Pt] + O=[Pt],0.0610376349443379,0.42853705615235893,0.13695080034893137,0.5047290318212462,0.0093624103266274,0.37667204122678605,0.3672752450846882,-0.23801555102256056,0.12838552186377042,0.04790038022399327,0.04790038022399327,0.0,0.2965053518892446,0.1265251817226216,0.0
25,O + 2 [Pt] <=> [Pt] + O[Pt],-0.19100597500857214,-1.386730394575136,-0.40542864915542565,-1.5985842578639142,-0.045045260676393396,-1.2425183081309394,-1.1980126953961359,0.772010193253892,-0.43525128226716975,-0.15144704902628559,-0.15144704902628559,0.0,-0.9580144640999214,-0.6103798728995669,0.0
26,CC + 2 [Pt] <=> 2 C[Pt],0.03011069129345232,0.21813429036870446,0.06810240310176469,0.25619741405828894,0.004249166077848553,0.1922241540197669,0.18796700091187102,-0.12223604336456703,0.06550119412256204,0.024211234491274998,0.024211234491274998,0.0,0.15126439462308824,0.07049199848575094,0.0
27,C=O + 2 [Pt] <=> O=C[Pt] + [Pt],0.030474079589530263,0.21759577315220718,0.06872561392877366,0.25591886260454916,0.004435689299546271,0.1915086742288497,0.18706468732096912,-0.121755037642682,0.06508188899783483,0.024156917781530195,0.024156917781530195,0.0,0.1507835460634682,0.06873249458037657,0.0
28,C=O + 2 [Pt] <=> C=[Pt] + O=[Pt],0.030472019508214744,0.21671165797716385,0.06906482225002894,0.25537631392015664,0.00420132272350521,0.19039204964607392,0.1861829047778856,-0.1214798248936926,0.06447690521749232,0.02406652213849875,0.02406652213849875,0.0,0.14997377746300508,0.06737037830263941,0.0
29,CO + 2 [Pt] <=> C[Pt] + O[Pt],0.0036508007431533453,0.03632477229124468,0.008867549964724445,0.04154322596974821,9.968169335145318e-05,0.032772492992171595,0.032672778730042776,-0.02057269753755264,0.012093359520545025,0.004012759449636058,0.004012759449636058,0.0,0.026232589957122188,0.014173950759425378,0.0
30,CC=O + 2 [Pt] <=> C[Pt] + O=C[Pt],0.031135539053805728,0.21777532764553648,0.06978601538049299,0.2564979186862319,0.00482558299917678,0.19141628202885932,0.18658169537510047,-0.12174628100357927,0.06460825809636994,0.0241604740967135,0.0241604740967135,0.0,0.15041099506551536,0.06828709696035408,0.0
31,C=C + 2 [Pt] <=> 2 C=[Pt],-0.05984886661696199,-0.4342794011036697,-0.1362246516391876,-0.5103690406109824,-0.007858729921401833,-0.3824840479305575,-0.3746547611149662,0.2444633938235273,-0.1311072610355825,-0.048373428659442406,-0.048373428659442406,0.0,-0.3017187268420984,-0.13881299532884955,0.0
32,C.[Pt] + [Pt] <=> C[Pt] + [Pt],-0.060515270159231443,-0.4352920064048954,-0.13694375695805355,-0.5114338835727416,-0.00848925857780995,-0.3834610942766366,-0.3750036707301092,0.24470727399153863,-0.13121405799858657,-0.04846020100769183,-0.04846020100769183,0.0,-0.3021167323599726,-0.13966582824957358,0.0
33,O=C[Pt] + [Pt] <=> O=C=[Pt] + [Pt],0.031491425524994246,0.2164527516216063,0.07061006256052137,0.25564372022869924,0.004862785489023743,0.18977487440539575,0.18490309747536687,-0.12108713804360637,0.0635920655628739,0.024016238957372284,0.024016238957372284,0.0,0.1491302112900688,0.0662216472793578,0.0
34,C[Pt] + [H][H].[Pt] <=> C.[Pt] + [Pt],0.02233523674765695,0.16485052080437773,0.050961753867182116,0.19351782597598638,0.002848739322743405,0.14533625834370667,0.14248346003859905,-0.09258814741068923,0.049763389831889195,0.018279807643449716,0.018279807643449716,0.0,0.11471454480117453,0.053172774364653896,0.0
35,C#[Pt] + [H][H].[Pt] <=> C=[Pt] + [Pt],0.009678764829987337,0.06838961338363052,0.0216516271735073,0.0803695044159508,0.0015286587499552147,0.0602347227702498,0.05870516661862452,-0.03858889620325406,0.02009361673956177,0.007444058915997456,0.007444058915997456,0.0,0.04704480738090478,0.019141505227259274,0.0
36,C=[Pt] + [H][H].[Pt] <=> C[Pt] + [Pt],0.03047033807256693,0.21758595623866023,0.06871874343521946,0.25590590854083967,0.004434077723645145,0.19150099282022337,0.18705862077194682,-0.12174872427508407,0.06508215501243272,0.02415679040557397,0.02415679040557397,0.0,0.1507794792737524,0.06871257503881573,0.0
37,C~[Pt] + [H][H].[Pt] <=> C#[Pt] + [Pt],0.060627597565450185,0.4344267127192734,0.136858046547291,0.5109419377919894,0.0087363932815726,0.38234165710035944,0.3735726270448881,-0.2431518929836427,0.12951238514691213,0.04807502232599146,0.04807502232599146,0.0,0.3007970836543611,0.1331919881675331,0.0
38,[H][H].[Pt] + O=[Pt] <=> [Pt] + O[Pt],0.06182909958876107,0.44608328699019484,0.13989931229184918,0.5244533023894123,0.008685540683215687,0.3927356479151575,0.38401675330059165,-0.2495299612578623,0.13352855518699394,0.04945352266304353,0.04945352266304353,0.0,0.3093420736989421,0.14124843860793163,0.0
39,[H][H].[Pt] + O[Pt] <=> O.[Pt] + [Pt],0.0036502484112850113,0.03631486959503837,0.008867193653488703,0.04153351887043891,9.899592731310519e-05,0.032762457150252215,0.032663428887461966,-0.020566108060201573,0.012090603231177647,0.00401203924499192,0.00401203924499192,0.0,0.02622612370800723,0.01415621197011389,0.0
40,O=C=[Pt] + [H][H].[Pt] <=> O=C[Pt] + [Pt],0.06403573404991918,0.4705216854809439,0.14547266133267558,0.5522894305907703,0.008600402285212952,0.41486116108424737,0.4062258217441727,-0.26336432458264797,0.14179164326980823,0.05212507960895482,0.05212507960895482,0.0,0.3268322800503484,0.15040172582408223,0.0
41,C.[Pt] + O=C=[Pt] <=> C[Pt] + O=C[Pt],-0.05705076246583067,-0.3983195796500712,-0.128577429682243,-0.46960200931592766,-0.008361492628817621,-0.3497965659587441,-0.34146362478573394,0.22373725743711426,-0.11849034869785324,-0.04436856229011589,-0.04436856229011589,0.0,-0.2752019144390019,-0.12417073877188725,0.0
42,O=C[Pt] + C#[Pt] <=> C=[Pt] + O=C=[Pt],0.009030132639726773,0.07365286495333652,0.021155259738609992,0.08578582693314857,0.000776377668322211,0.06539377666156988,0.06461689732207566,-0.041594000436559427,0.022996020132971834,0.008160418755483258,0.008160418755483258,0.0,0.051896490162234514,0.025318475736387198,0.0
43,C=[Pt] + O=C[Pt] <=> C[Pt] + O=C=[Pt],0.03047074787479556,0.2175877301452564,0.06871844208276857,0.25590697048378597,0.004434971619489029,0.1915032513711427,0.18705998369445745,-0.12174938712910045,0.06508285218164533,0.024156794274758007,0.024156794274758007,0.0,0.15078041406612439,0.06871285846947214,0.0
44,O=C[Pt] + C~[Pt] <=> C#[Pt] + O=C=[Pt],0.10046293196536779,0.7237576333254337,0.22783445988272163,0.8519222644526137,0.013759232021465088,0.6365140561903571,0.6226691496758597,-0.4045310700310338,0.2156191894708864,0.08015725386784177,0.08015725386784177,0.0,0.5012351495764826,0.22641604868934692,0.0
45,O=C[Pt] + O=[Pt] <=> O=C=[Pt] + O[Pt],-0.026298973305321046,-0.1872174639787954,-0.05936687928164539,-0.22023214358194598,-0.003789156202359359,-0.16474387886241645,-0.16096082171701448,0.10496255825688935,-0.05616721205638162,-0.02085538033681473,-0.02085538033681473,0.0,-0.1296406077489622,-0.05901240013547111,0.0
46,O=C[Pt] + O[Pt] <=> O=C=[Pt] + O.[Pt],-0.05704530896537487,-0.39827145198140784,-0.12855525241529628,-0.46953724553333986,-0.008367423245820719,-0.3497597627410786,-0.34142090762766053,0.22370957441431308,-0.11847512447275407,-0.04436092458782913,-0.04436092458782913,0.0,-0.27516454756419956,-0.12416212693342533,0.0
47,C.[Pt] + O=[Pt] <=> C[Pt] + O[Pt],0.09034795371471895,0.6597067534244542,0.20530614453329674,0.7753188780026721,0.012094197590377425,0.5810078548306131,0.5688448600188925,-0.3698121551333211,0.19692904744937753,0.07280806248883834,0.07280806248883834,0.0,0.4576268092020195,0.21364931971343054,0.0
48,C=[Pt] + C.[Pt] <=> 2 C[Pt],0.033074943335102004,0.21420048647654166,0.07316313438207023,0.2543612634695296,0.005786313413935632,0.18686244621864825,0.18106565577838418,-0.11948650629245038,0.06136280045975988,0.023772003432404414,0.023772003432404414,0.0,0.14644750017452532,0.062494366682708656,0.0
49,C.[Pt] + C#[Pt] <=> C=[Pt] + C[Pt],0.0012295258309342099,-0.0010107192351186671,0.002021372304104091,-0.00021889050103814257,0.0006905041191322464,-0.0015497288716461116,-0.0022402175219968495,0.0007219722463180316,-0.0015182614494273804,-0.000149765515675015,-0.000149765515675015,0.0,-0.0016111120000782653,-0.0025612801939279557,0.0
50,C.[Pt] + C~[Pt] <=> C[Pt] + C#[Pt],6.481227621396381e-08,5.664918322238861e-07,2.1210800645748681e-07,7.137875565826485e-07,-3.545412560182571e-08,4.6622542060865736e-07,5.016795479688237e-07,-3.2549631132245645e-07,1.7618324504448667e-07,7.628676034383687e-08,7.628676034383687e-08,0.0,4.257310907741676e-07,1.2586122558189864e-06,0.0
51,C.[Pt] + O[Pt] <=> C[Pt] + O.[Pt],0.06073135288698285,0.4354052565576105,0.13704096575997088,0.5120006081030521,0.008786260560949104,0.38326565765285076,0.37444649724700174,-0.24332608279914764,0.1302092884539333,0.04830298782000661,0.04830298782000661,0.0,0.30177920128958036,0.13716402216548798,0.0
52,C#[Pt] + O[Pt] <=> C=[Pt] + O=[Pt],-0.06045473160035408,-0.4349548998389788,-0.13685582749624706,-0.511069700423163,-0.008447365415337822,-0.3831424191453368,-0.3747267082643487,0.24450862026658127,-0.13113432710190795,-0.048436666532488765,-0.048436666532488765,0.0,-0.30190554348456566,-0.1389019357187172,0.0
53,C=[Pt] + O[Pt] <=> C[Pt] + O=[Pt],0.033924920783117034,0.25391254653923834,0.07742255922791369,0.29750584195457264,0.004315429135712698,0.22423793976441983,0.21991302043814512,-0.14240937568917447,0.077190467989515,0.028164533176613302,0.028164533176613302,0.0,0.17701668574220697,0.08277929977344944,0.0
54,C~[Pt] + O[Pt] <=> C#[Pt] + O=[Pt],0.0036516264516951763,0.036325639157996706,0.008868433695441925,0.04154415087975402,0.0001004679053440545,0.03277332034801453,0.03267281961697148,-0.02057179086886172,0.01209430736399553,0.004012830729730718,0.004012830729730718,0.0,0.026232935127907753,0.014174591053338776,0.0
55,2 C=[Pt] <=> C[Pt] + C#[Pt],0.060773491176208144,0.4355761228164131,0.13705385307559484,0.5121422118732688,0.008848310424457537,0.38345644332440193,0.3745749893421121,-0.2433828055136107,0.1302805327106889,0.048313775711170265,0.048313775711170265,0.0,0.30187197419084244,0.13749094418654959,0.0
56,C[Pt] + C~[Pt] <=> C=[Pt] + C#[Pt],-0.06055677570490018,-0.4355043727732955,-0.13819625295363142,-0.5128525662756653,-0.007706424851435918,-0.38285230311309537,-0.37517479082498667,0.24382313422986554,-0.13226641952894663,-0.04913014242155917,-0.04913014242155917,0.0,-0.30332810940273347,-0.1510434493171766,0.0
57,C=[Pt] + C~[Pt] <=> 2 C#[Pt],0.0304703404387458,0.21758598667329435,0.06871875135380819,0.2559059445490036,0.004434076310204102,0.1915010194608587,0.18705864882742176,-0.12174873542666519,0.06508217186130594,0.024156796296671116,0.024156796296671116,0.0,0.15077950420768135,0.06871267853666614,0.0
58,C#[Pt] + O.[Pt] <=> C=[Pt] + O[Pt],0.03021336574501382,0.20612264546826428,0.0707338029597241,0.24671434036287923,0.0026304994066308285,0.17849127296372175,0.175856147662172,-0.11636549107182034,0.059286020720553605,0.023367233953870956,0.023367233953870956,0.0,0.14288569051079333,0.043271955492788776,0.0
59,C=[Pt] + O.[Pt] <=> C[Pt] + O[Pt],-0.030136165255368982,-0.2173161159905633,-0.06851773755477798,-0.2556258240247151,-0.004009256185215923,-0.1912381259982719,-0.1872363765990677,0.12219338458741999,-0.06527178247738932,-0.02417586421438408,-0.02417586421438408,0.0,-0.1507013269241052,-0.06900477770100213,0.0
60,C~[Pt] + O.[Pt] <=> C#[Pt] + O[Pt],-0.002730180051632075,-0.014643222883837332,-0.00036973461690316915,-0.01228305865767403,-0.004336970486288715,-0.016249821895638273,-0.01191336808861234,0.007062162509057148,-0.004852046920970103,-0.0004735788782612081,-0.0004735788782612081,0.0,-0.007410999559012671,-0.04640728221898335,0.0
61,CO + 2 [Pt] <=> CO[Pt] + [Pt],0.03113538879226545,0.21777516403267055,0.0697858577046269,0.25649774764014693,0.0048254377846787405,0.19141612347588274,0.18658168230820854,-0.12174642822385504,0.06460809755042174,0.024160464513449824,0.024160464513449824,0.0,0.1504109345404875,0.06828693704324838,0.0
62,C=O + [Pt] <=> CO[Pt],0.060698457614034335,0.4353238056273147,0.13717936303590983,0.5120910541014739,0.0086367638935941,0.3830671939178176,0.3743980941448021,-0.24341680290393394,0.13006994336996552,0.048287759427141135,0.048287759427141135,0.0,0.30160377210695255,0.13700797738891993,0.0
63,C.[Pt] + O=[Pt] <=> CO[Pt] + [Pt],0.0011153036105605192,0.0051371809062201925,0.0020931216951014064,0.006115038316950345,0.0004496882474843953,0.004471538773208475,0.004021832440012238,-0.003933028123040257,8.864613716943941e-05,0.00017918869985663545,0.00017918869985663545,0.0,0.0028865275473888945,0.008844445794182865,0.0
64,CO[Pt] + [Pt] <=> C[Pt] + O=[Pt],0.06069982578578144,0.43444625877337295,0.13752399910149063,0.5115573855162897,0.008404464487084285,0.38195556399428526,0.3735197071760595,-0.2431471000871204,0.1294644047526897,0.04819728546320902,0.04819728546320902,0.0,0.30079606971234113,0.13566873050827782,0.0
65,OC#[Pt] + [Pt] <=> O=C=[Pt] + [Pt],-0.060239309693367056,-0.43308709465761425,-0.13671078233785575,-0.5092732732510543,-0.008184037005268614,-0.38122602588778615,-0.37307252127571744,0.2433605836377183,-0.13061984910316418,-0.04833083052592937,-0.04833083052592937,0.0,-0.30058785499509133,-0.13566780569952422,0.0
66,OC#[Pt] + [Pt] <=> C~[Pt] + O[Pt],0.2070826645884933,1.3333868779913587,0.45423669933252153,1.583318866381888,0.038841224615526,1.1632544435131098,1.1239766526013084,-0.8299242318162385,0.28472426618517493,0.11658224022255767,0.11658224022255767,0.0,0.8676419306209339,1.0176130093150384,0.0
67,C~[Pt] + O.[Pt] <=> OC#[Pt] + [Pt],-0.030045657601501585,-0.21676973046003759,-0.06843214432239907,-0.25508451882728433,-0.003915403211298569,-0.1906882822092173,-0.18678019219555428,0.12183224794010009,-0.06517550276231239,-0.024163402744807647,-0.024163402744807647,0.0,-0.15040558914522612,-0.0672102574120997,0.0
68,C=O + [Pt] <=> C=O.[Pt],-0.016390199448785402,-0.12015848737111935,-0.037130704756273426,-0.1408774670832521,-0.002271827955022739,-0.10605476867134886,-0.10378529853976706,0.06730374843805578,-0.036551401497949824,-0.01339428051683981,-0.01339428051683981,0.0,-0.08351474097816591,-0.03873566543388249,0.0
69,O=C[Pt] + [Pt] <=> C=O.[Pt] + [Pt],0.03100045171729844,0.21890122072307888,0.07012942804052848,0.25810369790811094,0.004364773573873546,0.19221550944609758,0.1878425369707993,-0.12319593931962929,0.06441518327331651,0.02411144693008941,0.02411144693008941,0.0,0.15108914216442942,0.07169793508943977,0.0
70,C=O.[Pt] + C[Pt] <=> C.[Pt] + O=C[Pt],0.03047200416799885,0.21671152367464144,0.0690647816150977,0.2553761542299308,0.004201324601791207,0.1903919326253401,0.186182785880363,-0.12147970133181415,0.06447691025632998,0.024066518011604383,0.024066518011604383,0.0,0.14997369388130177,0.06737009666505614,0.0
71,C=O.[Pt] + [Pt] <=> C=[Pt] + O=[Pt],-0.09107900637568767,-0.6522765679451694,-0.20584302157629347,-0.7663959431592314,-0.012957428492385015,-0.5745938061213174,-0.5617091606917693,0.3670230669178432,-0.19674769596264768,-0.07269051425934663,-0.07269051425934663,0.0,-0.4527213696926889,-0.2097138574857162,0.0
72,C=O.[Pt] + C#[Pt] <=> C=[Pt] + O=C[Pt],0.0014773462868956462,-0.0022406107997923674,0.002622508966967241,-0.001095490695741732,0.0006978169601821588,-0.0030201111443729843,-0.0037179021604082786,0.0013995497027134215,-0.002318404491582797,-0.0002528299978929488,-0.0002528299978929488,0.0,-0.002736169457512561,-0.003959210689347879,0.0
73,C=O.[Pt] + C=[Pt] <=> C[Pt] + O=C[Pt],0.03174616181041084,0.2152727057851374,0.0711690347988034,0.25476790724835296,0.0049104238209008695,0.18838773272339815,0.18346829983139568,-0.12045043326937327,0.06279687819997468,0.023900938250347212,0.023900938250347212,0.0,0.1480150247358691,0.06466820588447651,0.0
74,C=O.[Pt] + C~[Pt] <=> O=C[Pt] + C#[Pt],0.030553550823284873,0.2178463603030867,0.0686117072669885,0.2559757751652385,0.004646795752751649,0.19189109856364042,0.18723560235487566,-0.12172253183468613,0.0652851626045184,0.024183157794549826,0.024183157794549826,0.0,0.1510491297265891,0.06924661860941426,0.0
75,C=O.[Pt] + [Pt] <=> O=C[Pt] + [H][H].[Pt],0.03047038006968967,0.21758615722371563,0.06871882356847091,0.25590614779411625,0.004434093760947584,0.1915011677555295,0.18705877963290973,-0.12174886327807267,0.06508217441697224,0.024156800700459308,0.024156800700459308,0.0,0.15077959134326172,0.06871295758888811,0.0
76,C=O.[Pt] + O=[Pt] <=> O=C[Pt] + O[Pt],0.03150069775888907,0.21647766756633077,0.07064523124880515,0.2556945866261647,0.004854429619937753,0.18978212548964152,0.1849187191206307,-0.12111502300049161,0.06357973177094457,0.02401794864832773,0.02401794864832773,0.0,0.14914267057816477,0.06633465237892405,0.0
77,C=O.[Pt] + O[Pt] <=> O=C[Pt] + O.[Pt],0.0001921544412626506,3.913293424966074e-05,0.00015307077738783395,4.933018339978091e-08,0.00021875927455784264,6.57377268344256e-05,-0.00015302121297638358,0.00012123993937107567,-3.178145912631193e-05,2.2351370215983372e-06,2.2351370215983372e-06,0.0,1.0991968256562307e-05,4.1814215749644234e-05,0.0
78,C=O.[Pt] + O=C=[Pt] <=> 2 O=C[Pt],-0.05704297556361645,-0.39825972991028497,-0.12855102311961822,-0.46952364076448827,-0.00836638040733601,-0.34974932225041083,-0.34141150562840006,0.22370148387715588,-0.11847376435545352,-0.04436039382317323,-0.04436039382317323,0.0,-0.275157939331566,-0.12414213053991512,0.0
79,C=O.[Pt] + [Pt] <=> CO[Pt] + [Pt],-0.0896902699134684,-0.6537953464412166,-0.20372696109652402,-0.7671881733766169,-0.012063792343483676,-0.5766071568736302,-0.5646114780864074,0.36825371054119477,-0.19843697026340634,-0.07286303349598133,-0.07286303349598133,0.0,-0.4547532999166145,-0.21234890383350333,0.0
80,C=O.[Pt] + [H][H].[Pt] <=> CO[Pt] + [Pt],0.0001921564980761698,3.914823835515201e-05,0.00015307497741023888,6.677749288971048e-08,0.00021875987243377595,6.575157200135927e-05,-0.00015300796571552137,0.00012123173381784958,-3.1776417380252005e-05,2.23678880412351e-06,2.23678880412351e-06,0.0,1.100296399016022e-05,4.1881435143222745e-05,0.0
81,C=O.[Pt] + O=C[Pt] <=> CO[Pt] + O=C=[Pt],-0.030136017228086225,-0.21731528368584924,-0.06851746403422854,-0.25562486672451706,-0.004009193583072655,-0.19123737877984923,-0.18723569183811423,0.12219271723937479,-0.06527176297822794,-0.02417584519788613,-0.02417584519788613,0.0,-0.1507008740024231,-0.06900273956061756,0.0
82,C=O.[Pt] + O[Pt] <=> CO[Pt] + O=[Pt],0.03300182003365725,0.21393932037544827,0.07328743799484082,0.2542978060790861,0.005578798665588521,0.18646669684760014,0.18087780737331313,-0.11951498692511481,0.061146644360374175,0.023743795992861486,0.023743795992861486,0.0,0.14616995258261156,0.061983158190618996,0.0
83,C=O.[Pt] + C[Pt] <=> C=[Pt] + CO[Pt],-0.02911897814995274,-0.2184910875933412,-0.06661713323738874,-0.2559182109497696,-0.003593424360093454,-0.1930138861628552,-0.18942726872839,0.12288538914224242,-0.06677465802245514,-0.024316279340459202,-0.024316279340459202,0.0,-0.15237246745969293,-0.07153448091760657,0.0
84,C=O.[Pt] + C.[Pt] <=> CO[Pt] + C[Pt],-0.030133890801468798,-0.21818426196736723,-0.06816891714532225,-0.25614774174323296,-0.004242880735108468,-0.19234195471758211,-0.18810705514048245,0.12246100069508273,-0.06587641222749314,-0.024265738785231226,-0.024265738785231226,0.0,-0.1515032548453766,-0.07035339522364523,0.0
85,C=O.[Pt] + C=[Pt] <=> CO[Pt] + C#[Pt],-0.05962230955866601,-0.4367599323661082,-0.1350711947833938,-0.5119241017044796,-0.008263127388288076,-0.3855945605486683,-0.3773626151139802,0.24542566795728923,-0.13286309187545778,-0.04863092416406935,-0.04863092416406935,0.0,-0.30403634739873187,-0.1426503239138394,0.0
86,C=O.[Pt] + C#[Pt] <=> CO[Pt] + C~[Pt],-0.06042523944356273,-0.4348799099995712,-0.13675527493541598,-0.5109239512958257,-0.008466245136080611,-0.3831155962092196,-0.3746810724912218,0.24433092799693806,-0.13126560623572903,-0.0484589468359699,-0.0484589468359699,0.0,-0.3019068156731299,-0.13877838126089795,0.0
87,C=O.[Pt] + O.[Pt] <=> CO[Pt] + O[Pt],0.0036516262175906055,0.036325639776440315,0.008868433328198312,0.04154415136506795,0.00010046776185756046,0.0327733210570815,0.032672820469572,-0.02057179153718,0.012094307547885187,0.004012830711915858,0.004012830711915858,0.0,0.026232935093503978,0.014174603896746482,0.0
88,2 C=O.[Pt] <=> CO[Pt] + O=C[Pt],-0.060512047697443644,-0.435343665413934,-0.13694349759637467,-0.5114884526072921,-0.008484019089568409,-0.3835107723878938,-0.3750585733392785,0.2447346390172572,-0.13124183256758057,-0.04846708612459214,-0.04846708612459214,0.0,-0.30215672844030267,-0.13977737395439016,0.0
89,[CH]C + 2 [Pt] <=> C[Pt] + C#[Pt],0.03047034062336079,0.2175859892197621,0.06871875247812466,0.255905948037849,0.004434075855173579,0.19150102136587738,0.18705865118822054,-0.12174873458288198,0.06508217506458508,0.024156797341436314,0.024156797341436314,0.0,0.15077950776172913,0.06871267232345916,0.0
90,C.[Pt] + C~[Pt] <=> CC#[Pt] + [Pt],0.0008629913506292014,0.0002237399782059249,0.001228840064990845,0.0005895863538868005,0.0006139526708431142,-2.5297109605260833e-05,-0.0006392458557960528,0.00012804206306920554,-0.000511204611234098,5.297971393274956e-06,5.297971393274956e-06,0.0,-0.00036200379530489384,-0.00039459306057798045,0.0
91,CC#[Pt] + [Pt] <=> C[Pt] + C~[Pt],-0.030064252501945943,-0.2179132172073932,-0.06830434833681208,-0.2560814578153987,-0.004033648572587953,-0.1919315262033371,-0.1879054570765367,0.12248613848732395,-0.06564947672759572,-0.024236329629262286,-0.024236329629262286,0.0,-0.15121364831729397,-0.0698178317942023,0.0
92,CO[Pt] + C~[Pt] <=> CC#[Pt] + O=[Pt],0.00019215459269965158,3.913303521535218e-05,0.00015306987341409445,4.837571915484625e-08,0.00021876014442868564,6.573854623322067e-05,-0.00015302126345654088,0.0001212414091271466,-3.1780039847835607e-05,2.235187219915476e-06,2.235187219915476e-06,0.0,1.0993592836323519e-05,4.18614194429016e-05,0.0
93,[CH]C + 2 [Pt] <=> CC#[Pt] + [Pt],0.061362343051753705,0.43551212850596177,0.13824443000003725,0.5126816932145166,0.009027559079084407,0.3829816541315508,0.3739203391729354,-0.24341405653701637,0.12959610797013194,0.04829139167648629,0.04829139167648629,0.0,0.30123470601426855,0.13658290024995534,0.0
