,Reaction,SYNGAS Selec,SYNGAS Yield,CO Selectivity,CO % Yield,H2 Selectivity,H2 % Yield,CH4 Conversion,H2O+CO2 Selectivity,H2O+CO2 yield,Exit Temp,Peak Temp,Dist to peak temp,O2 Conversion,Max CH4 Conv,Dist to 50 CH4 Conv
0,[H][H] + 2 [Pt] <=> 2 [Pt],0.006546110684385284,0.03455852377851664,0.003389152128469822,0.031400680940224426,0.009043398708699612,0.037056511307672055,0.02801057949059616,-0.022739990156358504,0.005264219731210928,0.0007454879509487407,0.0008187768675319697,0.0,0.016932831532802967,0.022746336144881935,0.0
1,O=C=O + [Pt] <=> O=C=O.[Pt],-4.93803543756485e-11,-2.5670334152053356e-09,3.6776266503326725e-10,-2.14987876536966e-09,-3.7935816318751877e-10,-2.8970204241777247e-09,-2.5176586591782035e-09,1.8135595959771508e-09,-7.040999923634326e-10,-9.289572971213046e-11,-1.3542469313078015e-10,0.0,-1.3934021521361441e-09,3.459837502205276e-08,0.0
2,[C-]#[O+] + [Pt] <=> O=C=[Pt],0.0003902993285756347,0.0008270943257006945,0.0015074352371859106,0.0019442351138934891,-0.0004934025245200972,-5.6611387335636307e-05,0.00043679329232885214,-0.0014088076844758798,-0.0009720205457380126,4.340822781322519e-06,6.001941452219857e-06,0.0,0.0003389676110690294,0.0016515357882346399,0.0
3,[O][O] + 2 [Pt] <=> 2 O=[Pt],-0.012843694146680467,-0.026923080056057525,0.030238958367383877,0.01615350590592954,-0.04692389832830249,-0.06099848533787161,-0.014081194454933898,0.035810872629703436,0.02172463557614993,0.027368591250548906,0.027979527910042608,0.0,0.019391520589194883,0.7349855414384459,0.0
4,O=C=[Pt] + O=[Pt] <=> O=C=O.[Pt] + [Pt],-1.6504622324297576e-07,-6.102932789445322e-07,-3.157716550265459e-07,-7.610187044475617e-07,-4.581599268188252e-08,-4.910630512152839e-07,-4.4524705992671627e-07,5.775645784180675e-07,1.323175152441316e-07,4.88412212755156e-09,3.956392972220013e-09,0.0,-2.6820455743265945e-07,-3.0149317460119255e-08,0.0
5,C=[Pt] + [Pt] <=> C[Pt] + [Pt],0.02588490479921759,0.11347782049427038,0.015451405620662577,0.1030351846746123,0.03413824486965464,0.12173838803508928,0.0875702482196731,-0.08755438801236014,-6.081138760864422e-05,-0.0053564096130843675,-0.005301977845442695,0.0,0.04600902107358092,0.1563015298423067,0.0
6,C[Pt] + [Pt] <=> C + 2 [Pt],0.00011366088817755561,0.0005240319794368716,0.00014995042861660067,0.0005603216687961535,8.495432358371587e-05,0.0004953252970280245,0.00041037062482650934,-0.00040198419358759054,8.384781607723569e-06,1.2935013860007977e-05,1.4102084668895093e-05,0.0,0.00025541527980806153,0.00024972817202525266,0.0
7,C=[Pt] + [Pt] <=> C#[Pt] + [Pt],0.001649396408745878,0.009508128465446943,0.0010455672535708185,0.008904251857740493,0.0021270508636002158,0.00998582045725315,0.007858602437192103,-0.005892959782134241,0.0019651795507676156,0.0005403902617220241,0.0005684151894938057,0.0,0.005062831697360897,0.027798588617149147,0.0
8,O=C=[Pt] + [Pt] <=> C~[Pt] + O=[Pt],0.06228355867367947,0.2504412908088636,0.09977778682807999,0.28800602334001846,0.03262403502395532,0.22072599520882477,0.18804061374919218,-0.21718646234823527,-0.029554247355826777,-0.0006772285331342088,-0.0002798191646263322,0.0,0.11269957165645819,0.03432768022514339,0.0
9,C#[Pt] + [Pt] <=> C~[Pt] + [Pt],3.06886178935185e-07,1.889380459031389e-06,-2.4815245344582347e-07,1.334341825955633e-06,7.459452750528627e-07,2.328439556766806e-06,1.5824942718115528e-06,-9.213335191011589e-07,6.611607359490658e-07,6.017092288701449e-08,6.297188071536944e-08,0.0,9.576539250591547e-07,8.012688273861089e-06,0.0
10,C~[Pt] + [H][H] <=> C=[Pt],6.272898885879133e-06,3.881494722998303e-06,9.052527565064038e-06,6.661123339386918e-06,4.074094799852975e-06,1.6826906877148371e-06,-2.3914040122134517e-06,-1.5625214999441377e-05,-1.801661864853926e-05,-6.791002116091154e-06,-6.941977872344286e-06,0.0,-6.930079516063996e-06,1.8311994656000465e-05,0.0
11,C + O=[Pt] + [Pt] <=> C[Pt] + O[Pt],4.166388146261772e-08,1.2868632770834251e-06,-9.191491204047583e-07,3.260502789921918e-07,8.017076896591496e-07,2.046907096149105e-06,1.2451993950062905e-06,-1.1606388272931483e-07,1.129135501246867e-06,1.0746877447565898e-07,1.1074108631338522e-07,0.0,7.62580243119428e-07,-1.5621318779424164e-06,0.0
12,O=C=[Pt] + O[Pt] <=> O=C=O.[Pt] + [Pt],-3.153322615781507e-08,-9.310793249510416e-08,-6.091033372111779e-08,-1.2248504018435933e-07,-8.294676148851088e-09,-6.986939517457871e-08,-6.157471377758737e-08,8.770932599193957e-08,2.6134600818582868e-08,1.0986336794459626e-10,6.709070310728728e-10,0.0,-3.98529701800025e-08,-7.482764080761317e-09,0.0
13,O[Pt] + [Pt] <=> [Pt] + O=[Pt],-1.5634337132527653e-08,-2.4531677065198795e-07,1.20417789236208e-07,-1.0926463892138305e-07,-1.2325732282340711e-07,-3.529397595161687e-07,-2.2968243306739993e-07,6.875497682654222e-08,-1.6092745975467517e-07,-1.4491566666242772e-08,-1.5616034595300724e-08,0.0,-1.3735874263777075e-07,-7.921542938180438e-08,0.0
14,C + O[Pt] + [Pt] <=> C[Pt] + O.[Pt],-1.6866991015622337e-06,-2.107927768401006e-06,-6.532171228007632e-06,-6.953399878652651e-06,2.146274736867357e-06,1.7250460444305667e-06,-4.2122868124698734e-07,5.75481628327881e-06,5.3335875762729825e-06,4.560816736617767e-07,4.6383291614205154e-07,0.0,-1.946735626748644e-07,-2.0710037606531377e-05,0.0
15,O + [Pt] <=> O.[Pt],-1.9489403421700246e-08,-1.217457520762679e-07,2.1658066963868032e-08,-8.05982691455604e-08,-5.20387837295992e-08,-1.5429514123973912e-07,-1.0225634565317018e-07,5.0453123122398396e-08,-5.180323434067752e-08,-6.019549670790289e-09,-5.779412545643392e-09,0.0,-6.388213596613747e-08,5.113996698647936e-08,0.0
16,O.[Pt] + [Pt] <=> [Pt] + O[Pt],-0.002770408747581326,-0.022416991871323823,0.005788892265689078,-0.013859372514826317,-0.009541178632000382,-0.029186431493956957,-0.01964712742948169,0.009590386961818138,-0.010058624703211403,-0.0008417183734815076,-0.0008960913734072622,0.0,-0.011705199924787645,-0.003476742296200668,0.0
17,O.[Pt] + O=[Pt] <=> 2 O[Pt],-9.206538586667194e-06,-4.9453053541223805e-05,-6.938305058715362e-06,-4.718482091624444e-05,-1.1000807432765286e-05,-5.1247321671964245e-05,-4.024651866573295e-05,3.283414170490639e-05,-7.412390187343748e-06,-1.9083037656314745e-06,-2.0266479286924444e-06,0.0,-2.5198946222755004e-05,6.104624234494039e-05,0.0
18,[H] + [Pt] <=> [Pt],-9.62238471665734e-06,-3.598372292885158e-05,-1.4601738348024103e-05,-4.096307523751734e-05,-5.683504946102766e-06,-3.204484420460956e-05,-2.6361340742257422e-05,2.2967368320929764e-05,-3.3939784813617705e-06,-3.686437544635012e-06,-3.812170837687037e-06,0.0,-2.0178032377452104e-05,8.208739942256945e-07,0.0
19,C + [Pt] <=> C.[Pt],0.03255252965713503,0.1551306650258852,0.034767838108347424,0.1573486880772135,0.030800126777160437,0.15337611478214777,0.12253824606984848,-0.11465017363477295,0.007747582123183756,0.0027608528811603303,0.0030798985618287313,0.0,0.07466377591401333,0.09316773819544182,0.0
20,[CH3] + [Pt] <=> C[Pt],-1.1591591224648216e-05,-1.2841636957691e-05,-1.791995891501101e-05,-1.917000455526757e-05,-6.585584155943765e-06,-7.835629948528151e-06,-1.2500458719860158e-06,4.6037490572896565e-06,3.3537031184448196e-06,-2.5156659763190487e-06,-2.477744857643232e-06,0.0,-6.584388585759929e-06,8.345996344530967e-06,0.0
21,[H][H] + [Pt] <=> [H][H].[Pt],-0.0001050104505214992,-0.002168520805830039,-9.722248393516577e-05,-0.002160732999938975,-0.00011117106216871162,-0.002174681290359415,-0.002063512522220327,0.0007714279786133056,-0.0012921004621262568,-0.0005420029559128943,-0.0005581467908262368,0.0,-0.0016780166458058119,3.349617444257251e-05,0.0
22,[OH] + [Pt] <=> O[Pt],-0.00039119802760601723,-0.0016535456424415648,-0.000350579044781104,-0.0016129271723536386,-0.00042332936464175186,-0.0016856765738806109,-0.0012623525531391174,0.0013137725578426594,5.140342025833808e-05,5.478782222164788e-05,5.337105623439571e-05,0.0,-0.0006930352468464881,-5.800116262441059e-05,0.0
23,[CH]=O + [Pt] <=> O=C[Pt],3.1995842109334303e-10,6.782231450060789e-09,-6.561643164433066e-09,-9.937069487873942e-11,5.763596949495294e-09,1.2225856564745415e-08,6.462266035927414e-09,3.2929755421780053e-09,9.755236477276508e-09,1.7157374876740166e-09,1.7738729763728335e-09,0.0,5.272564185140868e-09,5.352864293690584e-08,0.0
24,O=C=O + 2 [Pt] <=> O=C=[Pt] + O=[Pt],-0.04223896125376608,-0.15153170954313225,-0.08899390466784324,-0.19823553160145288,-0.0052538193214822955,-0.11458700676999863,-0.1093389319184511,0.14846093508297584,0.03895967756378643,0.00023322764549271312,-1.846768362166553e-05,0.0,-0.06741228646701725,-0.026342125841362665,0.0
25,O + 2 [Pt] <=> [Pt] + O[Pt],-0.0028433182922209406,-0.022723464722378822,0.0057140877779919795,-0.014167759925376945,-0.009612589196377821,-0.029491389847302985,-0.019880711702064145,0.009838239350759913,-0.010044428263313579,-0.0008331113024441672,-0.0008878121948025084,0.0,-0.011835281983392594,-0.0036445635885742076,0.0
26,CC + 2 [Pt] <=> 2 C[Pt],-0.0004914037829985968,-0.0015648556292278063,-0.0006770185448647484,-0.00175046839858057,-0.00034457463913361577,-0.001418028061510443,-0.001073457121235353,0.001075956501767724,2.4878305914341643e-06,-8.714109821772887e-05,-8.923160489648671e-05,0.0,-0.0007799402465254657,0.00024706801233153773,0.0
27,C=O + 2 [Pt] <=> O=C[Pt] + [Pt],-0.00017295898123680553,-0.00034925195278057093,-0.0006669291594731627,-0.0008432212601594495,0.00021779236651232753,4.149870609830994e-05,-0.0001762932764542883,0.0006254996618827248,0.0004492052827088787,6.5556181618644756e-06,6.039206738279802e-06,0.0,-0.00013221719393157494,0.0010998269023893754,0.0
28,C=O + 2 [Pt] <=> C=[Pt] + O=[Pt],0.0017967341955649008,0.005408464153356453,0.004964102759664853,0.008575947112195198,-0.0007087885864223001,0.0029028508802694994,0.0036116650657638176,-0.006451009299678301,-0.0028395772227686445,-5.112282192549347e-05,-4.272387720676687e-05,0.0,0.0023007645220560397,-0.008057237503847688,0.0
29,CO + 2 [Pt] <=> C[Pt] + O[Pt],0.0005113376024411012,0.002979186280509361,0.00016174296896718138,0.002629583019617223,0.0007878817749895064,0.0032557372776995273,0.002467836059090359,-0.0018227977487634702,0.0006449933266602201,0.00011866889587223125,0.00012569506613058898,0.0,0.0015316870573543733,-0.002535997885311537,0.0
30,CC=O + 2 [Pt] <=> C[Pt] + O=C[Pt],7.935362886347597e-06,-3.518442222543333e-05,5.305098044527641e-06,-3.7814685923300466e-05,1.0016013884648853e-05,-3.310377212991092e-05,-4.3119781690834124e-05,3.538938394209959e-05,-7.730413010624468e-06,-1.6788384579579794e-06,-3.050939931248339e-06,0.0,-2.1817114609778595e-05,-6.542324031219163e-05,0.0
31,C=C + 2 [Pt] <=> 2 C=[Pt],-0.0385421129633401,-0.18391568555023552,-0.05937065156904174,-0.20471393329048912,-0.02206585611598417,-0.16746339006131666,-0.1454296242369538,0.1274451474589862,-0.018169819777029465,-0.015199381853375979,-0.0158668375601659,0.0,-0.10167626883483344,-0.01598589379682277,0.0
32,C.[Pt] + [Pt] <=> C[Pt] + [Pt],4.896900331446991e-06,2.1163633540540196e-05,3.943485868143359e-06,2.021021891606527e-05,5.651091594843233e-06,2.1917824904785457e-05,1.6266732404723054e-05,-1.6935006958481317e-05,-6.682773221707946e-07,-9.071507392182139e-07,-8.93933970982183e-07,0.0,8.669034415172699e-06,3.089144028669994e-05,0.0
33,O=C[Pt] + [Pt] <=> O=C=[Pt] + [Pt],2.7457589335353117e-06,1.1647057407010307e-05,5.285471038179483e-06,1.41867697273461e-05,7.367390395381484e-07,9.638037316815785e-06,8.901298220833385e-06,-9.725917559403455e-06,-8.246202076051459e-07,5.352985280699022e-07,5.664494232532549e-07,0.0,5.90180280058043e-06,2.036222384433202e-05,0.0
34,C[Pt] + [H][H].[Pt] <=> C.[Pt] + [Pt],7.381888882061338e-08,5.590612298258362e-07,-7.058125187143346e-08,4.1466110522026173e-07,1.8804554603308485e-07,6.732878764495555e-07,4.852423441452344e-07,-2.7786054529733646e-07,2.073817945709579e-07,2.8606568781919507e-08,3.0627771590281205e-08,0.0,2.995465136648299e-07,3.041106570875894e-07,0.0
35,C#[Pt] + [H][H].[Pt] <=> C=[Pt] + [Pt],3.834093004673899e-05,0.00018837810128369018,4.1379142649826885e-05,0.00019141631846652079,3.593757511691737e-05,0.00018597474275987863,0.00015003711371774038,-0.00013492394683666285,1.5112964438260472e-05,6.093663495462336e-06,6.545026656763003e-06,0.0,9.396198934967799e-05,0.0001615609164346388,0.0
36,C=[Pt] + [H][H].[Pt] <=> C[Pt] + [Pt],1.7110041462580074e-07,2.5521361856165342e-08,2.0581989752441533e-07,6.024086944338742e-08,1.436358448680595e-07,-1.9431986506726427e-09,-1.455790476437865e-07,-5.035118435731788e-07,-6.490908949909756e-07,-2.7683810105740663e-07,-2.8354755680912255e-07,0.0,-3.306515027639599e-07,1.2257185285369832e-06,0.0
37,C~[Pt] + [H][H].[Pt] <=> C#[Pt] + [Pt],4.2519546613724445e-06,1.8545721800318398e-05,5.5580442646703584e-06,1.985181159099379e-05,3.218782439805734e-06,1.7512549431596324e-05,1.4293766536116555e-05,-1.4760410384186634e-05,-4.666459667829511e-07,1.3232198466236235e-07,1.6574321381150085e-07,0.0,8.628439014268264e-06,2.643920836155962e-06,0.0
38,[H][H].[Pt] + O=[Pt] <=> [Pt] + O[Pt],-2.001663652288686e-08,7.613174871764287e-07,-7.409700087131803e-07,4.036410300347035e-08,5.502880638096036e-07,1.3316221852678075e-06,7.81334118834162e-07,6.738795693985293e-08,8.48722067686777e-07,8.266596569710428e-08,8.553454700312979e-08,0.0,4.82361363516968e-07,1.3299339725086304e-07,0.0
39,[H][H].[Pt] + O[Pt] <=> O.[Pt] + [Pt],-8.077067595846547e-07,-5.060478554647603e-06,4.660309377905951e-07,-3.786740895213155e-06,-1.815287252342443e-06,-6.068059002468209e-06,-4.252771832898483e-06,2.7731900305370464e-06,-1.4795819204888956e-06,-1.0071806169057156e-07,-1.107355717343214e-07,0.0,-2.5033168280214747e-06,-3.2355221173306645e-07,0.0
40,O=C=[Pt] + [H][H].[Pt] <=> O=C[Pt] + [Pt],1.4315885097905777e-06,1.103666878455858e-05,-1.89172111484399e-06,7.713358856735067e-06,4.060467292968246e-06,1.366554782249596e-05,9.605080142931356e-06,-5.0772574273499046e-06,4.527822220128614e-06,5.794588209545318e-07,6.103112822110274e-07,0.0,5.930393083452723e-06,2.1991956066243027e-06,0.0
41,C.[Pt] + O=C=[Pt] <=> C[Pt] + O=C[Pt],1.2401391908322854e-07,3.5593281611854246e-07,3.7974179545999573e-07,6.116606964307016e-07,-7.827765727836264e-08,1.5364122385581732e-07,2.3191888827672195e-07,-4.272280515799641e-07,-1.9530917111916174e-07,1.2206752980825305e-08,1.2808027646851732e-08,0.0,1.668003536734559e-07,1.4798887742741381e-06,0.0
42,O=C[Pt] + C#[Pt] <=> C=[Pt] + O=C=[Pt],-3.7715257823145943e-06,-1.787173639724363e-05,-5.063701178977553e-06,-1.916391160599064e-05,-2.749360262368718e-06,-1.6849571024879075e-05,-1.4100211143661444e-05,1.3348406764392781e-05,-7.518062628916264e-07,-6.754711296800547e-07,-7.215663607148514e-07,0.0,-8.99269961365422e-06,-1.7887124034922412e-05,0.0
43,C=[Pt] + O=C[Pt] <=> C[Pt] + O=C=[Pt],8.450552293318396e-09,-1.9543438453970235e-08,1.2997223061824528e-08,-1.499677723848178e-08,4.853968582541261e-09,-2.3140040184049983e-08,-2.799399831237007e-08,-4.438764084783338e-09,-3.243277532198753e-08,-1.1843478353800956e-08,-1.2804886007869922e-08,0.0,-2.517952534677636e-08,3.7297754969607054e-08,0.0
44,O=C[Pt] + C~[Pt] <=> C#[Pt] + O=C=[Pt],-3.263987160104678e-10,4.472541951059178e-09,-1.963858127752486e-10,4.602546501596695e-09,-4.292316449482241e-10,4.369702841387084e-09,4.798936081631822e-09,-4.5428075458316164e-09,2.56118505706419e-10,-7.803441898438456e-11,1.169090761528798e-10,0.0,2.367803824214083e-09,-1.1153465530000553e-09,0.0
45,O=C[Pt] + O=[Pt] <=> O=C=[Pt] + O[Pt],-9.504390174236299e-09,-1.9302963004423874e-07,1.0706804814397705e-07,-7.645717541778452e-08,-1.0171812976553291e-07,-2.8524336867980833e-07,-1.835252373533381e-07,4.2499794750151023e-08,-1.4102544403889242e-07,-1.409831866448856e-08,-1.494658140779922e-08,0.0,-1.1161860163363473e-07,1.37139720407319e-07,0.0
46,O=C[Pt] + O[Pt] <=> O=C=[Pt] + O.[Pt],2.36020386674586e-10,-3.0075461033193124e-08,9.104813574108588e-09,-2.1206666187366135e-08,-6.779570925249847e-09,-3.7091053656976705e-08,-3.0311484769049696e-08,1.9676921736420555e-08,-1.0634576202110179e-08,-2.6618295918773677e-10,-9.156206547410791e-10,0.0,-1.591003709859357e-08,3.323517857181859e-09,0.0
47,C.[Pt] + O=[Pt] <=> C[Pt] + O[Pt],-0.00010713171482008903,-0.0013273809638072356,0.0006013975745183378,-0.0006188603202856902,-0.0006676084134374607,-0.00188785082320208,-0.001220250556262634,0.00037531393950843806,-0.0008449411965361927,-8.027593842857642e-05,-8.41833533772737e-05,0.0,-0.0007392602613906983,-0.00043257843006954213,0.0
48,C=[Pt] + C.[Pt] <=> 2 C[Pt],2.6819637996918967e-06,9.818037449371e-06,1.3439237282135144e-06,8.479997304162686e-06,3.740410208586731e-06,1.0876483930445574e-05,7.136073457866227e-06,-8.764844905096537e-06,-1.628772075968843e-06,-1.3625184012896605e-06,-1.3788807899377025e-06,0.0,2.890260193989471e-06,1.7701785919403638e-05,0.0
49,C.[Pt] + C#[Pt] <=> C=[Pt] + C[Pt],8.192652713982838e-05,0.0005777868577995698,-3.838429384295516e-05,0.00045747544026564143,0.00017709748588161581,0.0006729582884535219,0.0004958599244240451,-0.00029198109244662313,0.00020387738414951137,3.711993574457566e-05,3.890650503481769e-05,0.0,0.0003164146854015537,0.0023960053483019494,0.0
50,C.[Pt] + C~[Pt] <=> C[Pt] + C#[Pt],4.118604299583983e-09,-3.2273049962636295e-09,5.47723717701531e-09,-1.8686700335552263e-09,3.0438808964338163e-09,-4.302028980791781e-09,-7.345910825995665e-09,5.6956249787444086e-09,-1.6502912798950707e-09,4.553177956036166e-10,-1.2865680064337073e-10,0.0,-2.3293137940073003e-09,5.525877083475067e-10,0.0
51,C.[Pt] + O[Pt] <=> C[Pt] + O.[Pt],-7.26456767175988e-06,-5.541883457178829e-05,1.1128642979022058e-05,-3.70256327717262e-05,-2.181437687347177e-05,-6.996863677113749e-05,-4.815427039972657e-05,2.5379354652107055e-05,-2.2774927974633956e-05,-2.252683815811123e-06,-2.3900768369762318e-06,0.0,-2.9035568138196765e-05,4.042767735571805e-06,0.0
52,C#[Pt] + O[Pt] <=> C=[Pt] + O=[Pt],-0.0005571910516138696,-0.0009938139397532037,-0.002243865654514944,-0.002680481178207416,0.0007770400484004738,0.000340411334658744,-0.0004366253209768753,0.002012330549740028,0.00157569644241052,3.9623891860602375e-05,3.860966500294638e-05,0.0,-0.00033839892224303715,0.010207736867144686,0.0
53,C=[Pt] + O[Pt] <=> C[Pt] + O=[Pt],-5.227364044512876e-07,1.3308511816087694e-05,-1.473332411732963e-05,-9.020778493696096e-07,1.071844078717226e-05,2.45496905661402e-05,1.3831248296165531e-05,2.26024009486447e-06,1.609148868990946e-05,1.3793009836056401e-06,1.429980116145591e-06,0.0,8.396432438485564e-06,-2.1721602529934008e-05,0.0
54,C~[Pt] + O[Pt] <=> C#[Pt] + O=[Pt],3.3990905530335417e-09,1.26197854434175e-09,4.762291295389909e-09,2.6251870335760047e-09,2.320753775120328e-09,1.8363670648434495e-10,-2.137114942000314e-09,9.740638835494402e-10,-1.1630536835825456e-09,4.042142782867221e-10,5.2238103495411984e-11,0.0,1.625215453154686e-10,1.4700814432232974e-09,0.0
55,2 C=[Pt] <=> C[Pt] + C#[Pt],-5.385273649865892e-07,-6.543826232675337e-06,-5.888417143445554e-07,-6.5941405720496695e-06,-4.987265693004542e-07,-6.5040254438185176e-06,-6.005298893544406e-06,2.412196946381962e-06,-3.5931020927830052e-06,-1.5606658620436527e-06,-1.608703679844265e-06,0.0,-4.9295206267632165e-06,8.15553697382082e-07,0.0
56,C[Pt] + C~[Pt] <=> C=[Pt] + C#[Pt],-6.862173968388481e-05,-0.001154960255931685,-5.7399057736291073e-05,-0.0011437376959181234,-7.749935676105054e-05,-0.0011638377765805076,-0.001086339261718728,0.0003461844449143007,-0.0007401585775470912,-0.0003147526031826082,-0.00032405964776460115,0.0,-0.0009192518928112625,0.00021864434262589086,0.0
57,C=[Pt] + C~[Pt] <=> 2 C#[Pt],6.009466319231972e-10,1.1331673308739765e-09,8.471522676046553e-10,1.3793836559687944e-09,4.0620032683257533e-10,9.384136381688872e-10,5.322126552248904e-10,-5.261607548610701e-10,6.03829819692011e-12,1.2081292759214808e-10,8.427279460248325e-11,0.0,5.731061208483097e-10,5.765405141914146e-10,0.0
58,C#[Pt] + O.[Pt] <=> C=[Pt] + O[Pt],-4.679628378697859e-05,-0.00024065090859966406,-2.1823165322246335e-05,-0.0002156778385383327,-6.655107895659188e-05,-0.0002604056654790676,-0.00019385471553123155,0.00016175399139277654,-3.210103771631497e-05,-1.9409570241889698e-06,-2.3753545652495647e-06,0.0,-0.00011406019635126049,5.346137760198736e-06,0.0
59,C=[Pt] + O.[Pt] <=> C[Pt] + O[Pt],-9.890417167558836e-07,5.461878603610946e-07,-5.741069294905391e-06,-4.2058397874151775e-06,2.7700135361455827e-06,4.305243156620375e-06,1.5352295848925132e-06,3.6824567452233884e-06,5.2176863866396424e-06,4.30371321915732e-07,4.3909016964190865e-07,0.0,9.69277792914967e-07,-8.726975848583734e-06,0.0
60,C~[Pt] + O.[Pt] <=> C#[Pt] + O[Pt],-0.002174755495538709,-0.010857875948046025,-0.0012868324751212996,-0.009970030028736252,-0.0028771402389794324,-0.011560199701269352,-0.008683309293260309,0.007513146979579265,-0.001170814703478911,-5.941378044629233e-05,-7.840811018761947e-05,0.0,-0.005101213732983077,-0.0002054907473364796,0.0
61,CO + [Pt] <=> CO.[Pt],-1.2934114368464022e-05,-4.9250211900733374e-05,-2.4018656183651767e-05,-6.033474968403966e-05,-4.165771978264058e-06,-4.048187269992255e-05,-3.631610223503504e-05,4.650910183090204e-05,1.0192982704263716e-05,5.562666171741497e-07,5.298326015586772e-07,0.0,-2.1558213458872156e-05,-5.779468884361905e-05,0.0
62,C.[Pt] + O[Pt] <=> CO.[Pt] + [Pt],9.488358967852536e-05,0.0005602944364631522,2.414677330551356e-05,0.0004895572908801621,0.00015083940959732234,0.0006162505168020638,0.00046541040518668263,-0.0003390254742299538,0.0001263833530932903,2.2629097934517063e-05,2.392908416243552e-05,0.0,0.00028869493770279257,-0.00043285034258566755,0.0
63,CO.[Pt] + [Pt] <=> C[Pt] + O[Pt],7.121055509914477e-08,4.2494782188254214e-07,2.217037075106326e-08,3.759076377525044e-07,1.1000341946935519e-07,4.637406722240339e-07,3.53737266921917e-07,-2.63182422092268e-07,9.055483772759836e-08,1.6702073798021506e-08,1.761597189159868e-08,0.0,2.1870991957250303e-07,-2.630650365285934e-07,0.0
64,CO.[Pt] + [Pt] <=> C[Pt] + O[Pt],3.186376037140425e-07,1.8974988921358222e-06,8.719909990629025e-08,1.6660603859493003e-06,5.017152696651451e-07,2.080576559968633e-06,1.5788612786615778e-06,-1.1600208144293542e-06,4.188404444174112e-07,7.564358681456286e-08,8.014561678774144e-08,0.0,9.774491268892256e-07,-1.3263365384655019e-06,0.0
65,CO.[Pt] + [Pt] <=> C[Pt] + O.[Pt],-7.693596300043562e-09,-2.079676769280706e-08,-6.049501038262513e-09,-1.9152654831316296e-08,-8.994145336508858e-09,-2.2097316795151892e-08,-1.3103171327089439e-08,9.751413819882863e-09,-3.351757495577816e-09,-1.2123419309309205e-09,-6.942019499060795e-10,0.0,-9.917876696543292e-09,-6.118907167130716e-09,0.0
66,CO.[Pt] + [Pt] <=> C[Pt] + O[Pt],3.220146601760403e-07,1.895013508783496e-06,9.165447774633458e-08,1.664653326337416e-06,5.042393282128377e-07,2.0772381768332464e-06,1.5729988435471159e-06,-1.1554328154870826e-06,4.175660049290845e-07,7.605851661610772e-08,8.007093601854087e-08,0.0,9.756517734465356e-07,-1.3144798335264279e-06,0.0
67,CO.[Pt] + [Pt] <=> C[Pt] + O[Pt],7.652364132540888e-08,4.24153896095846e-07,2.9284215643581356e-08,3.7691448202213775e-07,1.1389204205416514e-07,4.615222887102526e-07,3.4763025842710666e-07,-2.5863188409080636e-07,8.899836238239701e-08,1.7469395534482997e-08,1.7702634337128816e-08,0.0,2.1763006443392282e-07,-2.555511646218601e-07,0.0
68,CO + 2 [Pt] <=> OC[Pt] + [Pt],-0.00040615424158218404,-0.0017651247091337728,-0.000617925286234131,-0.0019768928758744056,-0.00023863436942162742,-0.001597607113536902,-0.001358975987091882,0.0014942475061366846,0.00013525121256963526,-8.823066280319932e-06,-9.908114523195049e-06,0.0,-0.0008171698111893549,-0.00019376705917506067,0.0
69,C=O + [Pt] <=> OC[Pt],9.909771753188268e-10,1.3195838473736444e-09,1.3156135849080102e-09,1.6442145277952816e-09,7.341888038065677e-10,1.0627872198034967e-09,3.2859999299586603e-10,-3.256719175789808e-10,2.9259212165598634e-12,1.929630030712834e-10,1.1107699102175415e-10,0.0,6.376442244275459e-10,-2.1051169988919758e-10,0.0
70,OC[Pt] + [Pt] <=> C=[Pt] + O[Pt],3.835616884123536e-09,1.1099890488589946e-09,5.2929112766808195e-09,2.567295239714867e-09,2.682848040775295e-09,-4.2774203042116716e-11,-2.7256260291779302e-09,1.2436502865658823e-09,-1.4819790961875709e-09,3.5889480316532823e-10,-6.010891179558442e-11,0.0,-8.783342431875385e-11,1.4813753673022724e-09,0.0
71,C=[Pt] + O.[Pt] <=> OC[Pt] + [Pt],3.506771998447206e-08,1.2175885755348196e-07,3.680125929774149e-08,1.234924099468265e-07,3.3696429700297215e-08,1.203875718468147e-07,8.669114044240455e-08,-9.472794432411034e-08,-8.03681712983899e-09,-3.2753058360695153e-09,-3.906210302739295e-09,0.0,5.015442537228326e-08,-6.577114656128194e-10,0.0
72,OC[Pt] + [Pt] <=> CO.[Pt] + [Pt],-0.00017344639787868855,-0.0007610913966205071,-0.0002599616014759606,-0.0008476060918095138,-0.00010500920490413694,-0.0006926546058173741,-0.0005876460179950226,0.0006422533302883707,5.460353811472415e-05,-3.6617253246560452e-06,-4.0125675994921696e-06,0.0,-0.0003525816962560739,-1.79992368818951e-05,0.0
73,CO.[Pt] + [Pt] <=> OC[Pt] + [H][H].[Pt],-5.672029137654015e-09,-1.3075320690949598e-08,-9.310527228007586e-09,-1.6713807556619196e-08,-2.793797355584495e-09,-1.0197095651751725e-08,-7.403291920101327e-09,1.0935735506904421e-08,3.5324331307003875e-09,-1.1252135265293327e-10,2.3448658613167657e-10,0.0,-5.346270046387504e-09,-5.98076024004384e-09,0.0
74,CO.[Pt] + O=C=[Pt] <=> OC[Pt] + O=C[Pt],5.1648309228725565e-09,-2.4506314021220854e-09,6.918202720456352e-09,-6.972414083638678e-10,3.777865091084442e-09,-3.837595635289459e-09,-7.615457613338555e-09,5.916909271154596e-09,-1.698554637217247e-09,7.079433610903388e-10,2.2359111476922978e-11,0.0,-1.9464628980847026e-09,8.038499997965145e-10,0.0
75,CO.[Pt] + O=[Pt] <=> OC[Pt] + O[Pt],-1.0749039856315863e-06,-5.3791417918561635e-06,-1.1064381864910296e-06,-5.410675988926377e-06,-1.0499590833977387e-06,-5.354196891551594e-06,-4.3042378504498915e-06,3.831129238538797e-06,-4.7310878172579146e-07,-1.705318020448486e-07,-1.8167658736565566e-07,0.0,-2.6836367502350768e-06,4.680148486683978e-06,0.0
76,C=[Pt] + CO.[Pt] <=> OC[Pt] + C[Pt],4.790694056290142e-09,-7.072919289991006e-09,6.084322822977519e-09,-5.779265087982021e-09,3.767404447986941e-09,-8.09621302614572e-09,-1.1863607369032878e-08,1.0372444738272307e-08,-1.491172799618036e-09,7.68909840532509e-10,-4.76091992509369e-11,0.0,-4.1953284058942104e-09,7.454980587218107e-09,0.0
77,C=[Pt] + CO.[Pt] <=> OC[Pt] + C[Pt],-2.932547592418501e-10,7.136837502944204e-10,-3.1616046595699185e-10,6.907953629354567e-10,-2.7512258630764466e-10,7.318171472851941e-10,1.0069359501288243e-09,-1.0531951571049882e-09,-4.626971492461823e-11,-1.2783401927454772e-10,-6.174657466908102e-11,0.0,3.4232358623417127e-10,-1.873954810141027e-10,0.0
78,C[Pt] + CO.[Pt] <=> OC[Pt] + C.[Pt],5.7928953376064404e-09,-3.174310593125236e-09,7.794405474195114e-09,-1.1727949065593369e-09,4.209641562409687e-09,-4.7575666222600774e-09,-8.967209429598346e-09,7.140095029631338e-09,-1.8271230577331421e-09,8.727885636621075e-10,7.93263842906976e-11,0.0,-2.3287680941461456e-09,1.9574593988964887e-09,0.0
79,CO.[Pt] + C#[Pt] <=> C=[Pt] + OC[Pt],-4.040106957767054e-10,-1.4112602965984561e-09,-3.975632583218657e-09,-4.982880698300744e-09,2.4212935991210113e-09,1.4140428230162142e-09,-1.0072487191952284e-09,1.0142979929459087e-08,9.135730030674203e-09,2.5019660210231114e-09,2.706237898453133e-09,0.0,2.087180702281143e-09,-2.023219537734497e-09,0.0
80,CO.[Pt] + C~[Pt] <=> OC[Pt] + C#[Pt],3.431420547916847e-09,-7.816248960406057e-10,2.115673996024824e-09,-2.0973645148414632e-09,4.47224462598817e-09,2.5918090958950216e-10,-4.213047442780209e-09,9.762638865044305e-09,5.5495832972482435e-09,2.295679660640227e-09,2.009462478317273e-09,0.0,1.1207219948489015e-09,-3.1765427360293507e-09,0.0
81,CO.[Pt] + O[Pt] <=> OC[Pt] + O.[Pt],1.0104979805332605e-09,1.4009089810657304e-10,1.4607205206563334e-09,5.903036166778633e-10,6.543656568449464e-10,-2.1606030062705734e-10,-8.704122526434647e-10,4.881306195440595e-10,-3.822916867950323e-10,1.1967617941499764e-10,1.0611386986432057e-11,0.0,-6.663601637878675e-11,1.0651073039781823e-10,0.0
82,C=[Pt] + CO.[Pt] <=> OC[Pt] + C[Pt],1.0004305572149168e-09,-1.0214752437222085e-08,9.3005204105802e-10,-1.0285103391724757e-08,1.056102946463551e-09,-1.015907413793651e-08,-1.1215176946479935e-08,1.0261875396015783e-08,-9.53305292058176e-10,3.171193076550503e-11,-4.383254813450596e-10,0.0,-5.5730386553562596e-09,-1.193787589049544e-09,0.0
83,C=[Pt] + CO.[Pt] <=> OC[Pt] + C[Pt],-1.5440856964385473e-09,4.0817295030388745e-10,-2.0665290445236094e-09,-1.1425965850414546e-10,-1.1307980764543918e-09,8.214531432292995e-10,1.9522563941760547e-09,-1.4883509762527107e-09,4.6390194033535404e-10,-2.4287962155615323e-10,-2.3679268283109014e-11,0.0,4.01465324519766e-10,-1.281298989076689e-09,0.0
84,C=O + [Pt] <=> C=O.[Pt],-0.0009606509893343396,-0.001989744113934749,-0.003675268191950689,-0.004704333380330227,0.0011867262760384986,0.00015761105270438019,-0.0010291030106910368,0.003507066031026734,0.00247792692901187,3.868087343988561e-05,3.569603743866406e-05,0.0,-0.000759908764865266,0.006555258979528783,0.0
85,O=C[Pt] + [Pt] <=> C=O.[Pt] + [Pt],-5.060389942548514e-05,-0.00013464267698844664,-0.00018447532347410224,-0.00026851398851266014,5.52940711027439e-05,-2.8744795456865824e-05,-8.403882008420035e-05,0.00021081432270578278,0.00012677532544859982,2.6072068359390954e-06,2.349850071561407e-06,0.0,-5.6610685328376956e-05,0.00019522753501476984,0.0
86,C=O.[Pt] + C[Pt] <=> C.[Pt] + O=C[Pt],6.134131007982525e-10,-5.453394857263273e-10,6.234457416593236e-10,-5.352845169750393e-10,6.054768566472089e-10,-5.532795359480792e-10,-1.1587492431295502e-09,1.1395538771913709e-09,-1.9204943671439495e-11,8.421966641887948e-11,-7.971073374059986e-12,0.0,-3.500361442718252e-10,9.337411344280002e-10,0.0
87,C=O.[Pt] + [Pt] <=> C=[Pt] + O=[Pt],9.525747391704263e-08,3.616186745999667e-07,1.515108624170834e-07,4.178720766321446e-07,5.075868490966885e-08,3.171198770244281e-07,2.66361198312826e-07,-3.2294370212148786e-07,-5.658251150666213e-08,-5.624663414310183e-09,-5.512824425022053e-09,0.0,1.567153351727727e-07,6.644151690865969e-08,0.0
88,C=O.[Pt] + C#[Pt] <=> C=[Pt] + O=C[Pt],-6.03091492891162e-09,-4.7447614349058954e-08,-1.0455830923420433e-08,-5.187251867951406e-08,-2.530618828754927e-09,-4.394732747566313e-08,-4.141669932952966e-08,4.491317945986121e-08,3.4964758537890367e-09,-1.0307631265160994e-10,-5.748530902886027e-10,0.0,-2.3941101955208165e-08,-2.4634734300723163e-08,0.0
89,C=O.[Pt] + C=[Pt] <=> C[Pt] + O=C[Pt],3.1936151571078026e-09,2.4226101279370837e-09,4.531875836920563e-09,3.760882146066389e-09,2.1350070257423168e-09,1.36400795188402e-09,-7.709998078448911e-10,-3.3360092943240554e-10,-1.1046069730066563e-09,3.435487027737976e-10,4.976489833951916e-11,0.0,7.624639726690112e-10,-2.5031562724745625e-11,0.0
90,C=O.[Pt] + C~[Pt] <=> O=C[Pt] + C#[Pt],-1.4476240730124323e-09,-3.3711248436129333e-09,-2.7448587040601118e-09,-4.66835572082099e-09,-4.2143092087795996e-10,-2.3449325245955745e-09,-1.923505699225838e-09,5.6003047544430535e-09,3.676792920135069e-09,2.2086348406634293e-10,4.939224648157044e-10,0.0,-1.7355680917437596e-09,2.4926989353644006e-09,0.0
91,C=O.[Pt] + [Pt] <=> O=C[Pt] + [H][H].[Pt],4.363706787294691e-09,3.9705217151041086e-08,-2.0610875344330472e-08,1.4730650150998493e-08,2.4119672580317596e-08,5.94611720425054e-08,3.5341509072436185e-08,-5.210009404696428e-09,3.013149525691001e-08,3.208622181971677e-09,3.107348326540265e-09,0.0,2.2536870692493996e-08,-1.2320944660425584e-08,0.0
92,C=O.[Pt] + O=[Pt] <=> O=C[Pt] + O[Pt],-3.6959565898398965e-07,-9.158037694786965e-07,-1.2358436820550717e-06,-1.7820517885709306e-06,3.156432556695482e-07,-2.305648707606684e-07,-5.462081206096921e-07,1.2956211072743482e-06,7.49412974078489e-07,-3.47597532310648e-09,-3.946550284133385e-09,0.0,-3.870622193977559e-07,5.0370439067850725e-06,0.0
93,C=O.[Pt] + O[Pt] <=> O=C[Pt] + O.[Pt],-5.266761798966651e-09,9.854638060975964e-10,-6.814319346000166e-09,-5.621021679285647e-10,-4.0425653985113245e-09,2.2096402283522225e-09,6.252217548678153e-09,-4.8798236423060645e-09,1.37238613532613e-09,-7.785722000382876e-10,-5.431024835575462e-11,0.0,1.1860240782337543e-09,1.1558109437547453e-09,0.0
94,C=O.[Pt] + O=C=[Pt] <=> 2 O=C[Pt],6.824242166430172e-09,-7.960300900031879e-10,9.258553208574558e-09,1.6382939752007083e-09,4.8986117427532155e-09,-2.7216697473076285e-09,-7.620269445129386e-09,5.486558512612538e-09,-2.1337137044252186e-09,9.366804979719443e-10,9.454996467595681e-11,0.0,-1.3161553051237928e-09,8.944875932334343e-11,0.0
95,C=O.[Pt] + OC[Pt] <=> CO.[Pt] + O=C[Pt],4.281053955852745e-09,-1.7123768161535718e-09,5.748746867957053e-09,-2.4468697986270244e-10,3.120059442805232e-09,-2.873381684174534e-09,-5.993437234967248e-09,4.612964078090633e-09,-1.3804754469248543e-09,5.93549717322099e-10,1.2984327068437336e-11,0.0,-1.4391439271644943e-09,-2.594960684578511e-10,0.0
96,C=O.[Pt] + [Pt] <=> OC[Pt] + [Pt],-2.8738976515964724e-05,-7.387221624728076e-05,-9.167283705542554e-05,-0.0001368060483698414,2.104437460018067e-05,-2.4088887610107864e-05,-4.51332527053557e-05,0.00010233696836867391,5.720366946367817e-05,1.1196720964852288e-06,1.0132669887179856e-06,0.0,-2.9955784312154733e-05,4.804560214436562e-05,0.0
97,C=O.[Pt] + [H][H].[Pt] <=> OC[Pt] + [Pt],-2.8656170773928604e-09,1.434330268884396e-09,-3.839239176700318e-09,4.6071708385344684e-10,-2.095427942139911e-09,2.204513420731366e-09,4.299949124922621e-09,-3.2715049958904344e-09,1.0284326221186689e-09,-3.916933314531094e-10,1.8214821756237705e-11,0.0,1.1584237919229047e-09,-1.3731034011806373e-10,0.0
98,C=O.[Pt] + O=C[Pt] <=> OC[Pt] + O=C=[Pt],3.512788176381984e-09,-1.4106104382242042e-09,4.768531410942366e-09,-1.5486273813201747e-10,2.5194548416838768e-09,-2.4039462371826737e-09,-4.923394110901672e-09,3.706925556669323e-09,-1.2164804312868864e-09,4.656989811625932e-10,2.6637087962791652e-11,0.0,-1.199812094725598e-09,-1.00967240957105e-09,0.0
99,C=O.[Pt] + O[Pt] <=> OC[Pt] + O=[Pt],-1.237010721186069e-07,-3.205772403217348e-07,-3.947601369845127e-07,-5.916363015373316e-07,9.07181625091142e-08,-1.0615802030147054e-07,-1.9687616989933744e-07,4.429452592131964e-07,2.460690850621187e-07,4.7716676424384595e-09,4.238405203374386e-09,0.0,-1.3033285692540323e-07,2.1158578949536724e-07,0.0
100,C=O.[Pt] + C[Pt] <=> C=[Pt] + OC[Pt],3.538529364004177e-08,3.190807247955619e-07,-7.67128767102309e-08,2.0698255373913563e-07,1.240597104165034e-07,4.077551431987855e-07,2.8369542536317285e-07,-1.1869628819048874e-07,1.6499913729703733e-07,2.588955675279547e-08,2.680093780436955e-08,0.0,1.8276637957780396e-07,4.133428709412958e-08,0.0
101,C=O.[Pt] + C.[Pt] <=> OC[Pt] + C[Pt],-4.183821210640543e-09,2.0705570900953723e-09,-5.599016426903023e-09,6.55377145934785e-10,-3.0643290239557056e-09,3.1900521203016915e-09,6.254382872984027e-09,-4.847022154204585e-09,1.4073537624142326e-09,-6.00286621960211e-10,1.798086991716676e-11,0.0,1.630914985037858e-09,1.6888709510144337e-09,0.0
102,C=O.[Pt] + C=[Pt] <=> OC[Pt] + C#[Pt],7.069473174438562e-10,-3.7946468298039115e-09,8.801957810482352e-10,-3.6213813151102317e-09,5.699260158023984e-10,-3.931679483250578e-09,-4.501600965696882e-09,3.90149741849485e-09,-6.001150471670649e-10,2.2935566162505486e-11,-1.5519362353227481e-10,0.0,-2.1304850179296686e-09,-2.179529208223234e-10,0.0
103,C=O.[Pt] + C#[Pt] <=> OC[Pt] + C~[Pt],-1.0224876391039193e-07,-2.707216376581594e-07,-3.054438596346681e-07,-4.7391672814948653e-07,5.848718194788572e-08,-1.099856948712018e-07,-1.6847287717483925e-07,3.482491103589891e-07,1.7977622988900276e-07,8.880343627438896e-10,1.2384574818133325e-09,0.0,-1.1368356628823508e-07,1.0538822882469017e-07,0.0
104,C=O.[Pt] + O.[Pt] <=> OC[Pt] + O[Pt],2.7748960272631624e-09,-7.039513474990775e-10,3.7319285885210214e-09,2.5309486520410817e-10,2.017842707821398e-09,-1.4610154658127078e-09,-3.4788461185556996e-09,2.693904942093791e-09,-7.849500800974912e-10,4.1207121421702644e-10,4.902962113101048e-11,0.0,-6.821248264434494e-10,7.146874412782913e-10,0.0
105,2 C=O.[Pt] <=> OC[Pt] + O=C[Pt],-1.1568254794595964e-09,-1.0869500222099238e-09,-1.61610909757399e-09,-1.5462276307123151e-09,-7.935126709573143e-10,-7.236281113286373e-10,6.987982718234683e-11,1.90931664396993e-10,2.608085853035517e-10,-1.9754342954980126e-10,-6.081076731279725e-11,0.0,-4.3119990362090976e-10,-1.3759654092318396e-10,0.0
106,C=O.[Pt] + CO.[Pt] <=> 2 OC[Pt],1.0139394685044957e-09,-1.6400104443351003e-09,1.2856577970357236e-09,-1.368278240747021e-09,7.989987539509918e-10,-1.854962134646663e-09,-2.6539537946534986e-09,2.396864831925424e-09,-2.5709381277860566e-10,1.7922172363572984e-10,9.274519334598096e-12,0.0,-9.266832508858502e-10,1.6951893841736263e-10,0.0
107,C.[Pt] + C~[Pt] <=> CC#[Pt] + [Pt],3.2750116312397526e-07,-9.12679296833749e-07,3.656414509139268e-06,2.4162340218413997e-06,-2.305810375601452e-06,-3.5459907990075617e-06,-1.2401804499456025e-06,-1.9491315085192838e-06,-3.18931194167978e-06,-1.1140284259727212e-07,-1.0075859529206715e-07,0.0,-6.545935651017041e-07,-7.529398014210196e-06,0.0
108,CC#[Pt] + [Pt] <=> C[Pt] + C~[Pt],-2.842012182718787e-10,1.0335069073369282e-09,-3.247769985721719e-11,1.2852328565728446e-09,-4.833251905502199e-10,8.34381012175945e-10,1.3177081063396607e-09,-1.5299154123457887e-09,-2.122153447069595e-10,-1.0349423477556229e-10,-1.455514655934224e-11,0.0,5.310629782122307e-10,9.17797548038149e-09,0.0
109,CO.[Pt] + C~[Pt] <=> CC#[Pt] + O[Pt],1.8324424043354443e-09,-1.885517654436381e-09,2.421682149632223e-09,-1.2962682060834396e-09,1.366354367231877e-09,-2.3516112307395005e-09,-3.7179580698215814e-09,3.1209993785725055e-09,-5.969596419335199e-10,2.831840311901188e-10,-3.659675196895465e-12,0.0,-1.1755587675631643e-09,2.0914674220323962e-11,0.0
110,OCO + 2 [Pt] <=> OC[Pt] + O[Pt],-8.949826517746168e-08,-2.4643712648919812e-08,-5.044474978807872e-07,-4.3959293755742105e-07,2.387441781554849e-07,3.035987255861549e-07,6.485455456285378e-08,3.4839196494316636e-07,4.132465133338806e-07,1.954765538935825e-08,1.8932936926265962e-08,0.0,2.834654906097412e-08,-1.7246386104335285e-06,0.0
111,CO.[Pt] + O[Pt] <=> [Pt] + OCO.[Pt],9.210906934465239e-10,-2.315507278733008e-09,1.1946426401436717e-09,-2.0419425372993635e-09,7.047122972787662e-10,-2.5318947279150696e-09,-3.2365944470463006e-09,2.9988343528709076e-09,-2.3775978434761205e-10,2.0511617843581803e-10,2.384637673958826e-11,0.0,-1.2268545545117116e-09,1.318284939276841e-10,0.0
112,OCO.[Pt] + [Pt] <=> OC[Pt] + O[Pt],6.324177113770669e-07,1.5154197051332685e-06,2.0754575505842073e-06,2.9584595809778975e-06,-5.090879385931078e-07,3.7391405603009046e-07,8.83001989488893e-07,-2.2173141719847937e-06,-1.3343122125841172e-06,-3.296108327711368e-08,-3.194821248084326e-08,0.0,5.935656091826962e-07,-1.1071262494444992e-06,0.0
113,OCO.[Pt] + [Pt] <=> OC[Pt] + O[Pt],1.8223071508599913e-06,4.438084711627862e-06,6.036363978414345e-06,8.652141662374712e-06,-1.5111904110444719e-06,1.1045870522729145e-06,2.615777515177289e-06,-6.51357761891469e-06,-3.897800285186264e-06,-1.0083059976010946e-07,-9.416539798506113e-08,0.0,1.7420017839668022e-06,-3.2379994054534456e-06,0.0
114,[Pt] + OCO.[Pt] <=> OC[Pt] + O.[Pt],-6.3831319447228895e-09,-1.5213880818064895e-08,-1.4234899866736698e-08,-2.3065632119923154e-08,-1.7203793592994068e-10,-9.002785032118047e-09,-8.830745880010371e-09,1.5222882059518933e-08,6.3921338656089915e-09,-3.8903534674477235e-10,-1.8281665138829402e-10,0.0,-6.610693004673825e-09,9.010371885813778e-09,0.0
115,C[Pt] + OCO.[Pt] <=> OC[Pt] + CO.[Pt],8.289344999927218e-09,1.6361051049622154e-08,6.074833320829093e-09,1.4146547349759917e-08,1.0041130387460773e-08,1.8112831193406494e-08,8.071703474165696e-09,-3.881985960277909e-09,4.1897040408478005e-09,1.6100199071990277e-09,9.137824617198075e-10,0.0,7.894239711427727e-09,-1.700748284426923e-08,0.0
116,C=[Pt] + OCO.[Pt] <=> 2 OC[Pt],-3.8653050728878425e-09,1.7672279575041131e-09,-5.137603530275501e-09,4.949441837640862e-10,-2.8588502791015995e-09,2.7736722040672866e-09,5.632537821075428e-09,-4.518994036108226e-09,1.113542506918013e-09,-6.24375653184825e-10,-3.8017173849028234e-11,0.0,1.365716979180226e-09,-2.644495439310857e-10,0.0
117,OCO + [Pt] <=> OCO.[Pt],-3.1493045000746764e-06,-8.468671815058051e-06,-9.85885253488024e-06,-1.5178219474215028e-05,2.1582323772781592e-06,-3.161135234859171e-06,-5.319367483988779e-06,1.1220801313383902e-05,5.901433226395402e-06,3.6539416086818575e-08,2.1259387435678715e-08,0.0,-3.567822351133824e-06,-1.3274598480055182e-05,0.0
118,OCO.[Pt] + [Pt] <=> OC[Pt] + O[Pt],6.296116563176327e-07,1.5162613490920167e-06,2.071641930083212e-06,2.9582916509846306e-06,-5.110954101743374e-07,3.755542603503705e-07,8.86649682784989e-07,-2.2199957267297937e-06,-1.333346070529859e-06,-3.3341392409910325e-08,-3.192503453792958e-08,0.0,5.943884033066818e-07,-1.1052516341709617e-06,0.0
119,OCO.[Pt] + [Pt] <=> OC[Pt] + O[Pt],1.831816139204878e-06,4.4331601312862375e-06,6.049055645973431e-06,8.650399758729105e-06,-1.504199044066678e-06,1.0971448536243482e-06,2.6013439445375116e-06,-6.502145214870637e-06,-3.9008014484748926e-06,-9.943499061938295e-08,-9.41333800047997e-08,0.0,1.7382523651074527e-06,-3.2389452330680283e-06,0.0
120,[CH]C + 2 [Pt] <=> C[Pt] + C#[Pt],-0.0002107590428070954,-0.000972742032886657,-0.00032610692510688937,-0.0010880890362520283,-0.00011951397891595443,-0.000881497664282686,-0.0007619845960384715,0.000675619606087088,-8.637013807339446e-05,-7.925271162485401e-05,-8.277160821945336e-05,0.0,-0.0005348369040885446,-1.879564290882767e-05,0.0
121,[CH]C + 2 [Pt] <=> CC#[Pt] + [Pt],-0.00021077133377436395,-0.0009728112027289151,-0.000326129282519446,-0.001088168272391199,-0.00011951830689833741,-0.0008815588712435733,-0.000762041475126196,0.0006756826776699991,-8.636394645118869e-05,-7.925268103295454e-05,-8.277239070480081e-05,0.0,-0.00053486962206942,-1.860681422224331e-05,0.0
122,CC=O + 2 [Pt] <=> CC=[Pt] + O=[Pt],9.65415953241473e-06,0.00015461609914062407,4.8173425178781344e-05,0.00019313542062773776,-2.0816212193743003e-05,0.00012414568323034872,0.00014496192560928348,-0.00015242163028376948,-7.4599256357067984e-06,5.940200050881826e-06,8.672738136969744e-06,0.0,8.36000308858314e-05,0.0005113753604087157,0.0
123,C.[Pt] + C#[Pt] <=> CC=[Pt] + [Pt],8.010653446816922e-07,-2.746721700391279e-06,9.682089525266508e-06,6.134302182280111e-06,-6.224201188443284e-06,-9.771987982929706e-06,-3.5477870130007017e-06,-4.97501313718995e-06,-8.522799979260396e-06,-3.018467114066805e-07,-2.7387204402235686e-07,0.0,-1.8940396709696822e-06,-1.0292995104000312e-05,0.0
124,CC=[Pt] + [Pt] <=> C[Pt] + C#[Pt],-4.052444906344428e-09,1.5368067453765358e-09,-4.603588667466414e-09,9.856669084296748e-10,-3.6164412551189596e-09,1.972809428742291e-09,5.589243364537423e-09,-5.021314807082788e-09,5.679155710338448e-10,-6.163515484049397e-10,-2.740578686259618e-11,0.0,1.31353594579025e-09,-1.3187252482077951e-09,0.0
125,CO.[Pt] + C#[Pt] <=> CC=[Pt] + O[Pt],3.5740066781773586e-09,1.3234520519822863e-09,5.228877344807033e-09,2.978335734342842e-09,2.26495941590957e-09,1.4396630048836822e-11,-2.2505538764691607e-09,4.1720633655466064e-10,-1.8333478116938627e-09,6.049339159785612e-10,-1.308960539601926e-10,0.0,3.1587533296353727e-10,1.100690870233245e-08,0.0
126,CC=[Pt] + [Pt] <=> CC#[Pt] + [Pt],2.7076370714767816e-10,1.920022039545466e-10,2.2820878548253185e-09,2.2033213865709703e-09,-1.3202661548560869e-09,-1.399050374784413e-09,-7.876968641590755e-11,-1.7363079880028821e-09,-1.8150894895924866e-09,-5.14545719010145e-11,-1.4588568250638086e-11,0.0,8.100611272252875e-12,1.5728385399847313e-08,0.0
127,CC#[Pt] + C.[Pt] <=> CC=[Pt] + C[Pt],1.2791282507394344e-08,-4.2096216310916345e-08,1.0092465438258328e-07,4.603716598973374e-08,-5.69259373596197e-08,-1.1181344335674749e-07,-5.48874946054386e-08,-3.186192005247158e-08,-8.674941901594316e-08,-2.7281454745061282e-09,-3.46962274934162e-09,0.0,-2.7587213767509063e-08,1.7410915902256004e-07,0.0
128,CC=[Pt] + C#[Pt] <=> CC#[Pt] + C=[Pt],1.108075460023941e-06,4.987218998912178e-06,1.6752526217903316e-06,5.554396212042552e-06,6.594142982512937e-07,4.5385578114328444e-06,3.879143499926684e-06,-3.924696489366467e-06,-4.55531510815823e-08,1.566722506482165e-07,1.6911347387261992e-07,0.0,2.4619923114692186e-06,4.603284571178828e-06,0.0
129,CC=[Pt] + C=[Pt] <=> CC#[Pt] + C[Pt],-6.427014486364407e-10,-2.6865330865391862e-08,1.8342059859630974e-10,-2.6039203385905866e-08,-1.2961862148162386e-09,-2.7518832716786477e-08,-2.622263070479084e-08,6.12477116286466e-09,-2.009786598152847e-08,-8.391742513883713e-09,-8.676287771248047e-09,0.0,-2.27820718301062e-08,2.058994638374525e-09,0.0
130,CC=[Pt] + C~[Pt] <=> CC#[Pt] + C#[Pt],-2.661027043517812e-09,-9.628889640015626e-10,-3.6777236469474776e-09,-1.9795665379228096e-09,-1.8567769378788127e-09,-1.5864005527346753e-10,1.6981315277227792e-09,-8.58610058197903e-10,8.395099051356957e-10,-3.6531408698923646e-10,-5.2572320408370474e-11,0.0,-1.278877941275132e-10,-1.0140754988805919e-09,0.0
131,CC=[Pt] + C~[Pt] <=> CC#[Pt] + C#[Pt],-3.925880973194812e-09,-5.2090790541814535e-09,-5.45339217587574e-09,-6.736572899812246e-09,-2.717542080779601e-09,-4.000738967527193e-09,-1.2831952428199234e-09,1.6034871116468485e-09,3.2028797395587407e-10,-8.745438365827074e-10,-5.849130193686533e-10,0.0,-2.5506860376824146e-09,-1.0239824498270611e-09,0.0
132,CC#[Pt] + [H][H].[Pt] <=> CC=[Pt] + [Pt],8.557976126935376e-07,3.911832556613691e-06,9.607683955530951e-07,4.016803356960866e-06,7.727612870901756e-07,3.828796232101284e-06,3.056034922069344e-06,-2.9456472032122123e-06,1.1038762098400693e-07,5.398599307333377e-08,6.093897292060813e-08,0.0,1.857735217213479e-06,-8.71394754762573e-07,0.0
133,CC#[Pt] + O[Pt] <=> CC=[Pt] + O=[Pt],-2.0740285767016014e-07,-1.5100599363003527e-06,2.1519122546380322e-07,-1.0874658706607234e-06,-5.416926761418799e-07,-1.8443497675776221e-06,-1.3026570814444838e-06,7.549544436392832e-07,-5.477026475033004e-07,-5.9410304621421194e-08,-6.415738152732449e-08,0.0,-7.874666185007919e-07,-5.970952358606836e-07,0.0
134,CC#[Pt] + O.[Pt] <=> CC=[Pt] + O[Pt],-7.295494110752244e-07,-3.7745740507584764e-06,-3.8084553610596465e-07,-3.4258701823516374e-06,-1.0053889302902386e-06,-4.050413562646009e-06,-3.0450246569796763e-06,2.5433514594889467e-06,-5.01673288400972e-07,-4.635856325661909e-08,-5.3929458315975364e-08,0.0,-1.8077604241088241e-06,-1.3339104024640775e-07,0.0
135,CC#[Pt] + O=C[Pt] <=> CC=[Pt] + O=C=[Pt],5.6467391990770125e-08,1.7685306140881194e-07,2.3496658813430563e-07,3.553522498669691e-07,-8.473301220795117e-08,3.56526377134062e-08,1.2038566775905448e-07,-2.480116544228441e-07,-1.2762598702914165e-07,1.078015073538649e-08,1.1922971128800706e-08,0.0,8.92824757300642e-08,4.000580085738592e-06,0.0
136,CC#[Pt] + CO.[Pt] <=> CC=[Pt] + OC[Pt],2.9603365367837444e-09,-1.3967158472699628e-09,3.5891495715280186e-09,-7.679026780872654e-10,2.4629443504273235e-09,-1.894106003643741e-09,-4.357053538700311e-09,4.425301972838542e-09,6.824280955094034e-11,7.077260415858836e-10,3.1892648919063906e-10,0.0,-7.785924352320297e-10,1.9648786043830669e-10,0.0
137,CC=[Pt] + C=O.[Pt] <=> CC#[Pt] + OC[Pt],7.055393061825956e-09,-3.88251696569382e-09,9.435184044134517e-09,-1.5027168240705403e-09,5.172890316292602e-09,-5.765025888468766e-09,-1.0937907169112762e-08,8.515533700191706e-09,-2.4223759122903356e-09,9.466771951768846e-10,-2.448138887420939e-11,0.0,-2.966642725181735e-09,3.1195887758104265e-09,0.0
138,CC#[Pt] + C=O.[Pt] <=> CC=[Pt] + O=C[Pt],-1.54737010404595e-09,-8.317104093133003e-10,-2.191573847109759e-09,-1.4759166895448095e-09,-1.037764850862307e-09,-3.221159371947157e-10,7.156517126708547e-10,1.5893763827056953e-10,8.745779314812293e-10,-1.2509245014142024e-10,9.204333782876813e-11,0.0,-1.72720069387272e-10,1.180688398353657e-10,0.0
139,CC=[Pt] + C~[Pt] <=> CC#[Pt] + C#[Pt],9.18807316157725e-09,-6.903491928132493e-09,1.2157086882690771e-08,-3.934469945510829e-09,6.839470255651679e-09,-9.252100301096605e-09,-1.6091571490364663e-08,1.3020086080319821e-08,-3.0714857970837164e-09,1.3039003098464035e-09,-3.2636281550396546e-11,0.0,-4.760600702069054e-09,1.0969196242396226e-09,0.0
140,CC=[Pt] + C~[Pt] <=> CC#[Pt] + C#[Pt],1.9396283326013834e-09,-2.8120609679351445e-09,2.540309009538773e-09,-2.2113614269286896e-09,1.4644772455780031e-09,-3.2872259090721364e-09,-4.751695923025336e-09,3.908115959274002e-09,-8.43583246437181e-10,2.1093365440123486e-10,-8.012850488179797e-11,0.0,-1.7616646717705383e-09,1.0969196242396226e-09,0.0
141,OC=[Pt] + [Pt] <=> O=C[Pt] + [Pt],7.59772015797355e-09,1.294056791520295e-08,2.312108307107475e-09,7.654976725510676e-09,1.1778888736942948e-08,1.7121722286637293e-08,5.342841488108432e-09,2.4028744669528948e-09,7.745702311542344e-09,2.1592698793821767e-09,1.431818676805467e-09,0.0,6.892055853085219e-09,1.0972058250447427e-09,0.0
142,OC=[Pt] + [Pt] <=> C#[Pt] + O[Pt],1.4317693606974677e-05,5.8848841411627794e-05,2.0920883201847662e-05,6.545203395032477e-05,9.094290763573393e-06,5.3625436225680736e-05,4.453114142071574e-05,-4.9729941605912264e-05,-5.198822341475434e-06,-2.667634530179066e-07,-1.767657043117175e-07,0.0,2.6438611190647297e-05,3.9889443718519645e-06,0.0
143,C#[Pt] + O.[Pt] <=> OC=[Pt] + [Pt],0.0001499432596501049,0.0006379654602739509,0.00014759856665106792,0.0006356207558374087,0.00015179801121690322,0.000639820220876581,0.0004880214688660967,-0.0005109371373228256,-2.291816194416681e-05,-1.7435759858030286e-05,-1.679625252406688e-05,0.0,0.0002717125458919304,3.9681961784384346e-07,0.0
144,CO.[Pt] + C#[Pt] <=> OC=[Pt] + C[Pt],-7.632583430724478e-08,-1.7824905003361547e-07,-1.8587361065252398e-07,-2.8779683547225896e-07,1.0331112713718658e-08,-9.159210860748777e-08,-1.0192322253829094e-07,3.710502613218824e-07,2.6912703669323566e-07,7.233812371802893e-08,7.870322014564085e-08,0.0,5.714908492592916e-09,-1.5234854126864035e-07,0.0
145,OC[Pt] + [Pt] <=> OC=[Pt] + [Pt],1.8985789495220778e-08,7.524122148361425e-09,8.272105719058647e-08,7.125938566687188e-08,-3.1431483072459894e-08,-4.2893158835157396e-08,-1.1461675059544743e-08,-5.466652589365159e-08,-6.61282147336802e-08,-3.725742301265368e-09,-4.119240163059037e-09,0.0,-4.632276348052617e-09,8.284412535903059e-09,0.0
146,OC=[Pt] + [H][H].[Pt] <=> OC[Pt] + [Pt],3.5205993544743728e-09,-3.5604502499783e-10,4.8041291685758116e-09,9.274948517238237e-10,2.5052728695626917e-09,-1.3713794698686023e-09,-3.876640252703719e-09,2.6801780885178285e-09,-1.196472293555999e-09,4.4174368501764396e-10,-1.3702893431298089e-12,0.0,-6.781715341159727e-10,-2.7849539882852433e-10,0.0
147,OC=[Pt] + O=C[Pt] <=> OC[Pt] + O=C=[Pt],7.060333953270136e-10,-3.0533440986037884e-09,7.941274515112395e-10,-2.965250962780279e-09,6.363728391943536e-10,-3.1230156465997927e-09,-3.759375911961161e-09,3.5236052141683554e-09,-2.3578048470111563e-10,1.3615902798367872e-10,-3.490895655851428e-11,0.0,-1.6264887528307139e-09,-1.1254296275189062e-10,0.0
148,OC[Pt] + O=[Pt] <=> OC=[Pt] + O[Pt],2.4827993787037488e-08,1.2772239123453292e-08,1.1278670989524208e-07,1.007309681119843e-07,-4.4751065965569e-08,-5.680681589363593e-08,-1.2055755842020246e-08,-7.907218322347171e-08,-9.11279453745165e-08,-5.365986336468631e-09,-5.698331522559663e-09,0.0,-5.011950058116936e-09,2.75413236311845e-08,0.0
149,OC=[Pt] + C[Pt] <=> C=[Pt] + OC[Pt],-1.6196699115080405e-09,-1.311655575207772e-08,8.507670081163895e-09,-2.9892134360032853e-09,-9.630799513292631e-09,-2.1127685055443032e-08,-1.149688563867415e-08,1.9531446210094784e-09,-9.543752612873688e-09,-2.0262536257706195e-10,-1.3071223465806544e-10,0.0,-6.462614315683586e-09,-8.210374589163112e-09,0.0
150,OC=[Pt] + C.[Pt] <=> OC[Pt] + C[Pt],5.511664366214301e-09,-1.9624639805114845e-09,1.0452048055443037e-08,2.9779153400757713e-09,1.6036370477626174e-09,-5.870499563090273e-09,-7.47413411364184e-09,2.465591759376144e-09,-5.008546041703777e-09,4.340539179369205e-10,-2.0875188383387282e-10,0.0,-2.0405658074749454e-09,4.5076626806435065e-10,0.0
151,OC=[Pt] + C=[Pt] <=> OC[Pt] + C#[Pt],7.506699227149263e-09,-3.1685856503044463e-09,1.0098834882630524e-08,-5.764481222923383e-10,5.456210056910147e-09,-5.219090158031643e-09,-1.067528941954867e-08,8.211729441347046e-09,-2.4635682933391586e-09,1.046125943792588e-09,2.2843726000712788e-11,0.0,-2.616691467554978e-09,-6.640298987720119e-10,0.0
152,OC=[Pt] + C=[Pt] <=> OC[Pt] + C#[Pt],-4.1811936845546213e-10,2.5558001490218395e-10,-5.089089056770519e-10,1.6479455269155303e-10,-3.462882083584973e-10,3.274090196573294e-10,6.737045690342832e-10,-5.966879254037198e-10,7.700623044955836e-11,-9.055536581799724e-11,1.1062579818926018e-11,0.0,1.8005670085390822e-10,-3.8993758925302945e-10,0.0
153,OC[Pt] + C~[Pt] <=> OC=[Pt] + C#[Pt],4.524628480024357e-09,-7.208275505656601e-09,8.226460728741648e-09,-3.506438515922097e-09,1.5963222704377139e-09,-1.0136585465588809e-08,-1.1732905988014424e-08,7.616907944443046e-09,-4.116010985893465e-09,4.3846717556585747e-10,-2.668387833060584e-10,0.0,-4.522808955904972e-09,-2.2527305679943676e-09,0.0
154,OC=[Pt] + O.[Pt] <=> OC[Pt] + O[Pt],5.964112934183661e-09,-6.539989004649202e-09,1.9580900623920803e-08,7.076811993294467e-09,-4.807317694986632e-09,-1.7311414168608974e-08,-1.2504098269130947e-08,-2.1675985793355793e-09,-1.467170205716502e-08,-4.620881340116448e-10,-1.055958336492349e-09,0.0,-5.409316570346251e-09,9.422346937061064e-09,0.0
155,OC=[Pt] + C=O.[Pt] <=> OC[Pt] + O=C[Pt],-4.804345767910477e-09,1.9544181149255094e-09,-6.461073840982718e-09,2.976916903691479e-10,-3.4937908542043635e-09,3.264972792750258e-09,6.758759081298959e-09,-5.0661355652392095e-09,1.692616738277758e-09,-6.444860657894125e-10,3.0029389629320323e-11,0.0,1.7027412134294055e-09,-1.1618651915553654e-09,0.0
156,OC=[Pt] + CO.[Pt] <=> 2 OC[Pt],2.180218329860182e-09,-2.404816386737331e-09,2.8247839146594555e-09,-1.7602433455066812e-09,1.6703524206717455e-09,-2.914687126114459e-09,-4.585038128949895e-09,3.907361445625179e-09,-6.776806449080244e-10,3.2678166716082893e-10,-1.3318543981395826e-11,0.0,-1.494756806347955e-09,4.553344732230003e-09,0.0
157,C=O.[Pt] + OC[Pt] <=> OC=[Pt] + OC[Pt],-2.40585713248876e-09,2.381421485264265e-10,-2.9386256082356245e-09,-2.9462631550509377e-10,-1.984401898897233e-09,6.595845847783738e-10,2.643993302846478e-09,-2.3510380555705717e-09,2.9295069043252553e-10,-4.517236653376263e-10,-1.1878069086544733e-10,0.0,3.4610710527151096e-10,-3.4095322068437596e-10,0.0
158,CC=[Pt] + OC=[Pt] <=> CC#[Pt] + OC[Pt],1.5940658122033736e-09,3.365338009518405e-11,2.091279347401359e-09,5.308878935985958e-10,1.200761619714089e-09,-3.596524827214712e-10,-1.5604169018691888e-09,1.2094324307376636e-09,-3.5099580397869106e-10,2.3988729914865434e-10,5.4544200194825566e-11,0.0,-1.5188646135474142e-10,1.2374332118303779e-08,0.0
159,C#[Pt] + OCO.[Pt] <=> OC=[Pt] + OC[Pt],1.116865662903964e-08,1.0647434331926327e-08,1.2801079740586292e-08,1.2279874188973275e-08,9.877353546201965e-09,9.356132927089545e-09,-5.21217619582841e-10,1.2279643449192907e-09,7.067390585587611e-10,2.1232951429523575e-09,9.788043621358816e-10,0.0,4.702441223533538e-09,2.062710845751778e-08,0.0
160,OC=[Pt] + C=[Pt] <=> OC[Pt] + C#[Pt],2.008201051430725e-09,-2.644552235562518e-09,2.6588388728305186e-09,-1.9938949758587884e-09,1.4935317457216755e-09,-3.1592219933924883e-09,-4.652752631826368e-09,3.80848044638464e-09,-8.442860412391979e-10,2.319467787935595e-10,-1.0135127885466208e-10,0.0,-1.6801613658411797e-09,-2.9921633711922845e-09,0.0
161,OC=[Pt] + C=[Pt] <=> OC[Pt] + C#[Pt],-1.8680282467600006e-09,7.135754405653783e-10,-2.4784251692931645e-09,1.031717597101666e-10,-1.3851784095784817e-09,1.1964167676292737e-09,2.5815958740988738e-09,-1.9088930573600642e-09,6.726893675385987e-10,-2.301747889880015e-10,7.202374474255459e-11,0.0,6.789961472394955e-10,2.826343027794937e-10,0.0
162,O=C=O + [Pt] <=> O=C(O)[Pt],-1.5229798075527148e-09,6.816240704979968e-10,-2.012566594487078e-09,1.9203259791214881e-10,-1.1356831200524918e-09,1.0689116764748979e-09,2.2046008828667224e-09,-1.7565474857055306e-09,4.480532004123214e-10,-2.4672450509651493e-10,-1.3017748759733184e-11,0.0,5.383268496973797e-10,-2.860356892711148e-09,0.0
163,O=C=O.[Pt] + [Pt] <=> O=C(O)[Pt] + [Pt],-5.591603991371871e-09,-2.090038915786336e-08,-9.68459467300318e-09,-2.499335003157396e-08,-2.353874882238335e-09,-1.766265591558488e-08,-1.5308782694632237e-08,1.71779990056806e-08,1.8692046893477827e-09,-6.914270787517416e-10,-6.449885094729419e-10,0.0,-1.0087104286819174e-08,-3.781152944569095e-10,0.0
164,C.[Pt] + O=C=O.[Pt] <=> C[Pt] + O=C(O)[Pt],-1.2936281963244644e-09,-4.97280911668561e-10,-1.7064614442648743e-09,-9.101010389237905e-10,-9.670595994123225e-10,-1.707226937745125e-10,7.963461318030947e-10,-5.093099500373477e-10,2.8702713424409795e-10,-2.1310684944578713e-10,-3.644635435812333e-11,0.0,-1.0088171433214322e-10,-1.081123541341641e-08,0.0
165,C=[Pt] + O=C=O.[Pt] <=> O=C(O)[Pt] + C#[Pt],-2.6034785102228838e-09,6.107384474037132e-09,-3.969101477821785e-09,4.7417670697081395e-09,-1.5231872852609258e-09,7.187673434545931e-09,8.71085909094181e-09,-6.649091963389127e-09,2.0617561223493325e-09,-2.0444750303749425e-10,2.99241113017384e-10,0.0,3.7150518947601157e-09,1.2476153558586936e-08,0.0
166,C[Pt] + O=C=O.[Pt] <=> C=[Pt] + O=C(O)[Pt],8.376496041788e-09,2.788109044998434e-09,1.1243443435637268e-08,5.655056098490546e-09,6.108619138701404e-09,5.20218554911963e-10,-5.588389264394551e-09,2.0925972752262227e-09,-3.495801744489143e-09,5.360770668361705e-10,-3.9703298174903816e-10,0.0,-3.024026097248053e-10,4.703335969559548e-09,0.0
167,C#[Pt] + O=C=O.[Pt] <=> O=C(O)[Pt] + C~[Pt],4.71955093150718e-10,8.315866267658238e-10,7.033709522586674e-10,1.063019453570608e-09,2.889209162614398e-10,6.485411640383132e-10,3.596242784672505e-10,-5.140488252352209e-10,-1.544284006799022e-10,2.729867313656812e-11,1.849890613225242e-11,0.0,3.557720561457408e-10,-7.37517459348266e-11,0.0
168,O=C=O.[Pt] + [H][H].[Pt] <=> O=C(O)[Pt] + [Pt],1.542814773494813e-10,3.8689782495635734e-10,2.352976214145327e-10,4.679163356770255e-10,9.020706162564495e-11,3.2282260527218507e-10,2.3261597834825967e-10,-2.1516876073024968e-10,1.7440785290866638e-11,2.545981579117774e-11,3.0881642757364474e-11,0.0,2.0958512667417132e-10,9.419969268833913e-10,0.0
169,O=C=O.[Pt] + O[Pt] <=> O=C(O)[Pt] + O=[Pt],-1.6399475584754844e-09,2.4442411281086087e-10,-2.2335410491154015e-09,-3.4917247165746366e-10,-1.1703643719845516e-09,7.139980267435155e-10,1.8843734771869026e-09,-1.2419294659633026e-09,6.42440505549752e-10,-1.8856646232730458e-10,4.7007608807611616e-11,0.0,3.9906424513068503e-10,-1.0703910111496326e-10,0.0
170,O=C(O)[Pt] + O[Pt] <=> O=C=O.[Pt] + O.[Pt],-5.556646470402644e-10,-3.151503658752684e-09,-1.006679366753993e-09,-3.6025161223754524e-09,-1.988800995749972e-10,-2.7947198277864232e-09,-2.5958388961997342e-09,2.725501855773465e-09,1.2965846959657433e-10,-9.376500772995137e-11,-1.4449868231760315e-10,0.0,-1.5849185500743024e-09,-5.856923353212974e-09,0.0
171,O=C[Pt] + O=C=O.[Pt] <=> O=C(O)[Pt] + O=C=[Pt],4.46905059129387e-09,5.127382572846939e-10,6.1690170338047765e-09,2.2127101918688737e-09,3.1243050827910153e-09,-8.320115956809006e-10,-3.9563121575804074e-09,2.426582080023819e-09,-1.5297404572225921e-09,5.431984598283188e-10,2.733894348000448e-11,0.0,-3.6946305932893465e-10,1.2713920381302197e-10,0.0
172,O=C(O)[Pt] + [Pt] <=> O=C=[Pt] + O[Pt],-4.69474080204152e-08,-1.7123690797443546e-07,-9.161288236468569e-08,-2.1590237419926625e-07,-1.1615124683756386e-08,-1.3590463106059762e-07,-1.2428950689095588e-07,1.6486507102156298e-07,4.057555669666938e-08,1.9713219417983214e-09,1.707347099848446e-09,0.0,-7.444610917162441e-08,-6.974207265509228e-09,0.0
173,O=C=[Pt] + O.[Pt] <=> O=C(O)[Pt] + [Pt],9.712735856810247e-09,1.2982932492076797e-09,6.914216159587865e-08,6.07277385539382e-08,-3.729845879799456e-08,-4.571288917039151e-08,-8.414438223047129e-09,-5.349935946432959e-08,-6.19137981327533e-08,-4.513742824420021e-09,-4.020128137521196e-09,0.0,-6.1538573342422235e-09,-1.3495468733745882e-09,0.0
174,CO.[Pt] + O=C=O.[Pt] <=> OC[Pt] + O=C(O)[Pt],-3.819251966218824e-09,2.1942468006613038e-09,-5.113742363033464e-09,8.997663465249793e-10,-2.7952424077483306e-09,3.2182495622164005e-09,6.013490543955537e-09,-4.613678880494782e-09,1.399809475355848e-09,-5.069562532391701e-10,5.2655874636610095e-11,0.0,1.6958653951788556e-09,7.298120530565677e-10,0.0
175,CO.[Pt] + O=C=[Pt] <=> C[Pt] + O=C(O)[Pt],5.745914028787504e-09,-3.320420417602856e-09,7.651788118226786e-09,-1.4145391265525474e-09,4.238299632313723e-09,-4.828039442691631e-09,-9.066333164489469e-09,7.2395055121342095e-09,-1.8268362027119107e-09,8.334871671256276e-10,3.343840214149692e-11,0.0,-2.426424115965685e-09,-5.305722617997974e-10,0.0
176,OC[Pt] + O=C=O.[Pt] <=> OC=[Pt] + O=C(O)[Pt],-5.442006364871208e-09,3.1231110369252527e-09,-7.192654642047181e-09,1.3724646669899294e-09,-4.057143800872146e-09,4.5079742285452574e-09,8.565108705997532e-09,-6.9171561020263635e-09,1.6479390687209736e-09,-8.462421503486537e-10,-5.048346470237991e-11,0.0,2.274052588067695e-09,-4.000757023882497e-09,0.0
177,C=[Pt] + O=C(O)[Pt] <=> OC[Pt] + O=C=[Pt],1.0339743549096532e-09,-1.2160088007726504e-10,1.48302974206149e-09,3.2746961761996e-10,6.78765298690953e-10,-4.768208212132557e-10,-1.1555734341476016e-09,6.053449767428513e-10,-5.502309589749315e-10,5.349403186590201e-11,-6.737812965243158e-11,0.0,-2.7455979014233134e-10,7.650367675329028e-11,0.0
178,C=O.[Pt] + O=C=O.[Pt] <=> O=C(O)[Pt] + O=C[Pt],1.3084080305577771e-09,-9.241295538229713e-10,1.726846899476398e-09,-5.056817540021731e-10,9.774179379318535e-10,-1.255125643006484e-09,-2.232545595991975e-09,1.8881240763950835e-09,-3.444268239924929e-10,2.1222085454300812e-10,3.0814799374772775e-11,0.0,-6.064180657059124e-10,-3.22240091118823e-10,0.0
179,O=C=[Pt] + OCO.[Pt] <=> OC[Pt] + O=C(O)[Pt],6.648297878904907e-09,-3.849142096330458e-09,8.863081843911987e-09,-1.6343352625191297e-09,4.896322677821121e-09,-5.601120463206311e-09,-1.0497444116559546e-08,8.282865517641377e-09,-2.214578134910339e-09,9.201474987483889e-10,2.372940082005279e-12,0.0,-2.8676406437046804e-09,2.779450126648316e-10,0.0
180,CC=[Pt] + O=C=O.[Pt] <=> CC#[Pt] + O=C(O)[Pt],1.623311319942335e-09,-1.992697867732629e-09,2.1379508852250454e-09,-1.4780361773079555e-09,1.2162223990599077e-09,-2.399789366138736e-09,-3.6160073837533446e-09,2.958077378752886e-09,-6.579306766962453e-10,1.8893423379638266e-10,-4.0540511541864836e-11,0.0,-1.2705590500584173e-09,-1.2372680959812701e-11,0.0
181,O=C(O)[Pt] + C#[Pt] <=> OC=[Pt] + O=C=[Pt],3.3561246895552505e-06,1.1474386215185442e-05,6.0620972288204264e-06,1.4180358977519697e-05,1.2155857320950517e-06,9.333847082336314e-06,8.118261254876345e-06,-1.1510547698954071e-05,-3.3922873849551055e-06,-5.450443884160464e-07,-5.387142154904012e-07,0.0,4.486066996380086e-06,2.150644942352639e-09,0.0
182,C=C + 2 [Pt] <=> C=C[Pt] + [Pt],1.883202781107525e-07,2.8929158826750045e-06,1.6233397102246308e-07,2.866929571992147e-06,2.088765484380293e-07,2.9134721419895003e-06,2.7045955935374563e-06,-1.3974775244704817e-06,1.30711802668811e-06,5.174644704069433e-07,5.340017403068409e-07,0.0,2.0018705334870507e-06,3.0799188784907506e-06,0.0
183,C=C[Pt] + [Pt] <=> CC=[Pt] + [Pt],-2.3510786114497824e-06,-1.3557531464283351e-05,-3.466976353723172e-06,-1.4673429078674038e-05,-1.468356200380195e-06,-1.267480916823064e-05,-1.1206453119502317e-05,8.630796633590092e-06,-2.5756574665953547e-06,-1.4661246224775572e-06,-1.5236269933010426e-06,0.0,-7.987742338844036e-06,-5.0459318067417415e-06,0.0
184,OC#[Pt] + [Pt] <=> O=C=[Pt] + [Pt],2.9547721790954807e-07,1.5239637954728364e-06,7.567730851836748e-08,1.3041638935597036e-06,4.6934826237943243e-07,1.6978348340272685e-06,1.228486579942991e-06,-1.0016769122150009e-06,2.268096532793963e-07,-1.6838918218288468e-09,6.080241188997329e-10,0.0,7.068877038829023e-07,5.478673324223193e-07,0.0
185,OC#[Pt] + [Pt] <=> C~[Pt] + O[Pt],0.0005499015570733738,0.0023106720816760793,0.0007683277750104376,0.0025291021455961646,0.00037711716077991055,0.00213788464306196,0.0017607608421570209,-0.0019126860163752519,-0.00015195885204742315,-3.583700818784441e-06,1.4129240578482717e-07,0.0,0.0010484372034649618,0.00018262555906227424,0.0
186,C~[Pt] + O.[Pt] <=> OC#[Pt] + [Pt],0.00012023810400737903,0.0005075242915740487,0.0001188864951264128,0.0005061726774475848,0.00012130728391968795,0.0005085934756080563,0.0003872857218939575,-0.0004091594407462665,-2.1875303469086923e-05,-1.5285831256944497e-05,-1.4809629660882289e-05,0.0,0.00021438315357063116,2.5760384082707546e-07,0.0
187,CO.[Pt] + C~[Pt] <=> C[Pt] + OC#[Pt],-2.4181213389753316e-06,-4.15854899842127e-06,-7.51382162060954e-06,-9.254249196865513e-06,1.6127935888285823e-06,-1.2763414814405322e-07,-1.740427709607878e-06,1.5163483740266042e-05,1.342305575481065e-05,3.7267698213162026e-06,4.036581001134009e-06,0.0,2.4937381341052976e-06,-5.736640309841073e-06,0.0
188,OC[Pt] + C~[Pt] <=> C=[Pt] + OC#[Pt],-1.6175850266789935e-09,-1.05096024653112e-09,-2.2068346478390835e-09,-1.6402032658303193e-09,-1.151438025059976e-09,-5.848024746979385e-10,5.666292821088109e-10,-3.1190535275834343e-10,2.5471291610238536e-10,-3.285369400814288e-10,-1.602904314548918e-10,0.0,-4.4583678656343855e-10,-1.7913968855871166e-10,0.0
189,C~[Pt] + OCO.[Pt] <=> OC[Pt] + OC#[Pt],6.990680235936966e-08,6.441725776616794e-07,-1.6481674487332e-07,4.0944903958069647e-07,2.555830896830743e-07,8.298488588141608e-07,5.742657674270754e-07,-2.2947746346318893e-07,3.4478829000474656e-07,5.419878230196535e-08,5.5670277239656604e-08,0.0,3.712783844870521e-07,7.316572336780708e-07,0.0
190,OC=[Pt] + [Pt] <=> OC#[Pt] + [Pt],2.4994056291674393e-09,9.086412625699693e-10,3.4324515403104946e-09,1.8416947347515495e-09,1.7613267666321706e-09,1.7054256269594187e-10,-1.590767530889857e-09,8.179192694876731e-10,-7.728591409525894e-10,3.0936267303449456e-10,2.857554605795089e-11,0.0,1.2451658165193491e-10,-5.34689150304219e-10,0.0
191,OC#[Pt] + [H][H].[Pt] <=> OC=[Pt] + [Pt],3.1570554164274856e-08,1.7540520789661573e-07,-5.220616466446138e-09,1.3861404428262816e-07,6.067394230200895e-08,2.0450859155198087e-07,1.438346503533949e-07,-8.813963703923695e-08,5.569501075647443e-08,9.092999120990814e-09,8.87980916039412e-09,0.0,9.184578562453467e-08,5.6994974995842687e-08,0.0
192,OC=[Pt] + O=C=O.[Pt] <=> O=C(O)[Pt] + OC#[Pt],2.699797333318242e-09,-9.805125041985348e-10,3.597927765167874e-09,-8.237975991798192e-11,1.9893508828565646e-09,-1.6909735719633293e-09,-3.680317515637804e-09,2.9956839274600307e-09,-6.846368791728849e-10,4.4194428763714106e-10,7.509854034177269e-11,0.0,-7.75985202562068e-10,4.953475473234622e-11,0.0
193,OC#[Pt] + O=C[Pt] <=> OC=[Pt] + O=C=[Pt],6.704846809884539e-09,1.0997955560743017e-08,9.740464723130877e-09,1.4033583906912571e-08,4.303557164986769e-09,8.596658731125355e-09,4.293104294200164e-09,-6.054376363137594e-09,-1.7612754876094837e-09,8.628253002270833e-10,3.933231740151989e-10,0.0,4.807615776773432e-09,-1.2689042926703286e-09,0.0
194,OC#[Pt] + O[Pt] <=> OC=[Pt] + O=[Pt],-2.3505622740138328e-07,-4.908789092587113e-07,-8.324735112285708e-07,-1.0882961843710427e-06,2.3752617821438276e-07,-1.829650946860128e-08,-2.5582268521193174e-07,8.266876446827101e-07,5.708649569911415e-07,2.0601654985966097e-08,2.0453373217542374e-08,0.0,-1.746584680540752e-07,2.0487988447693495e-07,0.0
195,OC=[Pt] + C=[Pt] <=> C[Pt] + OC#[Pt],-2.002460478134308e-09,8.66415941062035e-10,-2.700288759557201e-09,1.6859561752298023e-10,-1.450448730323774e-09,1.4184075376123484e-09,2.8688742615909762e-09,-2.1119763626275813e-09,7.568956590210643e-10,-2.593457532398762e-10,2.8842919588317686e-11,0.0,7.611300396750774e-10,-7.870522140806123e-10,0.0
196,C.[Pt] + OC#[Pt] <=> OC=[Pt] + C[Pt],-7.273931832009313e-08,3.591819223159804e-07,-6.570179674841032e-07,-2.2509671211579375e-07,3.8944988318878605e-07,8.213711281636026e-07,4.3192124514266505e-07,2.2443755055651674e-07,6.563587828936529e-07,5.460674116248269e-08,5.7266731167785424e-08,0.0,2.5925037456425187e-07,1.4159318105856204e-07,0.0
197,OC=[Pt] + C#[Pt] <=> C=[Pt] + OC#[Pt],-3.2632174663218996e-08,-8.094569376561525e-08,-1.1809326536240547e-07,-1.664067822221954e-07,3.49711831060286e-08,-1.334233670219977e-08,-4.831352189448704e-08,1.2806153663007116e-07,7.974800508523875e-08,2.549341672994351e-09,2.0232990585137543e-09,0.0,-3.13014774291364e-08,-7.395290106993302e-08,0.0
198,OC=[Pt] + C~[Pt] <=> OC#[Pt] + C#[Pt],2.8568634171174776e-10,-8.501540088873046e-10,3.71820356752611e-10,-7.640140311168653e-10,2.1757626119913853e-10,-9.182666698426035e-10,-1.1358449238051934e-09,9.191035209193574e-10,-2.1674765404241498e-10,-1.332335731160122e-11,-3.049729330746221e-11,0.0,-5.089560705036724e-10,-2.1546517536243223e-10,0.0
199,OC=[Pt] + C~[Pt] <=> OC#[Pt] + C#[Pt],9.79724509255203e-10,-1.016950991611941e-09,1.2891011768613022e-09,-7.075585843348845e-10,7.350200285025794e-10,-1.2616657867822791e-09,-1.996681631184904e-09,1.6711021242466711e-09,-3.2558044909759265e-10,1.2420645523864122e-10,-1.4772387552765256e-11,0.0,-6.458903556627734e-10,1.2796478305856109e-09,0.0
200,OC#[Pt] + O.[Pt] <=> OC=[Pt] + O[Pt],4.314083672356757e-09,-7.380441556378032e-09,9.494772297829738e-09,-2.199748035300873e-09,2.159393879516077e-10,-1.1478589713413587e-08,-1.1694531629482545e-08,5.867561431105234e-09,-5.826972102778968e-09,1.9222746013312725e-10,-4.099337545892359e-10,0.0,-4.784562989305538e-09,-8.576117202660209e-09,0.0
201,C=O.[Pt] + OC#[Pt] <=> OC=[Pt] + O=C[Pt],2.1146729780428813e-09,-1.1220578472379572e-09,2.854610373712002e-09,-3.8212087233909753e-10,1.5293639241559054e-09,-1.7073793563500693e-09,-3.2367388020000253e-09,2.4514942675165494e-09,-7.852512778697841e-10,2.4929890538006146e-10,-3.616226998210861e-11,0.0,-8.871745809382456e-10,-4.6287476366559084e-10,0.0
202,CO.[Pt] + OC#[Pt] <=> OC=[Pt] + OC[Pt],-1.6581688806800325e-09,1.9096397783758713e-09,-2.1646249542964285e-09,1.4031884813416496e-09,-1.2575406604878151e-09,2.3102503638523227e-09,3.5678048587886926e-09,-2.92727468996671e-09,6.405185769075019e-10,-2.3689497674115546e-10,4.6372596672990485e-11,0.0,1.2330027729473886e-09,1.230223153086003e-10,0.0
203,OC=[Pt] + C=O.[Pt] <=> OC[Pt] + OC#[Pt],-2.149687619144411e-09,1.9016093856083307e-11,-2.931108370588235e-09,-7.624025197597625e-10,-1.5315378964377823e-09,6.371651936147377e-10,2.168704617707121e-09,-1.4498310689180428e-09,7.188730259568476e-10,-2.982459445373618e-10,1.6059122667655443e-11,0.0,3.191495321304658e-10,-1.0567414342900527e-10,0.0
204,CC=[Pt] + OC#[Pt] <=> CC#[Pt] + OC=[Pt],-7.469599701218686e-10,1.1193176110931952e-08,-2.368754330153612e-09,9.571379024806174e-09,5.359481078438872e-10,1.2476072489116825e-08,1.194012752408657e-08,-8.977282816190063e-09,2.9628394577923395e-09,1.947851435317157e-10,6.060355282676299e-10,0.0,6.274068950322826e-09,2.050474660560561e-09,0.0
205,2 OC=[Pt] <=> OC[Pt] + OC#[Pt],-1.5059151680272955e-09,2.1226231241276913e-09,-1.9354866179220153e-09,1.6930503284866134e-09,-1.166105943926522e-09,2.462419556534061e-09,3.6285301759889827e-09,-2.918498504893554e-09,7.100235485518602e-10,-1.5163886345487412e-10,1.0618071324691227e-10,0.0,1.3875571002899978e-09,3.646594535269495e-09,0.0
206,O=C(O)[Pt] + C~[Pt] <=> OC#[Pt] + O=C=[Pt],2.4357281056764354e-08,-5.491782919799435e-09,3.300964545891044e-08,3.1605941655456062e-09,1.7512894087260224e-08,-1.2336179922251516e-08,-2.984906773395081e-08,2.175479937695394e-08,-8.09427419059163e-09,3.2793680391143323e-09,8.037916756651684e-11,0.0,-6.151674534797604e-09,-6.860453453197213e-10,0.0
207,OC=[Pt] + C~[Pt] <=> OC#[Pt] + C#[Pt],-2.2712107006183178e-09,4.708456013731027e-09,-2.852589610903564e-09,4.127080585540199e-09,-1.8113153410430928e-09,5.168348618821979e-09,6.979670278816021e-09,-6.103856574002539e-09,8.758114080725242e-10,-3.5361226751857036e-10,8.731416851040551e-11,0.0,2.7416082291050933e-09,-3.1305964990842813e-09,0.0
208,OC=[Pt] + C~[Pt] <=> OC#[Pt] + C#[Pt],-1.095564137564995e-10,9.33939320710487e-10,-7.062970168052858e-11,9.728623997118256e-10,-1.4032351675903062e-10,9.031633717162972e-10,1.0434938421596648e-09,-1.0531289716971968e-09,-9.638328713373667e-12,-6.041482223855308e-11,-9.942953160515077e-12,0.0,4.732672995841511e-10,-3.1305964990842813e-09,0.0
209,OCO + 2 [Pt] <=> [Pt] + OC(O)[Pt],5.100082968102201e-07,-3.0781316929913314e-06,5.153740501426359e-06,1.5656003619424428e-06,-3.1633806872010107e-06,-6.751520543673065e-06,-3.5881399727058115e-06,-1.7401032975531162e-06,-5.328243209057923e-06,-4.883301830006667e-07,-5.042446873290447e-07,0.0,-2.2154095709485416e-06,3.432642921857218e-07,0.0
210,OCO.[Pt] + [Pt] <=> [Pt] + OC(O)[Pt],1.0707163088120154e-07,1.565502015532547e-07,4.2452382306117774e-07,4.740023834814021e-07,-1.440464954440338e-07,-9.456794330665855e-08,4.9478562607683104e-08,-3.6429454466654114e-07,-3.1481598494186887e-07,-1.4667144108957636e-08,-1.514819776054143e-08,0.0,3.951861381174119e-08,-7.597336867684906e-08,0.0
211,[H][H].[Pt] + OC(O)[Pt] <=> [Pt] + OCO.[Pt],-5.847130903227816e-09,3.801810744739116e-09,-5.555222455318553e-09,4.09372930701929e-09,-6.078017281815925e-09,3.570918501584057e-09,9.64893772814384e-09,-9.948977262140567e-09,-3.0005035220800166e-10,-1.046995221810409e-09,-1.1311571419080093e-10,0.0,2.5588351556089925e-09,-2.187498799873505e-09,0.0
212,O=C=O.[Pt] + OCO.[Pt] <=> O=C(O)[Pt] + OC(O)[Pt],2.4285766651121424e-09,5.3535951783603134e-11,3.304432174870324e-09,9.294041423534346e-10,1.7357378340672548e-09,-6.39312910320772e-10,-2.375047994477442e-09,1.6711285984097878e-09,-7.039278793506938e-10,3.4391647424287564e-10,8.188314367483004e-11,0.0,-2.6930894481166445e-10,2.6671713492549977e-09,0.0
213,O=C=[Pt] + OCO.[Pt] <=> O=C[Pt] + OC(O)[Pt],-6.006467512286081e-10,-3.6773009747961525e-09,-6.033739088356696e-09,-9.110381678108014e-09,3.6971723552100706e-09,6.205238532021746e-10,-3.07664915831907e-09,8.49003908111041e-09,5.4133845331675946e-09,4.587781907899421e-10,2.954143293640093e-10,0.0,-1.299954082579287e-09,1.62777808684454e-09,0.0
214,O=[Pt] + OCO.[Pt] <=> O[Pt] + OC(O)[Pt],1.978755094867481e-05,3.231536963739104e-05,7.834591514430209e-05,9.087374118201158e-05,-2.6534597105632466e-05,-1.4006784230281367e-05,1.2527816209063236e-05,-7.01917068646262e-05,-5.7663899458943246e-05,-2.6452009219211974e-06,-2.6435426490766194e-06,0.0,9.13349939409647e-06,-1.728586787966421e-05,0.0
215,C=[Pt] + OCO.[Pt] <=> C[Pt] + OC(O)[Pt],3.3647756335527194e-09,-1.8966426108908347e-09,4.47338687819313e-09,-7.880290536232555e-10,2.4878427270909372e-09,-2.773589066646408e-09,-5.2614252942075675e-09,4.107188428829353e-09,-1.154247234430743e-09,4.3015888374168457e-10,-3.9755101796412385e-11,0.0,-1.4477781116343207e-09,4.870917548680712e-09,0.0
216,C[Pt] + OCO.[Pt] <=> C.[Pt] + OC(O)[Pt],3.816395959603691e-09,5.619217052426531e-09,1.3942374242587199e-08,1.574518413243366e-08,-4.193669260174015e-09,-2.3908659496310836e-09,1.802812928332313e-09,-1.1928993158713406e-08,-1.012618304798184e-08,-4.984139250255839e-10,-5.330759761687915e-10,0.0,1.4643310074226818e-09,-3.182046597666278e-09,0.0
217,C#[Pt] + OCO.[Pt] <=> C=[Pt] + OC(O)[Pt],-3.4186970384464293e-09,-1.142311766568806e-09,-5.56982044584671e-09,-3.293438753939817e-09,-1.7170416724431134e-09,5.593208551986017e-10,2.2763813836064474e-09,-3.1763700907308955e-10,1.9587321414740896e-09,-3.8605974122223157e-10,-1.3285122290099976e-11,0.0,-3.881745012347523e-11,8.203615847072966e-10,0.0
218,C~[Pt] + OCO.[Pt] <=> C#[Pt] + OC(O)[Pt],-1.225369638222787e-09,1.496995183544394e-09,-7.215416514321429e-10,2.000831481265448e-09,-1.6239061422730578e-09,1.0984531733604803e-09,2.722366013139642e-09,-3.2889911806289556e-09,-5.666247234383037e-10,-3.200280456377588e-10,-8.442319221331456e-11,0.0,8.112495402562468e-10,-7.292616668928749e-09,0.0
219,O[Pt] + OCO.[Pt] <=> O.[Pt] + OC(O)[Pt],-2.6109612475545318e-09,3.879484293280644e-09,1.6815171481575145e-09,8.171974091868156e-09,-6.0064935937421755e-09,4.839567831720151e-10,6.490451340642208e-09,-1.0759364632221564e-08,-4.26891905496084e-09,-8.804616138578728e-10,-2.758960616472335e-10,0.0,1.9010000363187205e-09,-1.2763455136034544e-09,0.0
220,C=O.[Pt] + OC(O)[Pt] <=> O=C[Pt] + OCO.[Pt],8.163894909357504e-10,-5.998811707081773e-10,1.0698079968895993e-09,-3.464574253493014e-10,6.159374997447106e-10,-8.00336238326097e-10,-1.4162664509953618e-09,1.258872930357933e-09,-1.5739735014964677e-10,1.3905104908142903e-10,3.8251125688099176e-11,0.0,-3.621991878437857e-10,1.4834007883846616e-10,0.0
221,CO.[Pt] + OC(O)[Pt] <=> OC[Pt] + OCO.[Pt],-6.034099376287493e-09,-4.933662886046154e-09,-8.50141379950897e-09,-7.400971006061248e-09,-4.0823363031974256e-09,-2.9819037308949284e-09,1.1004418714041526e-09,6.912403989746932e-10,1.7916821198600076e-09,-8.21166822911512e-10,-2.3288234494947584e-10,0.0,-1.75281220735625e-09,-7.08346992672551e-10,0.0
222,C=O.[Pt] + OCO.[Pt] <=> OC[Pt] + OC(O)[Pt],1.3986149994967511e-09,-1.4468787246348302e-09,1.8492566273603444e-09,-9.962293143898159e-10,1.0421511596427998e-09,-1.8033476525177726e-09,-2.8455007886670135e-09,2.3100825252291757e-09,-5.354292398793935e-10,1.6327381538570779e-10,-3.9069957124847476e-11,0.0,-9.439758731526654e-10,-1.9483670194722848e-10,0.0
223,CC#[Pt] + OCO.[Pt] <=> CC=[Pt] + OC(O)[Pt],-2.0820288224319116e-09,2.2726475716692567e-10,-2.5128751336514173e-09,-2.0357592382878714e-10,-1.7411983409164396e-09,5.680779968644967e-10,2.3092943130557334e-09,-2.037411882209649e-09,2.718811891230822e-10,-3.78520426106131e-10,-9.189294021793682e-11,0.0,3.289114963133454e-10,-5.1450098581996943e-11,0.0
224,OC(O)[Pt] + [Pt] <=> OC=[Pt] + O[Pt],-8.318486120624395e-07,-1.531229072841606e-06,-3.1343060777941134e-06,-3.8336865156976e-06,9.894928449651548e-07,2.901123671585196e-07,-6.993804673814203e-07,2.9336949260270377e-06,2.234314434480356e-06,9.135152418101145e-08,9.11717335414637e-08,0.0,-4.932983043875589e-07,9.512106774644127e-07,0.0
225,OC=[Pt] + O.[Pt] <=> [Pt] + OC(O)[Pt],-5.587776942507593e-10,-7.739333579967822e-09,-7.123819377740546e-09,-1.4304352847761427e-08,4.634461322432926e-09,-2.5460973706485226e-09,-7.180552226503749e-09,1.3364038407530821e-08,6.183475523165301e-09,5.502529852806346e-10,2.366924177572026e-10,0.0,-3.3480990547924927e-09,2.8683484998079666e-09,0.0
226,OC=[Pt] + CO.[Pt] <=> C[Pt] + OC(O)[Pt],5.886101113491304e-09,-3.1731501317426436e-09,7.89303486534936e-09,-1.1662087297085691e-09,4.298544240666206e-09,-4.760711988016656e-09,-9.059247742177471e-09,7.0210539551775e-09,-2.0382053251062376e-09,7.90324170163828e-10,-2.7506051936483724e-11,0.0,-2.4368287933183694e-09,-9.045486523057374e-10,0.0
227,C=[Pt] + OC(O)[Pt] <=> OC=[Pt] + OC[Pt],3.0234257229120308e-09,-1.2212540862219687e-09,3.947147910670913e-09,-2.975340425189966e-10,2.292747896900855e-09,-1.9519419361017246e-09,-4.244685236804924e-09,3.3298011030732102e-09,-9.148954047152969e-10,3.972099034892805e-10,-5.263916379096217e-12,0.0,-1.0382000491787207e-09,-5.503861636927358e-12,0.0
228,OC=[Pt] + OCO.[Pt] <=> OC[Pt] + OC(O)[Pt],-1.3097075135676627e-09,4.0507993389881745e-09,-1.553061297950721e-09,3.807458327572218e-09,-1.117204355656538e-09,4.243292392940945e-09,5.36051294036026e-09,-4.977698623348173e-09,3.828080258332488e-10,-2.898875020583146e-10,1.4839230935356956e-11,0.0,2.1987702605555008e-09,5.969774532216533e-09,0.0
229,OC=[Pt] + OCO.[Pt] <=> OC[Pt] + OC(O)[Pt],5.302890282648083e-09,1.8678631686025396e-09,7.2586770045244714e-09,3.8236435068544236e-09,3.755792878387269e-09,3.207580259870294e-10,-3.4350343901001813e-09,2.204622696454159e-09,-1.2304215853187304e-09,8.946040985324207e-10,3.665523992872239e-10,0.0,5.001642394072902e-10,5.62494659293976e-10,0.0
230,2 OC=[Pt] <=> C#[Pt] + OC(O)[Pt],2.1214417137207465e-09,-4.296028038357633e-10,5.794092785378405e-10,-1.9716140797040633e-09,3.3412675165223297e-09,7.902211854525159e-10,-2.551040742227095e-09,4.380150287643163e-09,1.8291023573796384e-09,5.56722419759417e-10,2.5119743177960107e-10,0.0,-2.2851484852445086e-10,8.440458021033225e-09,0.0
231,OC=[Pt] + O=C(O)[Pt] <=> O=C=[Pt] + OC(O)[Pt],2.87474201852821e-09,-3.797617610943348e-09,3.749792131747614e-09,-2.92256342824485e-09,2.182540290281943e-09,-4.489822558320064e-09,-6.672362641494583e-09,5.681858413923772e-09,-9.905103883118832e-10,4.252608364489629e-10,-3.509277586064145e-11,0.0,-2.3108812653638506e-09,1.0124463558360614e-09,0.0
232,OC#[Pt] + OCO.[Pt] <=> OC=[Pt] + OC(O)[Pt],1.885492727211539e-09,-2.7087025407922344e-09,2.4166868239697636e-09,-2.177502172001737e-09,1.465308470274015e-09,-3.1288906910085577e-09,-4.594192638931952e-09,3.83050695009766e-09,-7.636941230242475e-10,2.0988049064887492e-10,-9.859398932275454e-11,0.0,-1.6920212428236098e-09,7.76539838354081e-09,0.0
233,C~[Pt] + OC(O)[Pt] <=> OC=[Pt] + OC#[Pt],1.517010753727087e-09,-1.4889338451399844e-09,2.017901408301355e-09,-9.880491426097397e-10,1.1207978039577582e-09,-1.8851687308992755e-09,-3.0059513197322818e-09,2.3938997256563638e-09,-6.120625588013511e-10,1.683390315280104e-10,-5.588106784665952e-11,0.0,-9.991279391200399e-10,2.3666605038787642e-11,0.0
234,OC=[Pt] + OCO.[Pt] <=> OC[Pt] + OC(O)[Pt],2.3103094311794874e-09,2.31026199328369e-09,3.2818157975182845e-09,3.281772813028617e-09,1.5418195065238354e-09,1.5417557577227869e-09,-4.8118317908312496e-14,-6.30667513763889e-10,-6.307224779324509e-10,3.2783483091318884e-10,1.616607207980216e-10,0.0,9.416839337358156e-10,-1.445864452020817e-09,0.0
235,OC=[Pt] + OCO.[Pt] <=> OC[Pt] + OC(O)[Pt],-1.5775009738356025e-09,5.887252686168543e-10,-2.134054854530377e-09,3.217767785867165e-11,-1.1372304767942982e-09,1.0289918582162849e-09,2.166226524334843e-09,-1.564331824397382e-09,6.018935482986993e-10,-2.0743982544499314e-10,4.232857202619275e-11,0.0,5.476886339820791e-10,1.579608289798152e-10,0.0
236,C#C.[Pt] + [Pt] <=> C=C[Pt] + [Pt],4.2949278647877374e-07,-2.8617809977635962e-06,9.939712097703898e-07,-2.2973025743965853e-06,-1.703355877525086e-08,-3.3083073281528607e-06,-3.291273769778888e-06,3.0012454872767526e-07,-2.9911492372086664e-06,-1.0122019679418882e-06,-1.0410871042875763e-06,0.0,-2.6729221153612567e-06,-0.00015655013997170131,0.0
237,C#C.[Pt] + [H][H].[Pt] <=> C=C[Pt] + [Pt],6.164104797408344e-09,-3.17578051087652e-09,8.256675174253414e-09,-1.0831983783899818e-09,4.508805724540441e-09,-4.831087814790518e-09,-9.339885801798226e-09,7.3147583207931744e-09,-2.0251390788891493e-09,8.661686772187021e-10,-2.9912413709784854e-12,0.0,-2.4395815459513054e-09,4.1223923660585915e-10,0.0
238,C#C.[Pt] + O=C[Pt] <=> C=C[Pt] + O=C=[Pt],4.1139347287682407e-10,-5.572953325307175e-09,-1.89321225996949e-10,-6.17366497620513e-09,8.865970488383846e-10,-5.097764948495921e-09,-5.984354902462054e-09,7.427088194896952e-09,1.4427229865320594e-09,7.109356834978378e-10,4.750559200791976e-10,0.0,-2.2524913802202917e-09,1.395875738780657e-07,0.0
239,C#C.[Pt] + O[Pt] <=> C=C[Pt] + O=[Pt],-1.91892228464167e-09,7.109235542138779e-08,-5.178424555616197e-08,2.1227037792891247e-08,3.75266619472304e-08,1.1053792133315209e-07,7.301127107518398e-08,-1.5506526243150296e-08,5.750473605716989e-08,4.260548884844724e-09,5.125483733748811e-09,0.0,4.158970243145006e-08,-5.34209213569479e-07,0.0
240,C#C.[Pt] + C[Pt] <=> C=C[Pt] + C=[Pt],4.203620762100614e-07,2.188352314432517e-05,-8.04582005312565e-07,2.0658578808217458e-05,1.389344789092482e-06,2.285250606073152e-05,2.146316097879751e-05,-9.60753067475731e-06,1.1855628241870428e-05,4.264658095770043e-06,4.3967767618452185e-06,0.0,1.5761378100244314e-05,0.0002542454419825842,0.0
241,C#C.[Pt] + C.[Pt] <=> C=C[Pt] + C[Pt],3.863605748951839e-09,-3.25125691920034e-09,5.0580016417255074e-09,-2.0568490173525644e-09,2.918813549864663e-09,-4.196056481645002e-09,-7.1148707225589024e-09,6.0236795710038846e-09,-1.0911965007640901e-09,6.316642150265542e-10,6.259882779712517e-11,0.0,-2.0929651208093837e-09,-2.4518602820183994e-10,0.0
242,C#C.[Pt] + C=[Pt] <=> C=C[Pt] + C#[Pt],-4.8962463487722243e-08,-6.30068948930387e-08,-9.758514176535846e-08,-1.1162954935435916e-07,-1.049986411508129e-08,-2.4544286647639317e-08,-1.4044425773273416e-08,1.2182738746229022e-07,1.0778294870572407e-07,2.748244185291245e-08,2.8264406822832185e-08,0.0,9.415772190963007e-09,2.361621718550157e-06,0.0
243,C#C.[Pt] + C#[Pt] <=> C=C[Pt] + C~[Pt],-2.1055827516679384e-06,-2.6822850397107945e-05,-1.959938995697391e-06,-2.6677206670251875e-05,-2.2207931229116813e-06,-2.693806074425274e-05,-2.4717268171853597e-05,1.3948715283107248e-05,-1.0768556343400118e-05,-4.2365031336352665e-06,-4.378286662328623e-06,0.0,-1.7861843295692083e-05,-9.842884537391304e-05,0.0
244,C#C.[Pt] + O.[Pt] <=> C=C[Pt] + O[Pt],-4.365348991098393e-09,4.103902051855609e-09,-5.732904087538899e-09,2.7363638007883017e-09,-3.283554946474621e-09,5.185696627312012e-09,8.469257016724175e-09,-6.932418457063089e-09,1.5368257762470067e-09,-6.259470403708859e-10,6.375187614683196e-11,0.0,2.7182037683933444e-09,-4.5076626806435065e-10,0.0
245,C#C.[Pt] + C=O.[Pt] <=> C=C[Pt] + O=C[Pt],5.021859231719002e-10,-1.7204226817395469e-09,6.33290898062034e-10,-1.5893180430870196e-09,3.9848911926803547e-10,-1.82413200773746e-09,-2.2226091633439083e-09,1.911090412898743e-09,-3.1152455305725606e-10,2.6680148393118627e-11,-5.2873115630033115e-11,0.0,-9.827811966125595e-10,-1.6803289577539224e-09,0.0
246,C#C.[Pt] + CO.[Pt] <=> C=C[Pt] + OC[Pt],-6.22759382446275e-09,9.518506553303422e-09,-7.866102138638498e-09,7.880010273387841e-09,-4.931451512281803e-09,1.0814640414039079e-08,1.5746093997362456e-08,-1.3744088256151318e-08,2.0020042214268403e-09,-1.0032805676449921e-09,9.000461465972135e-11,0.0,5.663370172372745e-09,-1.1868527233870156e-08,0.0
247,C#C.[Pt] + CC=[Pt] <=> CC#[Pt] + C=C[Pt],1.5300627039582445e-09,-1.129469327268115e-09,2.0282638799830255e-09,-6.312570248616272e-10,1.1359772457141574e-09,-1.5235625187871538e-09,-2.659535519530863e-09,2.1411906016267606e-09,-5.18347023365066e-10,1.9827897248795742e-10,-2.0337099153524114e-11,0.0,-7.839888005256712e-10,1.871048771196729e-09,0.0
248,C#C.[Pt] + OC[Pt] <=> C=C[Pt] + OC=[Pt],5.5860918986046645e-09,-5.908388556150161e-09,9.2252995357989e-09,-2.2691656386508543e-09,2.7073499871992722e-09,-8.787140418595384e-09,-1.1494479722778735e-08,7.540318190546693e-09,-3.9541673829147315e-09,5.928308912689009e-10,-2.026524251723804e-10,0.0,-3.970063503209525e-09,9.709941319947757e-08,0.0
249,C#C.[Pt] + OC=[Pt] <=> C=C[Pt] + OC#[Pt],-5.477106686171192e-10,-4.480402142823938e-09,-9.972706951179052e-10,-4.929946053505477e-09,-1.9207684513994715e-10,-4.124766143241474e-09,-3.932686063487426e-09,4.041122154771852e-09,1.0843119802545376e-10,-3.7780160005293296e-11,-9.769160365776662e-11,0.0,-2.2065677052382232e-09,1.5419178453084732e-09,0.0
250,C#C.[Pt] + OCO.[Pt] <=> C=C[Pt] + OC(O)[Pt],-8.981998004262333e-10,4.015196383770235e-10,-1.214640108895975e-09,8.50772897983496e-11,-6.478693161438084e-10,6.51838948399837e-10,1.2997118554419518e-09,-8.899687044095279e-10,4.0972936957581183e-10,-9.700808341182167e-11,4.162671650897993e-11,0.0,3.818080028546134e-10,-7.218204459597491e-10,0.0
251,C#C.[Pt] + C~[Pt] <=> C#CC#[Pt] + [Pt],-1.999778402322037e-06,-3.9816083453873e-06,-3.5692259818639916e-06,-5.551055899327834e-06,-7.582788464234905e-07,-2.7401088235968e-06,-1.9818299845399803e-06,5.524716690219462e-06,3.5428865866420923e-06,9.394827995481245e-07,9.541706204819002e-07,0.0,-5.390112907165671e-07,2.1650263963141615e-05,0.0
252,O=CO.[Pt] + [Pt] <=> O=C[Pt] + O[Pt],-3.5134878980026915e-09,8.973615779311697e-10,-4.7642312276860095e-09,-3.5335889790037197e-10,-2.5240841238370497e-09,1.886776054369598e-09,4.410849818121804e-09,-3.2470163950075703e-09,1.1638281921398704e-09,-5.049335101592407e-10,-3.1416389818098056e-11,0.0,9.351597887291207e-10,2.021017993079726e-09,0.0
253,O=CO.[Pt] + [Pt] <=> O=C[Pt] + O[Pt],1.6190844301519382e-09,-1.6118808604210568e-09,2.1114546432808053e-09,-1.119509933208178e-09,1.2296115107018201e-09,-2.001353276577328e-09,-3.230964603851028e-09,2.680509015556786e-09,-5.504604429919166e-10,2.0857657362214355e-10,-2.875936536007806e-11,0.0,-1.0455488073089381e-09,2.021017993079726e-09,0.0
254,[Pt] + O=CO.[Pt] <=> O=C[Pt] + O.[Pt],9.118086719473418e-10,5.126763660109555e-10,1.2907986176203902e-09,8.916912733116707e-10,6.120243496373322e-10,2.1290107863366483e-10,-3.991294174699751e-10,8.43466836895202e-11,-3.1479470029929354e-10,9.518594295138939e-11,2.952806425988259e-11,0.0,1.3769826496471765e-10,2.3860340968407483e-10,0.0
255,C[Pt] + O=CO.[Pt] <=> CO.[Pt] + O=C[Pt],-3.924153089192657e-10,1.033831836524054e-09,-4.735859717855539e-10,9.526484420368627e-10,-3.2820587420218e-10,1.0980236300192735e-09,1.4262389723818595e-09,-1.3221064689619567e-09,1.0412837270698337e-10,-1.0548354408557553e-10,-1.816468921929393e-11,0.0,5.579477913717886e-10,1.0947180795848515e-09,0.0
256,C=[Pt] + O=CO.[Pt] <=> OC[Pt] + O=C[Pt],-3.0878286720832785e-09,1.7760629368302512e-09,-4.077414364354067e-09,7.864876079773312e-10,-2.304998870112844e-09,2.55890053346385e-09,4.863895810808044e-09,-3.959714103188276e-09,9.041813696723057e-10,-5.044152867255398e-10,-4.745880164010558e-11,0.0,1.2823097870686164e-09,-1.7862672865415002e-09,0.0
257,C=O.[Pt] + O[Pt] <=> [Pt] + O=CO.[Pt],9.909129151699863e-09,9.066065869458238e-09,2.9002036325011057e-08,2.8158971411896616e-08,-5.194156880438257e-09,-6.037217804425792e-09,-8.430690184920661e-10,-1.7793205608184388e-08,-1.863628227735045e-08,-2.450360997157474e-10,-7.4323157103709e-10,0.0,1.9050867219455904e-09,-6.748835139200327e-09,0.0
258,O=C[Pt] + OCO.[Pt] <=> OC[Pt] + O=CO.[Pt],2.6823899729990065e-09,-1.3926619688401062e-09,3.6093895318173347e-09,-4.6565671649152273e-10,1.9490940314251026e-09,-2.125962414237761e-09,-4.075056136598646e-09,3.148439848642872e-09,-9.266277750836594e-10,3.48580485146184e-10,-1.75296770846728e-11,0.0,-1.084184357478695e-09,1.6093291426375596e-09,0.0
259,O=CO.[Pt] + [Pt] <=> OC=[Pt] + O=[Pt],5.005737074376576e-09,-2.8436874088154004e-09,6.726003928220188e-09,-1.1234160966063727e-09,3.64494586815604e-09,-4.204494929864195e-09,-7.849432934167723e-09,5.97061211103664e-09,-1.8788286753100945e-09,6.077925033063954e-10,-7.725423943035496e-11,0.0,-2.211357737352804e-09,4.683786253025182e-10,0.0
260,C#[Pt] + O=CO.[Pt] <=> OC=[Pt] + O=C[Pt],7.197993472119544e-10,3.7143119564916377e-09,4.808768839983985e-10,3.475399405870074e-09,9.088099303302679e-10,3.903315766494111e-09,2.99451118964958e-09,-2.2898827387712023e-09,7.04616331401649e-10,1.7791780660899847e-10,1.9834102699521589e-10,0.0,1.944934938473469e-09,1.3924769941426216e-10,0.0
261,O=C(O)[Pt] + [Pt] <=> O=CO.[Pt] + [Pt],-5.297167130992018e-07,-1.0156105813509545e-07,-2.7519035520272986e-06,-2.323747896160909e-06,1.2281272886726937e-06,1.6562829589156216e-06,4.281556619676937e-07,1.8676953281373959e-06,2.2958509895746885e-06,1.3654799646288365e-07,1.3945448013708584e-07,0.0,2.160783971953882e-07,-9.11934834622494e-08,0.0
262,C[Pt] + O=CO.[Pt] <=> C.[Pt] + O=C(O)[Pt],5.280327830388533e-10,-3.1013717270246853e-10,7.233522549085034e-10,-1.148201841935725e-10,3.735395903154365e-10,-4.646411890545189e-10,-8.381729796448953e-10,6.031873324488476e-10,-2.349916333927294e-10,3.363437253568589e-11,-2.474876240457618e-11,0.0,-2.476385969920299e-10,1.7502280005429e-10,0.0
263,C#[Pt] + O=CO.[Pt] <=> C=[Pt] + O=C(O)[Pt],-4.232887404288527e-09,1.1973795273774311e-09,-5.728975724639295e-09,-2.986901267534399e-10,-3.0494053436442327e-09,2.3808617466520073e-09,5.430272471747836e-09,-3.965922294439121e-09,1.4643375123818422e-09,-5.715335798322887e-10,1.9117207421225627e-11,0.0,1.2298134604255286e-09,-1.2901051676957728e-09,0.0
264,C=[Pt] + O=CO.[Pt] <=> C[Pt] + O=C(O)[Pt],5.1394410240640246e-09,-2.865829011995266e-09,6.89411522777977e-09,-1.1111370807223613e-09,3.751432145751269e-09,-4.253836989155733e-09,-8.00527613629327e-09,6.145328350524709e-09,-1.8599536149130712e-09,6.458401334710183e-10,-3.612884829081276e-11,0.0,-2.2168026093007705e-09,2.087064332722854e-09,0.0
265,C~[Pt] + O=CO.[Pt] <=> O=C(O)[Pt] + C#[Pt],-4.029154172398019e-09,1.3834556418715384e-09,-5.42183594385917e-09,-9.213641019957154e-12,-2.9274710747754316e-09,2.485143784907586e-09,5.412613049075485e-09,-4.090337624005631e-09,1.3222725631170116e-09,-5.782203338155264e-10,-5.748530902886027e-12,0.0,1.2546246141126982e-09,1.0651073039781823e-10,0.0
266,[Pt] + O=CO.[Pt] <=> O=C(O)[Pt] + [H][H].[Pt],-1.8019973738181272e-10,1.7776721099474461e-09,-1.8451989356410007e-10,1.773363149924833e-09,-1.7676952266108453e-10,1.781108392432707e-09,1.95787420779185e-09,-1.6620479604607903e-09,2.9581924064483913e-10,3.207970223458311e-11,1.4244324830290844e-10,0.0,1.0495627329543209e-09,6.688292661194125e-11,0.0
267,O=[Pt] + O=CO.[Pt] <=> O=C(O)[Pt] + O[Pt],2.5977807770256933e-09,-9.20849316314843e-10,3.39250510111329e-09,-1.2611828012108651e-10,1.9691329406351093e-09,-1.5495013941013237e-09,-3.518627937886397e-09,2.721464545898182e-09,-7.97170104001947e-10,3.235553083639167e-10,-4.276305401303879e-11,0.0,-8.498850904260037e-10,-7.179677428139e-10,0.0
268,O[Pt] + O=CO.[Pt] <=> O=C(O)[Pt] + O.[Pt],-1.5740023657320648e-09,-1.0988795652229753e-09,-2.2203818417068525e-09,-1.7452492833145076e-09,-1.062676015598167e-09,-5.875598658237503e-10,4.751202710266776e-10,1.1816742707098976e-10,5.932878976617586e-10,-1.724513852277016e-10,-5.16365130520867e-12,0.0,-2.9604823800824767e-10,1.860305233281447e-10,0.0
269,O=C=[Pt] + O=CO.[Pt] <=> O=C(O)[Pt] + O=C[Pt],-3.3550080909289647e-09,1.592091125643245e-09,-4.5101000968968336e-09,4.3701735704735935e-10,-2.4412685679697863e-09,2.5058311464695813e-09,4.947104412050993e-09,-3.846987116637749e-09,1.1001176919243854e-09,-4.988987146893686e-10,-2.5133111854478446e-11,0.0,1.2566982735850863e-09,-1.0996715550580863e-09,0.0
270,O=C=[Pt] + O=CO.[Pt] <=> O=C(O)[Pt] + O=C[Pt],2.8182073675816535e-09,-1.4808570339171403e-09,3.764115298533823e-09,-5.349341884191473e-10,2.0699668902974583e-09,-2.22909438483785e-09,-4.299058936041317e-09,3.2852053753032802e-09,-1.0138603870401159e-09,3.4087400118050245e-10,-2.2693328389881468e-11,0.0,-1.1768563205663544e-09,-1.0996715550580863e-09,0.0
271,CO.[Pt] + O=C(O)[Pt] <=> OC[Pt] + O=CO.[Pt],1.550525991355672e-10,-2.947850422516908e-09,9.738460126424907e-11,-3.0055212302800537e-09,2.006832177617304e-10,-2.90223036921946e-09,-3.1029097303175313e-09,2.925156756917381e-09,-1.7776405665707328e-10,2.2902132392589298e-11,-5.055030808497161e-11,0.0,-1.5281293845234638e-09,-4.701112409458229e-09,0.0
272,OC=[Pt] + O=CO.[Pt] <=> OC[Pt] + O=C(O)[Pt],-1.1121575359989175e-09,-5.111445569859333e-10,-1.3850793272108783e-09,-7.84070340941677e-10,-8.962520433843673e-10,-2.952486940140664e-10,6.010098202543001e-10,-6.211632892050259e-10,-2.0165907992564547e-11,-2.751432095252754e-10,-1.1787830520045942e-10,0.0,-2.2174817024613183e-10,-1.510781399256048e-08,0.0
273,C=O.[Pt] + O=CO.[Pt] <=> OC[Pt] + O=C(O)[Pt],4.3671054351666995e-09,-1.5703363429242433e-09,5.870590782254637e-09,-6.682517203638126e-11,3.1777975889974333e-09,-2.759635836175591e-09,-5.93743954250145e-09,4.556971223099003e-09,-1.3804754469248543e-09,6.081268410055573e-10,2.7104991640933538e-11,0.0,-1.3678027653161954e-09,7.028431310356236e-10,0.0
274,C=O.[Pt] + O=C(O)[Pt] <=> O=C[Pt] + O=CO.[Pt],6.204817171707064e-09,-3.6986225185989863e-09,8.283252246709992e-09,-1.6201819888610966e-09,4.560712509788314e-09,-5.34274321535197e-09,-9.903447541140382e-09,7.826728924223742e-09,-2.0767299544576094e-09,8.6224020925355e-10,-1.5373977996090538e-11,0.0,-2.722993800507925e-09,-1.9648786043830669e-10,0.0
275,O=CO.[Pt] + OC(O)[Pt] <=> O=C(O)[Pt] + OCO.[Pt],8.203222120447884e-09,-5.413629713886434e-09,1.0919232250651458e-08,-2.6976349789344513e-09,6.054742990327596e-09,-7.56212437818382e-09,-1.3616858429919629e-08,1.0929249336940852e-08,-2.6876164076719115e-09,1.1838229251924116e-09,2.6068919210762217e-11,0.0,-3.835700070729642e-09,-2.147320609923935e-09,0.0
276,CC#[Pt] + O=CO.[Pt] <=> CC=[Pt] + O=C(O)[Pt],1.8315570422847532e-10,-3.823023978812908e-10,2.7223716555278125e-10,-2.9320748485373154e-10,1.1271406877919402e-10,-4.527525378688577e-10,-5.654624128995343e-10,2.845178310142102e-10,-2.8094580779399316e-10,-7.681408638244367e-11,-8.958684351852324e-11,0.0,-3.083568015431828e-10,1.1717721425018346e-09,0.0
277,OC#[Pt] + O=CO.[Pt] <=> OC=[Pt] + O=C(O)[Pt],-6.09771692363958e-09,-5.96817552658133e-09,-8.662363515675448e-09,-8.532794988009026e-09,-4.068947191555513e-09,-3.9393974071554885e-09,1.2954654138865432e-10,1.8091648848997934e-09,1.9387096609921406e-09,-7.528281972028222e-10,-1.4232627238337297e-10,0.0,-2.183575551088236e-09,-3.0708685926003455e-09,0.0
278,O=C=O.[Pt] + O=CO.[Pt] <=> 2 O=C(O)[Pt],-5.0470349300313985e-09,1.5582056532715425e-09,-6.735137776114327e-09,-1.298843120969245e-10,-3.7116612410651676e-09,2.893570221211257e-09,6.605237588012488e-09,-5.1779094819175375e-09,1.4273188718919353e-09,-7.965595682531971e-10,-1.0843667740938207e-10,0.0,1.3950756317103521e-09,-7.38882417034224e-10,0.0
279,C#C.[Pt] + O=CO.[Pt] <=> C=C[Pt] + O=C(O)[Pt],4.662659279733732e-09,-1.4382294191299071e-09,6.2984428501596195e-09,1.9756778909524094e-10,3.3686851434184713e-09,-2.7322143435224166e-09,-6.10088543885651e-09,4.59260544665396e-09,-1.5082837016344864e-09,6.421457018952793e-10,2.7071569949637688e-11,0.0,-1.348206076968949e-09,-3.057285062080409e-10,0.0
280,C~[Pt] + O=CO.[Pt] <=> OC#[Pt] + O=C[Pt],5.268591071203643e-08,2.3514212376014825e-07,5.194689271308754e-08,2.3440310262092328e-07,5.3270518060293916e-08,2.3572672080442501e-07,1.824562047139486e-07,-1.6381703832626573e-07,1.8639165170313823e-08,6.32525134601896e-09,6.251828152110217e-09,0.0,1.14506263398912e-07,-2.4848834518399636e-10,0.0
281,[Pt] + O=CO.[Pt] <=> OC(O)[Pt] + [Pt],2.321474275039696e-06,3.6919418043106745e-06,9.301300198698824e-06,1.0671767832753066e-05,-3.1998638680290844e-06,-1.8293964216461075e-06,1.3704674961581272e-06,-8.265007516518965e-06,-6.894540140302965e-06,-3.2421684565236335e-07,-3.235435955780867e-07,0.0,1.0062825251129949e-06,-2.094841839601996e-06,0.0
282,[H][H].[Pt] + O=CO.[Pt] <=> [Pt] + OC(O)[Pt],5.689379377840947e-09,-4.3772758079575465e-09,7.51408525740858e-09,-2.5525639239396125e-09,4.245972475661524e-09,-5.820686391747089e-09,-1.00666528459059e-08,8.221326325476817e-09,-1.8453383515813334e-09,8.20631882592853e-10,-1.0344013456065265e-11,0.0,-2.974537183173107e-09,1.2345161651628065e-09,0.0
283,O=C[Pt] + O=CO.[Pt] <=> O=C=[Pt] + OC(O)[Pt],3.5698654685854158e-09,-2.8850307796725644e-09,4.785635147352986e-09,-1.6692630195415528e-09,2.608140122712208e-09,-3.846768464059748e-09,-6.4549039332874424e-09,5.207838523320865e-09,-1.2470735193012107e-09,5.054182998230254e-10,-6.266567117971687e-12,0.0,-1.943479738843723e-09,-1.1379498119705886e-08,0.0
284,O[Pt] + O=CO.[Pt] <=> O=[Pt] + OC(O)[Pt],1.4066760781679638e-08,1.8802166668406982e-08,4.0907416992282776e-08,4.5642836167221815e-08,-7.165323124560533e-09,-2.4299128249704697e-09,4.735407872413372e-09,-2.8880955759704384e-08,-2.4145548101364626e-08,3.961901735068368e-10,-2.2217069288915622e-10,0.0,6.578254179594071e-09,1.1218466135932665e-07,0.0
285,C[Pt] + O=CO.[Pt] <=> C=[Pt] + OC(O)[Pt],-1.5695755554786088e-09,-5.151783207518251e-09,-2.405257389525238e-09,-5.987465348748582e-09,-9.084902285241095e-10,-4.490709357476104e-09,-3.582216295002232e-09,4.116930920856266e-09,5.34712102326315e-10,-1.0397902443934703e-10,-6.358476769035272e-11,0.0,-2.346181983048773e-09,5.523235229889343e-10,0.0
286,C.[Pt] + O=CO.[Pt] <=> C[Pt] + OC(O)[Pt],-5.546650447249679e-10,-1.5213184541235338e-09,-8.502884914833513e-10,-1.8169440222777862e-09,-3.208143684437985e-10,-1.2874799559651309e-09,-9.666609180395669e-10,1.1313071753805467e-09,1.6464043943573857e-10,-7.644631491336559e-11,-3.454131795425994e-11,0.0,-6.905771109595576e-10,8.035637989913943e-10,0.0
287,C=[Pt] + O=CO.[Pt] <=> C#[Pt] + OC(O)[Pt],2.512143418670932e-10,-6.087935141264881e-10,2.9777960745143885e-10,-5.622247829231269e-10,2.1437924313755486e-10,-6.456174980707438e-10,-8.600066663957922e-10,8.551684169927438e-10,-4.84784985880997e-12,5.753951802576085e-11,1.8381930212716947e-11,0.0,-3.0377292270948284e-10,3.580372072053985e-10,0.0
288,C#[Pt] + O=CO.[Pt] <=> C~[Pt] + OC(O)[Pt],5.187079214404441e-10,-1.422710182240036e-09,6.652836148452261e-10,-1.2761243141196549e-09,4.0277312347055764e-10,-1.5386519606766469e-09,-1.941417743067207e-09,1.7625968319776762e-09,-1.7882542023562928e-10,8.696123555200696e-11,1.5073182774427897e-11,0.0,-7.711102838024188e-10,-4.4497620562230307e-10,0.0
289,O.[Pt] + O=CO.[Pt] <=> O[Pt] + OC(O)[Pt],3.88049902808035e-09,-2.3576707089672045e-09,5.160203741525072e-09,-1.0779609664793978e-09,2.8682111479859165e-09,-3.3699614990833055e-09,-6.238166999848926e-09,4.93101143669203e-09,-1.307155303498119e-09,5.224026549404493e-10,-1.8448773595308646e-11,0.0,-1.738551250984739e-09,-3.4645708232130334e-10,0.0
290,OC=[Pt] + O=CO.[Pt] <=> O=C[Pt] + OC(O)[Pt],5.62154922073154e-09,-4.165901635322921e-09,7.459912648039972e-09,-2.3275128596346516e-09,4.1673386194188124e-09,-5.620117363877106e-09,-9.787446306242918e-09,7.911062370831703e-09,-1.876390407629628e-09,8.014576155459188e-10,-7.854097454524514e-12,0.0,-2.8729036156989283e-09,1.0952684657485442e-10,0.0
291,C=O.[Pt] + O=CO.[Pt] <=> O=C[Pt] + OC(O)[Pt],-3.4358901982695298e-09,-2.595101107845641e-10,-4.680490816904335e-09,-1.5040831054385188e-09,-2.4513327808276517e-09,7.250553037203892e-10,3.1763864017635244e-09,-2.154440920266624e-09,1.0219353558877786e-09,-5.091795989385967e-10,-7.929296259940174e-11,0.0,3.0566468222815266e-10,-5.165264069023587e-10,0.0
292,CO.[Pt] + O=CO.[Pt] <=> OC[Pt] + OC(O)[Pt],8.76609818419136e-09,2.971245323989974e-10,1.1921902423993511e-08,3.4529433454374025e-09,6.2697360609329755e-09,-2.199248050742379e-09,-8.468968306816724e-09,5.948982719770369e-09,-2.519992676015367e-09,1.3056388658820453e-09,2.7108333810063124e-10,0.0,-8.649342799302939e-10,4.5571974353758527e-10,0.0
293,CC=[Pt] + O=CO.[Pt] <=> CC#[Pt] + OC(O)[Pt],3.647834449178545e-10,-2.953606310974567e-10,4.667800426467343e-10,-1.9334632999674347e-10,2.84112601096818e-10,-3.760305546345849e-10,-6.601472329636162e-10,4.800957110381683e-10,-1.8005889682692414e-10,-2.591117168504629e-12,-4.5269680860227465e-11,0.0,-2.3416587375329795e-10,6.558137341204067e-09,0.0
294,OC[Pt] + O=CO.[Pt] <=> OC=[Pt] + OC(O)[Pt],3.7031838573798213e-09,-8.364296189358433e-10,4.988665228242379e-09,4.4905114294224636e-10,2.686326396426298e-09,-1.853285529992275e-09,-4.539614436844448e-09,3.473516097551729e-09,-1.0661110291574078e-09,5.505706060948384e-10,6.831393700871535e-11,0.0,-8.670079394026819e-10,5.762543133862944e-10,0.0
295,2 O=CO.[Pt] <=> O=C(O)[Pt] + OC(O)[Pt],-1.0822551467384755e-09,1.4026419367304021e-09,-1.4382658043289692e-09,1.0466415935826612e-09,-8.006356271985227e-10,1.684267153345777e-09,2.4849021142621197e-09,-1.9351951384164164e-09,5.497002771856535e-10,-1.1641638684816925e-10,8.756483119512437e-11,0.0,9.352568020377706e-10,-2.355652780604909e-10,0.0
296,OC=[Pt] + O=CO.[Pt] <=> OC#[Pt] + OC(O)[Pt],-2.494578977987865e-09,1.4123588667073104e-09,-3.30056847638059e-09,6.063661809655071e-10,-1.8569943351070004e-09,2.0499332428441445e-09,3.906930733827002e-09,-3.1570174774926537e-09,7.499107392540806e-10,-4.0190734816250506e-10,-2.6236027667241463e-11,0.0,1.0316759041720259e-09,-9.130906455662487e-10,0.0
297,O=CO.[Pt] + OCO.[Pt] <=> 2 OC(O)[Pt],2.7812934820810605e-09,5.337812903557054e-10,3.78758847931664e-09,1.5400968809842068e-09,1.985271487809984e-09,-2.6222928168838966e-10,-2.2475103928614602e-09,1.4550729532151316e-09,-7.924369961516297e-10,3.820142550623727e-10,8.276881849417005e-11,0.0,-7.272360149655762e-11,5.661007894384908e-09,0.0
298,O=CO.[Pt] + [Pt] <=> O=C[Pt] + O[Pt],-1.7136325291459142e-09,4.2113917215205494e-10,-2.3309094842771834e-09,-1.961314420160841e-10,-1.225327506499298e-09,9.094402469926429e-10,2.134769174002284e-09,-1.58871452862778e-09,5.460428756649537e-10,-2.7164938056903364e-10,-3.494237824981013e-11,0.0,4.3550486919224177e-10,8.831056073682685e-10,0.0
299,O=CO.[Pt] + [Pt] <=> O=C[Pt] + O[Pt],-1.0148391105882625e-09,-1.983831942769622e-09,-1.531026900287512e-09,-2.5000146405558264e-09,-6.064999024269157e-10,-1.575495694362746e-09,-9.6899465645812e-10,1.3703423941604206e-09,4.013388602047946e-10,-9.954904992545203e-11,5.34747060733584e-12,0.0,-8.318891216714779e-10,-8.392288223986836e-11,0.0
300,O=C=[Pt] + O=CO.[Pt] <=> O=C(O)[Pt] + O=C[Pt],4.62910120200592e-09,-8.39911003083621e-10,6.341186025083703e-09,8.721779727484916e-10,3.2747951169858817e-09,-2.1942320930160277e-09,-5.469019747243505e-09,3.724001391879537e-09,-1.745025150656727e-09,5.296410661273042e-10,-5.100150091746557e-11,0.0,-1.1447085354125485e-09,4.306881808128396e-10,0.0
301,O=C=[Pt] + O=CO.[Pt] <=> O=C(O)[Pt] + O=C[Pt],-1.6849582227299794e-09,1.3217809875913529e-09,-2.256965731590816e-09,7.497906917476539e-10,-1.2324632508127528e-09,1.7742772676838366e-09,3.006733242398292e-09,-2.35183228046407e-09,6.54890013471193e-10,-2.3132825405011e-10,4.139276466990898e-11,0.0,9.371606882200215e-10,3.80455536424931e-09,0.0
302,O=CO + 2 [Pt] <=> O=C[Pt] + O[Pt],1.7468247524263275e-06,8.372994744844434e-06,1.993192878632381e-06,8.619362908296269e-06,1.551937147947546e-06,8.178107126895229e-06,6.626169874314008e-06,-6.143217591973585e-06,4.829518675533201e-07,2.302830141012202e-07,2.4862499762225087e-07,0.0,4.1219557126028045e-06,-6.179405614243823e-07,0.0
303,O=CO + 2 [Pt] <=> OC=[Pt] + O=[Pt],4.004434007140736e-07,5.610837747603291e-07,1.6516120086842586e-06,1.8122523872244262e-06,-5.892839985295043e-07,-4.286436418943604e-07,1.6064036985899578e-07,-1.4066805921868118e-06,-1.2460402244864822e-06,-6.103312966249812e-08,-6.168954055288465e-08,0.0,1.291931081953954e-07,-3.069016433082287e-07,0.0
304,O=CO + 2 [Pt] <=> O=C(O)[Pt] + [Pt],-5.1745075302456855e-06,-2.3200600008291955e-06,-2.5830660339628398e-05,-2.2976213383495916e-05,1.1165384871287076e-05,1.4019832870188077e-05,2.8544476801368753e-06,1.8349000045447976e-05,2.1203448247264563e-05,1.2253026822908956e-06,1.2460951069733339e-06,0.0,1.3146490401137062e-06,-8.472570191676644e-07,0.0
305,O=CO + [Pt] <=> OC(O)[Pt],1.5041652927742036e-07,2.2197421372368621e-07,5.903900389744832e-07,6.619477331648156e-07,-1.9762116501463454e-07,-1.2606348827633826e-07,7.155768886865073e-08,-5.066312280278012e-07,-4.350735413833917e-07,-1.9659006560064113e-08,-2.0465421737254526e-08,0.0,5.75226104175578e-08,-1.355700190684673e-07,0.0
306,O=CO + [Pt] <=> O=CO.[Pt],1.174321375983901e-08,1.5849179270169797e-08,4.141519427078711e-08,4.5521167059760555e-08,-1.172856767265362e-08,-7.622620708109923e-09,4.105960126275259e-09,-3.310473640289929e-08,-2.899877649182268e-08,-9.87834165943713e-10,-1.1994710789167247e-09,0.0,4.26528712809425e-09,-9.901447084832317e-09,0.0
307,C#C.[Pt] + C#[Pt] <=> C#CC=[Pt] + [Pt],1.997357765355315e-06,3.967049088571565e-06,3.564159670845598e-06,5.533851018717993e-06,7.579510625556724e-07,2.7276423534797948e-06,1.9696912847474656e-06,-5.50793911293092e-06,-3.5382479401502663e-06,-9.381062309393652e-07,-9.530731524048184e-07,0.0,5.335631809494245e-07,-2.1585957922532638e-05,0.0
308,C#CC=[Pt] + [Pt] <=> C#CC#[Pt] + [Pt],-4.691423179077183e-06,-4.715488784151743e-05,-6.394095027219041e-06,-4.885755894983045e-05,-3.3445375800525845e-06,-4.580800281387258e-05,-4.2463466648827046e-05,2.1199539572177413e-05,-2.1263936089086775e-05,-9.63850818865804e-06,-9.941668163328134e-06,0.0,-3.357240908693817e-05,5.392958908601969e-05,0.0
309,C#CC#[Pt] + C.[Pt] <=> C#CC=[Pt] + C[Pt],-1.4446120141958485e-06,-1.1286421581310123e-05,-1.9945016216237402e-06,-1.1836311118023352e-05,-1.0096260150556889e-06,-1.0851435623183857e-05,-9.841809708159279e-06,5.89125971203366e-06,-3.9505505857222876e-06,-1.8620144437123519e-06,-1.9238813247656313e-06,0.0,-7.472265470292817e-06,3.40440014206813e-06,0.0
310,C#CC=[Pt] + C#[Pt] <=> C#CC#[Pt] + C=[Pt],0.00016810248077541343,0.0005045057152233966,0.00028395850835116613,0.0006203621325614295,7.645545245900734e-05,0.0004128583786034315,0.00033640266895151654,-0.0005219641889692308,-0.00018556327593222412,-3.90969036805335e-05,-3.914765451919357e-05,0.0,0.00017578824701739302,2.2065102673598596e-05,0.0
311,C#CC=[Pt] + C=[Pt] <=> C#CC#[Pt] + C[Pt],-9.618936088669568e-06,-5.772369698467723e-05,-1.4027983260820888e-05,-6.213274203497865e-05,-6.131192886804007e-06,-5.423595547407297e-05,-4.810476552842857e-05,3.520336179211884e-05,-1.290142068445022e-05,-6.9895682679458065e-06,-7.249560905822349e-06,0.0,-3.4918569420014294e-05,5.565863739039672e-08,0.0
312,C#CC=[Pt] + C~[Pt] <=> C#CC#[Pt] + C#[Pt],-4.316568398111923e-09,3.3078410162155528e-09,-5.730139684016955e-09,1.8942790509909246e-09,-3.1983480210972932e-09,4.426056156506063e-09,7.624407620469501e-09,-6.127709794970604e-09,1.4966947587767395e-09,-6.441684449752087e-10,-3.1449811509393905e-11,0.0,2.2566629524922303e-09,-6.659672580682103e-11,0.0
313,C#CC=[Pt] + C~[Pt] <=> C#CC#[Pt] + C#[Pt],4.480174737059813e-09,-1.7788480441484734e-09,6.032558962876568e-09,-2.2645237852852867e-10,3.252185805254362e-09,-3.0068449571585532e-09,-6.259026290662179e-09,4.787839162557402e-09,-1.4711933473892718e-09,6.135431117319799e-10,1.804771329975846e-11,0.0,-1.502202577786822e-09,2.7713044114256633e-10,0.0
314,C#CC#[Pt] + [H][H].[Pt] <=> C#CC=[Pt] + [Pt],0.0002106535294134234,0.00038991747607992357,0.00032414883331472437,0.0005034129834465511,0.00012087393358194713,0.0003001377192998183,0.00017926356904493735,-0.0006181651688073859,-0.0004389027079186613,-0.00015150497135350894,-0.00015437005741162908,0.0,-1.6027203418409003e-05,-1.8402363638974056e-05,0.0
315,C#CC#[Pt] + O[Pt] <=> C#CC=[Pt] + O=[Pt],-0.00011989452741118084,-0.0005467692585384331,-0.00010221108457982879,-0.0005290858911943254,-0.00013388288019725367,-0.0005607575516247523,-0.0004268752429352847,0.0004111344600416635,-1.5742537932748133e-05,5.436013802197097e-06,4.6673732963012796e-06,0.0,-0.00024527740942695904,-2.041027546246134e-06,0.0
316,C#CC#[Pt] + O.[Pt] <=> C#CC=[Pt] + O[Pt],-0.00047091046414896986,-0.001986225181264091,-0.0004380460895910809,-0.0019533613047082077,-0.0004969075773435821,-0.002012221900529729,-0.0015153218529188688,0.0015965761832210572,8.12301370321244e-05,6.880412141253132e-05,6.715323007844811e-05,0.0,-0.0008290061680348294,-6.032543212177638e-07,0.0
317,C#CC=[Pt] + O=C=[Pt] <=> C#CC#[Pt] + O=C[Pt],2.6301927392988526e-07,7.241068442318639e-07,4.441312684253502e-07,9.052188251360253e-07,1.197520354922533e-07,5.808395909693847e-07,4.6108756206381483e-07,-7.919870324900599e-07,-3.3089948701427724e-07,-7.843166232164376e-08,-7.99446521579795e-08,0.0,2.2236941922139759e-07,4.7365352629534937e-07,0.0
318,C#CC#[Pt] + CO.[Pt] <=> C#CC=[Pt] + OC[Pt],2.3107071158206117e-06,7.47306899596947e-06,2.270149074990349e-06,7.432510963333202e-06,2.3427902579436455e-06,7.505152132678872e-06,5.162361755332147e-06,-3.4484829363706375e-06,1.7138786332499411e-06,5.300758388712943e-07,6.887611826474913e-07,0.0,3.848962663141839e-06,-2.706634037191767e-08,0.0
319,C#CC=[Pt] + OC=[Pt] <=> C#CC#[Pt] + OC[Pt],-3.4766168526013256e-09,2.3592025179922266e-09,-4.594745809416689e-09,1.2410914585304642e-09,-2.5921166681875503e-09,3.2437034692421113e-09,5.835825684658571e-09,-4.679467175839558e-09,1.1563556188367935e-09,-5.155821658775468e-10,2.8024088151569385e-11,0.0,1.6793124993904945e-09,-6.065255523893948e-10,0.0
320,C#CC=[Pt] + C=O.[Pt] <=> C#CC#[Pt] + OC[Pt],4.629986564056611e-09,-1.416876929690204e-09,6.253517251402424e-09,2.066763315484305e-10,3.3457049775918076e-09,-2.7011625168242037e-09,-6.0468605974249526e-09,4.502249127936969e-09,-1.544613890073438e-09,6.117878388113799e-10,4.712458472714709e-12,0.0,-1.3603569938773281e-09,3.2637899506979237e-10,0.0
321,C#CC#[Pt] + C=O.[Pt] <=> C#CC=[Pt] + O=C[Pt],3.642222224819412e-06,4.407584320582e-06,5.261849905226883e-06,6.027212032705148e-06,2.3610281078465505e-06,3.1263901945132614e-06,7.653620732454816e-07,6.74362074258411e-07,1.4397241467691024e-06,4.0871857607114075e-07,3.918102910261554e-07,0.0,8.60434923941755e-07,8.710741658299453e-08,0.0
322,C#CC#[Pt] + OCO.[Pt] <=> C#CC=[Pt] + OC(O)[Pt],-8.485038573196126e-09,-1.3495407711448102e-07,2.470085077030179e-08,-1.0176818586741347e-07,-3.473647082801937e-08,-1.612055236631808e-07,-1.2646903813019238e-07,7.475812568404916e-08,-5.171092439484527e-08,-7.0830611749392946e-09,-8.759273830735641e-09,0.0,-7.513045317750322e-08,1.5240192872651854e-09,0.0
323,CC#[Pt] + C#CC=[Pt] <=> CC=[Pt] + C#CC#[Pt],-2.7849206104822793e-09,-6.897913977086831e-08,-5.707652635484656e-09,-7.190185320552205e-08,-4.728901235972107e-10,-6.666709414093422e-08,-6.61942166517391e-08,3.872415550311254e-08,-2.7470068712676524e-08,-1.1922967141776695e-08,-1.298115200776423e-08,0.0,-4.78767347851412e-08,-1.5336400374065345e-09,0.0
324,C#CC=[Pt] + OC#[Pt] <=> C#CC#[Pt] + OC=[Pt],2.7205793510539185e-07,1.2811297004299487e-06,2.4165631532858873e-07,1.2507280862488053e-06,2.961069304868949e-07,1.305178693521377e-06,1.0090717658762412e-06,-9.324319118662518e-07,7.663984487369062e-08,9.591496630441189e-09,1.163430798107846e-08,0.0,6.011539538052877e-07,1.1807170184341688e-08,0.0
325,C#CC=[Pt] + O=C=O.[Pt] <=> C#CC#[Pt] + O=C(O)[Pt],4.729118553667876e-10,1.5005539317843443e-10,6.557617804918657e-10,3.328997102362846e-10,3.28282602635658e-10,5.417788593931855e-12,-3.2286188358529976e-10,7.264510359197847e-11,-2.502236350201146e-10,-1.748586166616672e-11,-4.777630770741614e-11,0.0,-3.497329776822948e-11,5.022383820928953e-10,0.0
326,C#C.[Pt] + C#CC=[Pt] <=> C=C[Pt] + C#CC#[Pt],-3.661194848124137e-08,-2.275736255685165e-07,-5.723429134882694e-08,-2.481959582606547e-07,-2.029880120226873e-08,-2.1126048633875404e-07,-1.9096168279447826e-07,1.6699546016463816e-07,-2.3966235027592902e-08,-1.5296551544514846e-08,-1.640199579865956e-08,0.0,-1.2468325051619515e-07,-5.33900997317811e-09,0.0
327,C#CC=[Pt] + O=CO.[Pt] <=> C#CC#[Pt] + OC(O)[Pt],-4.0355373471828415e-09,1.8164624657629067e-09,-5.399575220761417e-09,4.5244932993439784e-10,-2.956525574919104e-09,2.895468525654655e-09,5.8520054690552404e-09,-4.514387531725935e-09,1.3376049640018278e-09,-5.838873578163205e-10,-1.0160194153938095e-11,0.0,1.4813083364363853e-09,3.22085982992989e-11,0.0
328,C#CC#[Pt] + O=CO.[Pt] <=> C#CC=[Pt] + O=C(O)[Pt],2.5761465269160615e-09,-1.6033862831004793e-09,-4.2636478647797223e-10,-4.605874622877668e-09,4.951285812335868e-09,7.717646780174334e-10,-4.179533034357069e-09,7.539722521876569e-09,3.3601766904509563e-09,8.194449837608283e-10,3.383277809878794e-10,0.0,-7.109499057760019e-10,-1.2960493382636542e-10,0.0
329,C#CC=[Pt] + C~[Pt] <=> C#CC#[Pt] + C#[Pt],7.037771501010586e-10,-4.353432194749878e-10,9.428555942122839e-10,-1.962715734384409e-10,5.146559675537399e-10,-6.244867369307283e-10,-1.139128999002436e-09,9.01815892404211e-10,-2.3731515906470343e-10,8.069240369272157e-11,-7.419615467678478e-12,0.0,-3.1434737335230393e-10,7.856872563946542e-10,0.0
330,C#CC=[Pt] + C~[Pt] <=> C#CC#[Pt] + C#[Pt],4.842644816619409e-10,-2.8434398437204474e-10,6.511059429812243e-10,-1.17482681218351e-10,3.522986023142746e-10,-4.163106350503391e-10,-7.686059215289526e-10,6.685123299390833e-10,-1.0009805965868278e-10,7.846905799329502e-11,3.9237065581326725e-11,0.0,-1.7513327543993415e-10,-1.089764604111617e-10,0.0
331,2 C#C.[Pt] <=> C#CC=C[Pt] + [Pt],-1.9192364453693344e-10,-1.567551235606021e-10,-2.697475857727855e-10,-2.345624845974263e-10,-1.303616084791359e-10,-9.519234690616839e-11,3.5174490390976436e-11,9.927811168728838e-13,3.615807542621282e-11,-5.924464029148648e-11,-2.409703942430713e-11,0.0,-6.621158315344416e-11,2.9974030474706394e-09,0.0
332,C#C.[Pt] + C#CC#[Pt] <=> C#CC=C[Pt] + C~[Pt],3.817081401191323e-09,-1.6424396768293274e-10,5.248308999972974e-09,1.266980738810876e-09,2.6849324965514478e-09,-1.2964033724727833e-09,-3.98133368289273e-09,2.5595220901138774e-09,-1.4218112554842931e-09,4.2624713266149047e-10,-3.7933619620788613e-11,0.0,-6.748730816218817e-10,2.0939551674922873e-09,0.0
333,C#C.[Pt] + C#CC=[Pt] <=> C#CC=C[Pt] + C#[Pt],2.6137030139050594e-09,-8.312462247602633e-10,3.529916972087081e-09,8.497219123158203e-11,1.888964515722837e-09,-1.555972256693053e-09,-3.4449467635892937e-09,2.6276401118129153e-09,-8.173073264923885e-10,3.5725654843943496e-10,4.24288371000803e-11,0.0,-7.585106803415345e-10,-6.216501641676713e-10,0.0
