,Reaction,SYNGAS Selec,SYNGAS Yield,CO Selectivity,CO % Yield,H2 Selectivity,H2 % Yield,CH4 Conversion,H2O+CO2 Selectivity,H2O+CO2 yield,Exit Temp,Peak Temp,Dist to peak temp,O2 Conversion,Max CH4 Conv,Dist to 50 CH4 Conv
0,[H][H] + 2 [Pt] <=> 2 [Pt],-0.00020699935845970406,0.0015465374904005493,-0.00608149884145026,-0.0043280650043211475,0.004995172293965091,0.0067488003650033185,0.0017535404786754537,0.006089480107946388,0.007843127368111531,-0.0009046044513961577,-0.0014114765258751738,0.0,0.0,0.03169239444184121,0.0
1,O=C=O + [Pt] <=> O=C=O.[Pt],1.8408083800301748e-08,1.225680009092281e-07,3.927308134145321e-08,1.434329929141546e-07,-6.894544287472549e-11,1.0409097656866381e-07,1.0415991524557876e-07,-2.926491396959927e-07,-1.8848922457444237e-07,-3.8760144373444575e-08,-1.3387560617937284e-08,0.0,0.0,6.357771097112295e-08,0.0
2,[C-]#[O+] + [Pt] <=> O=C=[Pt],7.14671994587124e-05,-9.275470093457959e-06,0.0004071676943685015,0.00032642475376694336,-0.0002258128672613486,-0.0003065552967805139,-8.074261184673015e-05,-0.0005109394049398607,-0.0005916816042392614,1.9536942214397745e-05,-0.00014088899928152085,0.0,0.0,0.0003826488090892274,0.0
3,[O][O] + 2 [Pt] <=> 2 O=[Pt],-0.00011880817636401827,0.00035591942357936294,-0.0005221346946170389,-4.74090093712379e-05,0.0002383582147468215,0.0007130875102702423,0.00047472816396069897,-0.00038882127052500634,8.590504758136093e-05,-0.00024079403500846386,0.011129206428010576,0.0,0.0,0.7757914028452896,0.0
4,O=C=[Pt] + O=[Pt] <=> O=C=O.[Pt] + [Pt],9.452023418895733e-07,1.6093508990497573e-06,1.884699376816652e-06,2.54884792676288e-06,1.1322936159142932e-07,7.773779083571853e-07,6.641485467623515e-07,-5.272911978866787e-06,-4.608763467969568e-06,-7.318197442941294e-07,1.1226047807948532e-06,0.0,0.0,-4.9068880883296965e-08,0.0
5,C=[Pt] + [Pt] <=> C[Pt] + [Pt],-0.0005484432360767793,0.001922009781805537,-0.009031577422097349,-0.006561333977214865,0.006963808712180201,0.0094344473177238,0.0024704665669873344,0.009419216765174522,0.011889916030751712,-0.0011840287609902374,-0.0010678643553955459,0.0,0.0,-0.009754610716007148,0.0
6,C[Pt] + [Pt] <=> C + 2 [Pt],7.284170615406182e-07,1.3513622992473298e-06,6.253974035069275e-07,1.2483426384217835e-06,8.196462591852377e-07,1.4425914945429117e-06,6.22945238574576e-07,-2.7140964251573097e-06,-2.0911512015110034e-06,-5.500491621934692e-07,-6.064637923869994e-06,0.0,0.0,-1.4609450153560495e-05,0.0
7,C=[Pt] + [Pt] <=> C#[Pt] + [Pt],-3.439291626542787e-05,0.00017443988571938247,-0.0007524276529280712,-0.0005435963504336756,0.0006014638002769693,0.000810297930142542,0.0002088328738065668,0.0007763088027622252,0.00098514329775149,-0.00010411640319193691,-0.00011299637716837283,0.0,0.0,0.0027092587877312075,0.0
8,O=C=[Pt] + [Pt] <=> C~[Pt] + O=[Pt],0.016696603274299,0.03554053055984753,0.014092970186308194,0.03293640692702716,0.019002254382593033,0.037846616070819676,0.018840781515004932,-0.07851082339586367,-0.05968483393356554,-0.01704822719356664,-0.018617089237509193,0.0,0.0,0.0859005113883033,0.0
9,C#[Pt] + [Pt] <=> C~[Pt] + [Pt],1.0626751694042455e-08,4.5526858592186246e-08,-7.231314896912621e-08,-3.741304576955587e-08,8.407430264424246e-08,1.1897441281766342e-07,3.490011274584638e-08,5.8303566183067455e-08,9.320366876964073e-08,-1.8953607528325058e-08,-1.1789820358659145e-08,0.0,0.0,1.9511560580828857e-06,0.0
10,C~[Pt] + [H][H] <=> C=[Pt],4.0082805610244694e-06,1.1757225361776608e-05,-1.7257974762357793e-05,-9.509031594288355e-06,2.2840644223086367e-05,3.0589590486445826e-05,7.74894449166873e-06,9.539146856080827e-06,1.7288092075920945e-05,-5.715350993791602e-06,-2.7459162637872183e-05,0.0,0.0,2.7637765276682817e-05,0.0
11,C + O=[Pt] + [Pt] <=> C[Pt] + O[Pt],-2.1029367488045327e-08,7.704863671972893e-08,-4.0812005857446324e-08,5.726599843808149e-08,-3.510811039043447e-09,9.456719791238983e-08,9.80780108140491e-08,-1.2135708964964534e-07,-2.327907936661721e-08,-1.6707700229128487e-08,-2.06019178774001e-09,0.0,0.0,-9.22153139930147e-07,0.0
12,O=C=[Pt] + O[Pt] <=> O=C=O.[Pt] + [Pt],4.180342863117293e-07,7.809986643782685e-07,9.450829735743496e-07,1.308047349161866e-06,-4.869446539298475e-08,3.142699100474873e-07,3.6296437836349955e-07,-2.6895120508386767e-06,-2.326547680944783e-06,-3.4985299952660816e-07,1.5814303603687562e-07,0.0,0.0,1.9943580202564184e-07,0.0
13,O[Pt] + [Pt] <=> [Pt] + O=[Pt],7.721792598068093e-08,1.8336193685369153e-07,3.705604968030588e-07,4.7670450132514847e-07,-1.8255201881148744e-07,-7.640800231440948e-08,1.0614401050712967e-07,-8.603291502728693e-07,-7.541851415691987e-07,-5.2879677296132844e-08,1.5182662676057457e-08,0.0,0.0,-2.8682470271770746e-07,0.0
14,C + O[Pt] + [Pt] <=> C[Pt] + O.[Pt],4.7596086861703455e-07,-1.7005413312285161e-06,7.678348392088533e-06,5.501846010620165e-06,-5.902123978018124e-06,-8.078626045771469e-06,-2.176502187268125e-06,-7.82161337090898e-06,-9.998115386903062e-06,1.035266521852638e-06,6.856521850345188e-07,0.0,0.0,-7.913536589578357e-05,0.0
15,O + [Pt] <=> O.[Pt],-3.568108788266841e-08,6.917935368543183e-08,4.464222368921254e-07,5.512826849094694e-07,-4.62608395807234e-07,-3.577479431675134e-07,1.048604416448942e-07,-8.968651527936764e-07,-7.920047185183798e-07,2.7259212648646642e-08,3.8575753868160535e-07,0.0,0.0,1.7778647764554877e-08,0.0
16,O.[Pt] + [Pt] <=> [Pt] + O[Pt],0.00022121298717081868,-0.0008121595362111436,0.0036472504039831806,0.002613842476936485,-0.0028127194834085844,-0.0038460606550399833,-0.0010333702374360609,-0.0037031006109797026,-0.004736432581675691,0.0004999136025289542,0.00035171215177179615,0.0,0.0,-0.022051247438232224,0.0
17,O.[Pt] + O=[Pt] <=> 2 O[Pt],4.87400274713281e-07,-1.214210546737714e-06,6.088446064435848e-06,4.386835153563597e-06,-4.4726140457000424e-06,-6.1742247831425445e-06,-1.7016108066224887e-06,-6.353914766462852e-06,-8.055525467564726e-06,7.406140000249901e-07,4.871600310340737e-08,0.0,0.0,-0.00011186306975348114,0.0
18,[H] + [Pt] <=> [Pt],-5.460354492305873e-08,1.4675265199754964e-07,-1.0146413405471467e-07,9.989206655366505e-08,-1.3106093295946691e-08,1.8825011232033877e-07,2.0135620459956578e-07,-2.0740575309631098e-07,-6.049545667400105e-09,-2.6500600977427338e-08,-2.9683471620879413e-09,0.0,0.0,-1.5773642535586939e-09,0.0
19,C + [Pt] <=> C.[Pt],9.925648380615809e-05,0.0009850791497688363,-0.0025641664841251337,-0.0016783674113511784,0.0024578546081699213,0.0033436981670987714,0.0008858217867249427,0.002155481626119684,0.003041322506574438,-0.0005308467062466657,-0.0021439873133544765,0.0,0.0,-0.037454610306634106,0.0
20,[CH3] + [Pt] <=> C[Pt],-3.5756831759224294e-08,9.174110166265785e-08,-7.383482469322476e-08,5.366309855448551e-08,-2.036809143579807e-09,1.2546113328805523e-07,1.2749793876441474e-07,-1.2670192058931083e-07,7.960181563081295e-10,-1.97828519801864e-08,2.3185295171159634e-08,0.0,0.0,-2.181261079078554e-08,0.0
21,[H][H] + [Pt] <=> [H][H].[Pt],3.789986442354655e-06,7.462092590337277e-06,-3.880812712141359e-06,-2.087068484968992e-07,1.0582873909349034e-05,1.4254980325910492e-05,3.672106017409035e-06,-3.2491430746224224e-06,4.2296282298031283e-07,-3.3776478016872513e-06,-2.2242151279355306e-05,0.0,0.0,1.0894678468217093e-05,0.0
22,[OH] + [Pt] <=> O[Pt],-9.072137174420006e-09,-2.6063074167896336e-07,1.2186795015539733e-06,9.67120903255633e-07,-1.096309417551535e-06,-1.3478680155906024e-06,-2.515585922722654e-07,-1.3466011042613899e-06,-1.5981596956344828e-06,1.8752216577057607e-07,5.639041315440331e-07,0.0,0.0,-1.510676798172129e-07,0.0
23,[CH]=O + [Pt] <=> O=C[Pt],-1.0744186421245352e-08,1.0207506410226188e-07,-7.903755739639442e-09,1.0491549550624218e-07,-1.3259545948035492e-08,9.955971589716046e-08,1.128192539916029e-07,-1.8947240574770476e-07,-7.665316395436886e-08,-2.0314253455569134e-08,-3.3937685436355754e-10,0.0,0.0,-6.084536555856961e-10,0.0
24,O=C=O + 2 [Pt] <=> O=C=[Pt] + O=[Pt],0.009179637502501479,0.017559446945931825,0.015678563239272508,0.02405891723028403,0.0034245042631628232,0.011803831481643807,0.008379040277906662,-0.051972233301244584,-0.043597547797703244,-0.008290700465024253,0.011003703646065992,0.0,0.0,-0.002531131807385288,0.0
25,O + 2 [Pt] <=> [Pt] + O[Pt],0.0008056618012469098,-0.0028595092985875775,0.012991009986164884,0.00932539227606313,-0.009985091195822061,-0.013649866799294658,-0.003665141571186091,-0.013233940328598424,-0.016898596857136305,0.001765219439687509,0.0011805177459412724,0.0,0.0,-0.08244675288907323,0.0
26,CC + 2 [Pt] <=> 2 C[Pt],-1.873334522305693e-05,-4.04815244340331e-05,7.775480485980655e-06,-1.3972704492763836e-05,-4.220827479647904e-05,-6.39564488997995e-05,-2.174818328732918e-05,4.715833797362125e-05,2.5410144429918904e-05,1.805999039754894e-05,1.5035082324030326e-05,0.0,0.0,0.0023081042997403914,0.0
27,C=O + 2 [Pt] <=> O=C[Pt] + [Pt],-4.296964961292819e-07,3.3328174834879696e-07,-3.0925058315789967e-06,-2.3295276006809595e-06,1.928358225088409e-06,2.691336481592314e-06,7.629782553799932e-07,3.5633914627710738e-06,4.326369737965831e-06,-2.479987371306213e-07,8.321177009183592e-07,0.0,0.0,-3.769227878572034e-05,0.0
28,C=O + 2 [Pt] <=> C=[Pt] + O=[Pt],8.617826237669798e-05,0.0001759184531322477,0.00011976989777018156,0.00020951011867321288,5.643114028776383e-05,0.00014617130435098824,8.974011342985933e-05,-0.0004693902244532602,-0.0003796505322613034,-8.407276481989892e-05,-6.696974050450181e-05,0.0,0.0,0.0008888248260066668,0.0
29,CO + 2 [Pt] <=> C[Pt] + O[Pt],6.335768608572491e-06,4.268046465644894e-05,-6.776704481562826e-05,-3.1422375702718046e-05,7.19576239641829e-05,0.0001083023438643583,3.634469374792133e-05,2.0622170938469034e-05,5.6966872174691846e-05,-2.3006483221518873e-05,-1.4327494115090376e-05,0.0,0.0,0.0021631192516656473,0.0
30,CC=O + 2 [Pt] <=> C[Pt] + O=C[Pt],-1.627398421906898e-08,1.4916857328181177e-07,-2.6561099918898207e-08,1.3888144379999467e-07,-7.164213789486894e-09,1.5827833913329574e-07,1.6544255534860592e-07,-2.8344232343150554e-07,-1.1799977943761907e-07,-3.763550346721704e-08,-3.463140998548924e-10,0.0,0.0,-7.536295878113759e-10,0.0
31,C=C + 2 [Pt] <=> 2 C=[Pt],-0.003872911246257732,-0.0032099497939830964,-0.0056658195730509495,-0.005002870007536399,-0.0022851986419831992,-0.0016222266633755182,0.0006629871291826321,0.008402844898882345,0.009065887737838889,0.0009447383739737339,-0.0007865085148354793,0.0,0.0,2.7042712498849066e-06,0.0
32,C.[Pt] + [Pt] <=> C[Pt] + [Pt],-3.8926602612564567e-07,1.8005051099448144e-06,-7.8655019173711e-06,-5.675730954644263e-06,6.231325669059324e-06,8.421096946673098e-06,2.1897711426906524e-06,8.074421836655573e-06,1.0264193157294992e-05,-1.0891120481154779e-06,-1.4401525431269426e-06,0.0,0.0,2.171200766711153e-05,0.0
33,O=C[Pt] + [Pt] <=> O=C=[Pt] + [Pt],-2.739607549095392e-07,2.3154170896865083e-06,-9.135601404783124e-06,-6.546223795881799e-06,7.57347814879999e-06,1.0162856202115846e-05,2.589377860448395e-06,9.240500038317926e-06,1.1829878138577207e-05,-1.3541624116483927e-06,-1.9675723963542832e-06,0.0,0.0,2.2338631682584748e-05,0.0
34,C[Pt] + [H][H].[Pt] <=> C.[Pt] + [Pt],-3.193281904872218e-08,1.402900736880432e-07,-3.07758577517024e-07,-1.3553568137764793e-07,2.1232508681436626e-07,3.8454797653794475e-07,1.722228988223207e-07,1.3829349400587613e-07,3.10516385041083e-07,-5.7804252129221103e-08,-5.545070749000201e-08,0.0,0.0,1.1652673265547947e-06,0.0
35,C#[Pt] + [H][H].[Pt] <=> C=[Pt] + [Pt],7.028723846162541e-06,2.7866067116908918e-05,-5.429049414593325e-05,-3.345316366174656e-05,6.133004747556094e-05,8.216740206946405e-05,2.0837341808919958e-05,3.986088620366813e-05,6.0698236310767965e-05,-1.4069140409298609e-05,-5.63343304392757e-05,0.0,0.0,9.583927214460887e-05,0.0
36,C=[Pt] + [H][H].[Pt] <=> C[Pt] + [Pt],-2.4975839142687716e-08,-1.587175637953146e-10,-5.864366374091596e-08,-3.382652020542623e-08,4.838740459075764e-09,2.965588812117501e-08,2.4817134127766128e-08,5.66467512012138e-08,8.146387341824305e-08,4.945538996706708e-09,-1.1783771534252532e-08,0.0,0.0,1.0766971552995085e-09,0.0
37,C~[Pt] + [H][H].[Pt] <=> C#[Pt] + [Pt],3.436224844524213e-06,8.242623023661204e-06,-8.21130094271202e-06,-3.4049033182672433e-06,1.3750708438712725e-05,1.8557107113879593e-05,4.806398017364697e-06,1.4473211557695295e-06,6.253719233150229e-06,-3.874752474839316e-06,-2.2199268611289026e-05,0.0,0.0,4.017279478204363e-06,0.0
38,[H][H].[Pt] + O=[Pt] <=> [Pt] + O[Pt],8.446459766785451e-08,1.4212586411917324e-07,4.5452386072296565e-07,5.121851120730549e-07,-2.4324193866249315e-07,-1.8558066365962783e-07,5.7661277986693223e-08,-9.062376285271642e-07,-8.485763553407585e-07,-3.888953586620029e-08,4.870129689906879e-08,0.0,0.0,1.3128840839106108e-07,0.0
39,[H][H].[Pt] + O[Pt] <=> O.[Pt] + [Pt],5.887438306815804e-08,-3.598327793373471e-07,1.5749782730901303e-06,1.156271109830368e-06,-1.2837136453454634e-06,-1.70242080699448e-06,-4.1870715706532724e-07,-1.62783190560167e-06,-2.0465390519159375e-06,2.3368550714689497e-07,2.3943055977925256e-07,0.0,0.0,-4.062777089575806e-06,0.0
40,O=C=[Pt] + [H][H].[Pt] <=> O=C[Pt] + [Pt],1.611187582959792e-07,7.732822778396465e-07,-2.071247465451537e-06,-1.459083977160617e-06,2.1379939492137353e-06,2.7501574796505615e-06,6.121635249457622e-07,1.9059463972810427e-06,2.5181099302031146e-06,-4.4255349398545663e-07,-1.4968102935272843e-06,0.0,0.0,3.2071235818442535e-06,0.0
41,C.[Pt] + O=C=[Pt] <=> C[Pt] + O=C[Pt],-4.6486757524314066e-08,3.927492284219454e-07,-1.2791536038489937e-06,-8.399176278893855e-07,1.0451031802034385e-06,1.484339174993392e-06,4.3923598731903354e-07,1.1529323591187468e-06,1.5921683441024176e-06,-2.021568181421748e-07,-3.0632772232995704e-07,0.0,0.0,2.8875130710118373e-06,0.0
42,O=C[Pt] + C#[Pt] <=> C=[Pt] + O=C=[Pt],-3.705214847269544e-07,1.7270043519394302e-06,-7.5330601295510886e-06,-5.435534451492999e-06,5.972275152768744e-06,8.06980111792955e-06,2.0975258463677302e-06,7.735519718971768e-06,9.833045721548049e-06,-1.0446179097224774e-06,-9.268797938372474e-07,0.0,0.0,2.4744394342200447e-05,0.0
43,C=[Pt] + O=C[Pt] <=> C[Pt] + O=C=[Pt],-5.071794749282424e-09,-8.220483917272094e-08,-2.7822949675194252e-08,-1.0495601436621793e-07,1.5075511977146865e-08,-6.205753610242883e-08,-7.71330487813894e-08,1.9070197693059174e-07,1.1356892021503943e-07,1.9574876509923296e-08,-6.458802383347979e-09,0.0,0.0,-1.120571249907752e-08,0.0
44,O=C[Pt] + C~[Pt] <=> C#[Pt] + O=C=[Pt],2.189065275772647e-08,1.073925653266255e-07,6.750505835897412e-08,1.5300696653768362e-07,-1.850325117358709e-08,6.69986652830507e-08,8.550191776316468e-08,-2.608741457663577e-07,-1.7537222525837095e-07,-2.61175726318794e-08,-3.1064304817451646e-09,0.0,0.0,2.217365194215564e-09,0.0
45,O=C[Pt] + O=[Pt] <=> O=C=[Pt] + O[Pt],3.887251108102213e-07,6.251165482048074e-07,1.4993356885597868e-06,1.7357271380047848e-06,-5.947777308249914e-07,-3.583863089230347e-07,2.363914347763713e-07,-3.2470350652224504e-06,-3.0106436445045296e-06,-2.4106811961889244e-07,1.6648670881305316e-08,0.0,0.0,-7.23672227486891e-07,0.0
46,O=C[Pt] + O[Pt] <=> O=C=[Pt] + O.[Pt],-7.676267610152207e-09,1.489807503774147e-07,4.029281316923708e-08,1.9694984074720286e-07,-5.015535760673592e-08,1.0650166867079686e-07,1.5665702495994867e-07,-3.565276928451756e-07,-1.9987066837366897e-07,-2.997575909386503e-08,4.639297099262374e-09,0.0,0.0,-1.2527777427152826e-08,0.0
47,C.[Pt] + O=[Pt] <=> C[Pt] + O[Pt],0.0006683565914578114,9.30024239828439e-05,0.0044861410481486005,0.0039107649150280045,-0.0027124880461245355,-0.0032878227619016903,-0.0005753503220829715,-0.00651136663473433,-0.007086679493650411,6.480449272504365e-05,0.0002661750765721852,0.0,0.0,-0.005205675719593238,0.0
48,C=[Pt] + C.[Pt] <=> 2 C[Pt],8.497130770837195e-09,1.7734825724385156e-07,-9.290003458904439e-08,7.595108688383577e-08,9.828953960456193e-08,2.671406705054525e-07,1.688511316559819e-07,-1.822117700446407e-07,-1.3360645402312035e-08,-5.704926805975469e-08,-6.459426168364912e-08,0.0,0.0,-1.4282682790584291e-07,0.0
49,C.[Pt] + C#[Pt] <=> C=[Pt] + C[Pt],-1.1839939550537546e-05,7.218069496636991e-05,-0.0002998715009809429,-0.00021585110845456182,0.0002432268330676241,0.00032724768189638074,8.402064446531999e-05,0.0003071434741332598,0.0003911643766647568,-4.259644220281388e-05,-5.320623441058896e-05,0.0,0.0,0.0010666098238508621,0.0
50,C.[Pt] + C~[Pt] <=> C[Pt] + C#[Pt],1.1882095433061842e-08,5.530634204153719e-08,2.9713279492619588e-08,7.313752774766244e-08,-3.908335821919684e-09,3.951592611119311e-08,4.342425617445132e-08,-1.394312769191484e-07,-9.60070325797319e-08,-1.731365735681627e-08,-1.2472108849148874e-09,0.0,0.0,-2.5413090751778954e-10,0.0
51,C.[Pt] + O[Pt] <=> C[Pt] + O.[Pt],1.9807791308063373e-06,-6.896573757478916e-06,3.204884177200734e-05,2.3171486208499323e-05,-2.4646037939811605e-05,-3.3523388459049416e-05,-8.877352714770031e-06,-3.3069755613766426e-05,-4.1947105397301045e-05,4.276184150256657e-06,2.6470907142915466e-06,0.0,0.0,-0.00025925731037877925,0.0
52,C#[Pt] + O[Pt] <=> C=[Pt] + O=[Pt],0.00037484821111939757,-5.519728187370482e-05,0.0027799220063608253,0.0023498661705028162,-0.0017549684236191309,-0.0021850047574610504,-0.0004300438809789018,-0.003828062710349936,-0.004258090128986229,9.748259055095479e-05,0.00016300734757051412,0.0,0.0,-0.005914982744770724,0.0
53,C=[Pt] + O[Pt] <=> C[Pt] + O=[Pt],-3.2237025234347054e-08,1.8129997923458262e-07,-3.078972837378269e-07,-9.436029457904428e-08,2.1187430993022732e-07,4.2541132313571096e-07,2.1353700828821613e-07,7.892589372456289e-08,2.924628951925834e-07,-6.569141760548834e-08,-3.355698755026452e-09,0.0,0.0,-1.4511666422437478e-06,0.0
54,C~[Pt] + O[Pt] <=> C#[Pt] + O=[Pt],6.314654070457423e-10,8.509443874938206e-08,2.12704888758178e-08,1.0573347236097229e-07,-1.7645452164163414e-08,6.681752897894309e-08,8.446297469477079e-08,-1.810724940421827e-07,-9.660952819097472e-08,-1.694579323022373e-08,2.2959069138352288e-10,0.0,0.0,-1.6092036431212675e-09,0.0
55,2 C=[Pt] <=> C[Pt] + C#[Pt],3.0713317261339374e-08,1.0576688519220652e-07,-6.834991147989903e-08,6.703672921982762e-09,1.1843890509164256e-07,1.9349247521933624e-07,7.505357376081582e-08,-4.908434014452842e-08,2.5969231629271325e-08,-4.175823067796142e-08,-2.652252799942727e-07,0.0,0.0,-5.190918811587165e-07,0.0
56,C[Pt] + C~[Pt] <=> C=[Pt] + C#[Pt],1.6191495724584576e-05,3.655419115220035e-05,-2.673877248430398e-05,-6.376085785106972e-06,5.4208457842533065e-05,7.457116103317842e-05,2.0362692141114556e-05,-8.775195560241523e-06,1.1587494791236015e-05,-1.719403366686649e-05,-0.00011722480792652371,0.0,0.0,-4.957481842289448e-05,0.0
57,C=[Pt] + C~[Pt] <=> 2 C#[Pt],-3.874452803573404e-08,7.992248202945883e-08,-7.039233322898668e-08,4.82746776822298e-08,-1.0718779587384565e-08,1.079482416899993e-07,1.1866701614681871e-07,-9.465263883319513e-08,2.4014379180480712e-08,-1.051856873383202e-08,-8.958308946194563e-10,0.0,0.0,-2.2699440026675203e-09,0.0
58,C#[Pt] + O.[Pt] <=> C=[Pt] + O[Pt],5.0897891091177996e-06,-7.308099328882285e-05,0.0002537761096087959,0.00017560513280471095,-0.00021513474756710028,-0.0002933053578083942,-7.817077840988972e-05,-0.00024006786816856764,-0.00031823845892023714,4.1922755894417334e-05,6.316171147315959e-05,0.0,0.0,-0.00038763703513370977,0.0
59,C=[Pt] + O.[Pt] <=> C[Pt] + O[Pt],-4.1447937370537294e-08,-1.371278985913244e-07,1.468583213254168e-06,1.3729032426595288e-06,-1.378658254445643e-06,-1.4743382121867713e-06,-9.567996459442726e-08,-2.077497412632063e-06,-2.1731773721129826e-06,1.9162679715397172e-07,3.4456124505473715e-07,0.0,0.0,-8.748550548946137e-06,0.0
60,C~[Pt] + O.[Pt] <=> C#[Pt] + O[Pt],0.00014424753680749599,-0.0056476588552250235,0.01840969212107045,0.012616727813109721,-0.01603074376418217,-0.0218217133172142,-0.0057918980373535935,-0.017072088621273154,-0.022862997860673535,0.0031885455715447084,0.005452754591911295,0.0,0.0,-0.017051574328162088,0.0
61,CO + [Pt] <=> CO.[Pt],-8.53013036055337e-07,-5.739255055086127e-07,-2.4188151470645516e-06,-2.1397276330611975e-06,5.335853250076907e-07,8.126728534216635e-07,2.7908753043546825e-07,3.551597759346381e-06,3.830685298047393e-06,1.2193118211594391e-07,3.031366007454888e-06,0.0,0.0,-0.00015987287848228068,0.0
62,CO.[Pt] + [Pt] <=> C.[Pt] + O[Pt],5.602687005665097e-09,7.284826433295784e-08,1.9990296238243125e-08,8.723587366345935e-08,-7.138281499384118e-09,6.010729574119234e-08,6.724558075541979e-08,-1.6136170968701317e-07,-9.411612671104983e-08,-1.8718762496241125e-08,-3.0952968643217416e-10,0.0,0.0,1.7237670246482527e-08,0.0
63,CO.[Pt] + [Pt] <=> C[Pt] + O[Pt],5.417559836422622e-08,-1.3993420526971298e-08,1.1436120568504663e-07,4.619216368389756e-08,8.781572925209658e-10,-6.729086987777114e-08,-6.816901820350452e-08,-6.466355090779992e-08,-1.3283256990058232e-07,-5.242939068320137e-09,-9.815540780069319e-10,0.0,0.0,1.0801439882980256e-08,0.0
64,CO.[Pt] + [Pt] <=> C[Pt] + O[Pt],5.4477482752630035e-09,9.676051791553734e-08,9.006206127769678e-09,1.0031897386882574e-07,2.2965387318139826e-09,9.360932201533227e-08,9.131277731359123e-08,-2.0210302237630875e-07,-1.107902489887818e-07,-2.8488336921640573e-08,-2.727528340399642e-09,0.0,0.0,8.837475335053982e-08,0.0
65,CO.[Pt] + [Pt] <=> C[Pt] + O.[Pt],-4.639217283424302e-08,-4.356366331537617e-10,-9.329235343053035e-08,-4.733580755912493e-08,-4.859660927428973e-09,4.1096878671486026e-08,4.595654749667929e-08,8.505830473283058e-08,1.310148488666002e-07,1.113049453184578e-08,2.8108130914482014e-11,0.0,0.0,-4.825274093432604e-09,0.0
66,CO.[Pt] + [Pt] <=> C[Pt] + O[Pt],1.5069555082498298e-08,1.4350935577720872e-07,3.209794860977648e-08,1.6053775106206176e-07,-9.95187516859327e-12,1.284298520844881e-07,1.2843980414895607e-07,-3.2118348145548206e-07,-1.927436812144616e-07,-4.3921736581526926e-08,-2.6257757723346407e-09,0.0,0.0,9.074810234316285e-08,0.0
67,CO.[Pt] + [Pt] <=> C[Pt] + O[Pt],7.453735399559302e-08,-4.754940384181975e-10,1.683666463231449e-07,9.335380458110618e-08,-8.55330178853005e-09,-8.356613379027976e-08,-7.501283914219027e-08,-1.3288283251924296e-07,-2.0789567226218253e-07,-9.323505954041103e-09,-5.007292454099721e-10,0.0,0.0,9.784332043926298e-09,0.0
68,CO + 2 [Pt] <=> OC[Pt] + [Pt],-1.3712208701597826e-06,-6.669028097845727e-07,-3.961239844099183e-06,-3.2569218085203116e-06,9.223742394238848e-07,1.6266923049747717e-06,7.043180679653908e-07,5.256834602568226e-06,5.961152708094338e-06,8.712259276820618e-08,5.245046071825122e-06,0.0,0.0,-0.00024461080034418587,0.0
69,C=O + [Pt] <=> OC[Pt],-1.0414770339018037e-08,1.4369774832741572e-07,-6.199758799414962e-09,1.4791275276658013e-07,-1.414736804240288e-08,1.3996514495044637e-07,1.5411252104077903e-07,-2.841219972103487e-07,-1.3000947606349204e-07,-3.397710928084264e-08,-1.5579503362283843e-10,0.0,0.0,-8.879976538552647e-10,0.0
70,OC[Pt] + [Pt] <=> C=[Pt] + O[Pt],-2.7893906877398683e-08,1.218248089429999e-07,-4.528051003296944e-08,1.0443819546485347e-07,-1.2497174895456814e-08,1.3722153328335614e-07,1.4971871216788525e-07,-2.052353888651809e-07,-5.551668996535717e-08,-2.4724130653904246e-08,-3.7525394412528377e-10,0.0,0.0,8.966439468006975e-09,0.0
71,C=[Pt] + O.[Pt] <=> OC[Pt] + [Pt],6.726200874711016e-08,3.907993842188059e-07,-2.3369303503652358e-07,8.984433686761329e-08,3.3377319016011224e-07,6.573105687910649e-07,3.2353737993905457e-07,-4.2389377189445984e-07,-1.0035639597277473e-07,-1.8559434852740912e-07,-2.3797757544905517e-08,0.0,0.0,-7.40280412554407e-09,0.0
72,OC[Pt] + [Pt] <=> CO.[Pt] + [Pt],-1.44178552761081e-06,-8.228800746097258e-07,-4.252263986804921e-06,-3.6333585625802426e-06,1.0470378151671024e-06,1.6659432984725448e-06,6.189054703946541e-07,5.9211538560936595e-06,6.5400593634977584e-06,1.2639732932286457e-07,5.325070752252007e-06,0.0,0.0,-0.00027471795535711455,0.0
73,CO.[Pt] + [Pt] <=> OC[Pt] + [H][H].[Pt],-1.9739691599953874e-08,9.982008556074016e-08,-3.555717558940796e-08,8.400258992865051e-08,-5.732507363489776e-09,1.1382727528598799e-07,1.1955978190692113e-07,-1.681364060523009e-07,-4.857663150407179e-08,-2.1538231595843846e-08,2.438432338916059e-11,0.0,0.0,-3.723455951872717e-09,0.0
74,CO.[Pt] + O=C=[Pt] <=> OC[Pt] + O=C[Pt],-1.6626935458919605e-08,1.7126474261799893e-07,-1.790558320691438e-08,1.6998609347755563e-07,-1.5494627066128042e-08,1.723970522438753e-07,1.878916762757598e-07,-3.288473369077457e-07,-1.4095567443682952e-07,-3.977513468947863e-08,3.020631688052606e-11,0.0,0.0,-4.203383631242519e-10,0.0
75,CO.[Pt] + O=[Pt] <=> OC[Pt] + O[Pt],7.065444629765833e-09,5.73068135160354e-08,2.2044239694054392e-08,7.228560829320523e-08,-6.1990613189597046e-09,4.40423197829567e-08,5.024137763461922e-08,-1.3454845917497964e-07,-8.430709222630198e-08,-1.5882188832559364e-08,1.003121917531763e-09,0.0,0.0,-7.507903321549703e-08,0.0
76,C=[Pt] + CO.[Pt] <=> OC[Pt] + C[Pt],-5.578657038797954e-10,-5.440774357778397e-08,-1.1993191711772575e-08,-6.584307165354507e-08,9.568704051825581e-09,-4.428115520811704e-08,-5.384987290774676e-08,1.1068837997265839e-07,5.683849874543636e-08,1.0169601881487096e-08,1.4193944521643945e-10,0.0,0.0,-1.0837076630931026e-10,0.0
77,C=[Pt] + CO.[Pt] <=> OC[Pt] + C[Pt],-2.983959832347987e-08,1.22039903640548e-07,-5.335448446912828e-08,9.852500039581186e-08,-9.015956331373823e-09,1.4286354399201864e-07,1.5187950065278976e-07,-2.030653183565136e-07,-5.1185820252974094e-08,-2.6502731138921767e-08,-4.2625309490354366e-11,0.0,0.0,-1.549322222384317e-09,0.0
78,C[Pt] + CO.[Pt] <=> OC[Pt] + C.[Pt],-6.458826259210384e-08,1.1683718604688787e-07,-1.6246684360955808e-07,1.8958600226469862e-08,2.2088246743634882e-08,2.0351369481452894e-07,1.814254488955763e-07,-1.2410191382576817e-07,5.732352428296207e-08,-3.249673140504531e-08,-1.8906356785921258e-10,0.0,0.0,-1.0869208124985e-09,0.0
79,CO.[Pt] + C#[Pt] <=> C=[Pt] + OC[Pt],3.775988301534052e-08,-1.0471051264053071e-08,7.284463327881083e-08,2.4613691294571522e-08,6.690530846516387e-09,-4.1540396609839774e-08,-4.823092559497484e-08,-3.7522971187884334e-08,-8.575390935847305e-08,-5.094987752642653e-09,4.2661224385268634e-10,0.0,0.0,-4.034839339704859e-09,0.0
80,CO.[Pt] + C~[Pt] <=> OC[Pt] + C#[Pt],3.271487140230759e-08,6.499457535270792e-08,7.868007382060625e-08,1.1095979884156639e-07,-7.989681166001065e-09,2.4290037690849488e-08,3.2279716259967875e-08,-1.9709330428978865e-07,-1.6481358711947216e-07,-2.181789438214227e-08,4.841894911731384e-10,0.0,0.0,-9.461264476438166e-10,0.0
81,CO.[Pt] + O[Pt] <=> OC[Pt] + O.[Pt],-4.661585198728829e-09,1.0183333846309896e-07,-4.836482905032568e-09,1.0165842731433812e-07,-4.5067042778197775e-09,1.0198821450523793e-07,1.0649492016440611e-07,-2.044741336723042e-07,-9.797921104875063e-08,-2.7467103756078285e-08,-1.139636323358521e-10,0.0,0.0,2.7019665454477624e-10,0.0
82,C=[Pt] + CO.[Pt] <=> OC[Pt] + C[Pt],1.2919342482299704e-08,4.329413184011542e-08,3.147664091238722e-08,6.185141434493395e-08,-3.5141123822484132e-09,2.6860669474085623e-08,3.03747847964495e-08,-1.1758202169693088e-07,-8.720723448040274e-08,-1.458411903555265e-08,2.4741582080676197e-10,0.0,0.0,-1.2096046988863983e-09,0.0
83,C=[Pt] + CO.[Pt] <=> OC[Pt] + C[Pt],-2.626977800272603e-08,4.3378546228576316e-08,-5.603896109207353e-08,1.3609352639326341e-08,9.237780279693008e-11,6.974071615367267e-08,6.96483313172309e-08,-4.016165140902469e-08,2.9486671307733474e-08,-7.216080242690346e-09,-2.6762267484010514e-10,0.0,0.0,-4.1186733287365894e-10,0.0
84,C=O + [Pt] <=> C=O.[Pt],-3.2784303289150486e-06,1.5955195071528517e-06,-2.1832709235959997e-05,-1.695876029978549e-05,1.3152338631175738e-05,1.802628926414556e-05,4.8739500034541e-06,2.6153364093439305e-05,3.102731536460104e-05,-1.4889635022459856e-06,6.283950698555291e-06,0.0,0.0,-0.0002511628784726638,0.0
85,O=C[Pt] + [Pt] <=> C=O.[Pt] + [Pt],-3.266582692505224e-07,2.5381149388670647e-07,-1.7133132193880618e-06,-1.1328434574951051e-06,9.012960601643085e-07,1.4817658244034046e-06,5.804697641023217e-07,1.6697608728307287e-06,2.2502306486514305e-06,-1.3021240637797283e-07,5.368919152939956e-07,0.0,0.0,-1.5866518327045456e-05,0.0
86,C=O.[Pt] + C[Pt] <=> C.[Pt] + O=C[Pt],-5.18177054431996e-08,7.017374165241323e-08,-1.0995699614493317e-07,1.2034461496209362e-08,-3.323711001318524e-10,1.216590834396294e-07,1.219914595000086e-07,-5.5334986682495825e-08,6.665646239819076e-08,-1.147454724925801e-08,-5.561137938830268e-11,0.0,0.0,-7.074770781702142e-10,0.0
87,C=O.[Pt] + [Pt] <=> C=[Pt] + O=[Pt],-2.6038016965364826e-08,1.3183419788095748e-07,-4.48521402709145e-08,1.1302008242701203e-07,-9.377142416218586e-09,1.484950990426195e-07,1.5787222508751967e-07,-2.2763990192638776e-07,-6.976767644678513e-08,-2.902292309391102e-08,-8.02546680723714e-10,0.0,0.0,-3.889663407479179e-09,0.0
88,C=O.[Pt] + C#[Pt] <=> C=[Pt] + O=C[Pt],-9.23849457967977e-09,1.2026136261331722e-07,-1.8534576544544843e-08,1.1096527589981381e-07,-1.006347492258723e-09,1.2849352586729033e-07,1.294998700253256e-07,-2.3432265092239344e-07,-1.0482278298113433e-07,-3.30346077277428e-08,1.6716682350727178e-09,0.0,0.0,-3.956847440501123e-09,0.0
89,C=O.[Pt] + C=[Pt] <=> C[Pt] + O=C[Pt],-2.7147772599948903e-09,1.0281923514722591e-07,-4.013052324393311e-09,1.015209702089106e-07,-1.565099829699225e-09,1.0396891557174223e-07,1.0553401932901949e-07,-2.1131343674096478e-07,-1.0577942313269897e-07,-2.945327898790946e-08,-1.6156031938539192e-10,0.0,0.0,-5.909273861017107e-10,0.0
90,C=O.[Pt] + C~[Pt] <=> O=C[Pt] + C#[Pt],-9.602509246725829e-09,6.930520980656607e-08,-2.131228038883407e-08,5.759543685854843e-08,7.670958010060758e-10,7.96748164535237e-08,7.890772292905809e-08,-1.292599495175497e-07,-5.035223090513066e-08,-1.9538326313192137e-08,4.983097156473267e-10,0.0,0.0,-8.61124040646487e-10,0.0
91,C=O.[Pt] + [Pt] <=> O=C[Pt] + [H][H].[Pt],9.576157482637626e-09,2.5715200372480045e-08,8.187813761207691e-09,2.4326856427530904e-08,1.0805595344564433e-08,2.6944633610975313e-08,1.6139040322153023e-08,-7.36921510680031e-08,-5.755310692959234e-08,-1.5577934280889603e-08,-2.3267181131564163e-10,0.0,0.0,2.9026423310393963e-09,0.0
92,C=O.[Pt] + O=[Pt] <=> O=C[Pt] + O[Pt],-2.5827697661903025e-08,2.076960487613968e-07,-2.7210273127390438e-08,2.0631346880156878e-07,-2.4603367887505204e-08,2.0892037769439527e-07,2.3352374877971623e-07,-4.008175889915203e-07,-1.6729385241954125e-07,-4.693100096121257e-08,2.9450213829699377e-10,0.0,0.0,-8.325094846689666e-08,0.0
93,C=O.[Pt] + O[Pt] <=> O=C[Pt] + O.[Pt],7.24278933772198e-09,6.422170840006801e-08,1.3436795378587987e-08,7.04157140750731e-08,1.7576662219338198e-09,5.873658078689923e-08,5.6978914709870106e-08,-1.4963614987368226e-07,-9.265723803059297e-08,-2.1875746193817727e-08,-1.7265613165627351e-10,0.0,0.0,1.828282011671086e-09,0.0
94,C=O.[Pt] + O=C=[Pt] <=> 2 O=C[Pt],2.2247752782775382e-08,-4.298506338535832e-08,3.647417107329987e-08,-2.8758649378834553e-08,9.649527153405131e-09,-5.558328522102544e-08,-6.523280769926481e-08,4.835691198861374e-08,-1.6875904303203352e-08,3.299282703546096e-09,-8.2509745421462e-11,0.0,0.0,8.301609645581126e-10,0.0
95,C=O.[Pt] + OC[Pt] <=> CO.[Pt] + O=C[Pt],-5.3534807706046714e-09,1.146581662138357e-07,9.974448218120452e-10,1.2100908257182676e-07,-1.0977552264544837e-08,1.0903408611469704e-07,1.2001164799376247e-07,-2.334539667387597e-07,-1.1344233208706947e-07,-2.840374209239148e-08,-6.799256684558964e-11,0.0,0.0,-4.373388445237179e-09,0.0
96,C=O.[Pt] + [Pt] <=> OC[Pt] + [Pt],2.8530548750379904e-08,1.4907095023113282e-07,6.893033265178724e-08,1.8947071871688175e-07,-7.245551230768666e-09,1.1329484229721619e-07,1.205404035940018e-07,-3.585493600795298e-07,-2.3800896510625348e-07,-4.507444921992363e-08,3.5488641819363993e-09,0.0,0.0,-1.2043117655022348e-07,0.0
97,C=O.[Pt] + [H][H].[Pt] <=> OC[Pt] + [Pt],-3.028681706798883e-08,1.4632529303007161e-07,-5.5616669604374536e-08,1.209954373056048e-07,-7.85594088203467e-09,1.6875616721786638e-07,1.7661211239406935e-07,-2.522999464944912e-07,-7.568783503547474e-08,-3.389525624361608e-08,1.1691243423407616e-09,0.0,0.0,2.516480193408916e-09,0.0
98,C=O.[Pt] + O=C[Pt] <=> OC[Pt] + O=C=[Pt],1.164541167809533e-08,-2.1379216680079443e-08,2.6920663615243753e-08,-6.103963471527965e-09,-1.8816101287811316e-09,-3.4906239612848754e-08,-3.3024622364240934e-08,2.1042301709508626e-08,-1.1982325291637468e-08,4.023179069618553e-09,1.6509510114800666e-10,0.0,0.0,-6.405851496396695e-10,0.0
99,C=O.[Pt] + O[Pt] <=> OC[Pt] + O=[Pt],-3.5192381286176574e-08,1.630458928721441e-07,-6.125249961632044e-08,1.369857562383513e-07,-1.2114793230325095e-08,1.8612346839267265e-07,1.9823826940665086e-07,-2.764411548089884e-07,-7.820288974781555e-08,-3.516934590577956e-08,7.823398266903709e-10,0.0,0.0,-3.058918233938267e-09,0.0
100,C=O.[Pt] + C[Pt] <=> C=[Pt] + OC[Pt],4.168321282227136e-08,5.929631930869222e-08,1.069191691727618e-07,1.2453227135857617e-07,-1.6086584217832985e-08,1.5265260769962487e-09,1.7613103888469534e-08,-2.0846968928706918e-07,-1.9085658741365924e-07,-1.9250670148612634e-08,1.4360287192825814e-10,0.0,0.0,1.2263714966927445e-08,0.0
101,C=O.[Pt] + C.[Pt] <=> OC[Pt] + C[Pt],-4.793940327745751e-09,7.62572028739712e-08,-3.185150835283342e-10,8.073261558911151e-08,-8.757159731436703e-09,7.229397778266517e-08,8.105114273336318e-08,-1.486436004798124e-07,-6.75924624344787e-08,-1.687212338764904e-08,-3.1601327009301296e-10,0.0,0.0,-4.8299477652950004e-09,0.0
102,C=O.[Pt] + C=[Pt] <=> OC[Pt] + C#[Pt],-1.1468371468135386e-08,-2.1089195757092313e-08,-3.036539728735537e-08,-3.998622079911914e-08,5.265917523854576e-09,-4.354907453346881e-09,-9.620815941215395e-09,6.416854288898569e-08,5.454772069335269e-08,5.271812247388202e-09,-8.685733796371544e-11,0.0,0.0,-3.2420677500459154e-09,0.0
103,C=O.[Pt] + C#[Pt] <=> OC[Pt] + C~[Pt],-4.11064936174599e-08,2.19320757400605e-09,-1.620772127160651e-07,-1.1877753194353699e-07,6.601929254044848e-08,1.0931899020980784e-07,4.3299700147480024e-08,1.608063049867924e-07,2.0410599598838183e-07,-7.857490850300274e-09,3.956768546054006e-08,0.0,0.0,-1.324139162068735e-06,0.0
104,C=O.[Pt] + O.[Pt] <=> OC[Pt] + O[Pt],2.0622228292286795e-08,9.842443552494872e-08,5.022883318615156e-08,1.2803101237667791e-07,-5.595956153243789e-09,7.220623752528775e-08,7.780220251458174e-08,-2.4378469976858925e-07,-1.659825010689159e-07,-3.016243294918383e-08,-3.2822433436386394e-10,0.0,0.0,1.812508369135499e-09,0.0
105,2 C=O.[Pt] <=> OC[Pt] + O=C[Pt],-1.4427115060172682e-09,2.950231252556919e-09,-1.1322501412060268e-08,-6.929558933231996e-09,7.306339006738367e-09,1.1699277191672662e-08,4.392952121832838e-09,-6.83915620742919e-09,-2.446214261305596e-09,-5.1406491351717694e-09,1.0245196338701582e-10,0.0,0.0,-1.8723897898724496e-10,0.0
106,C=O.[Pt] + CO.[Pt] <=> 2 OC[Pt],-1.6486460383337228e-08,9.632119638605051e-08,-2.7999260153345956e-08,8.480838080257406e-08,-6.291271662318701e-09,1.065163871493202e-07,1.1280766448634194e-07,-1.7186770935806305e-07,-5.906004140251529e-08,-2.2041582429765276e-08,-1.7643664691040693e-10,0.0,0.0,-1.6933297366443978e-09,0.0
107,C.[Pt] + C~[Pt] <=> CC#[Pt] + [Pt],-1.938561118003399e-09,3.582915491942522e-08,-8.690446528616044e-09,2.9077266345117137e-08,4.040568970944682e-09,4.180829977137687e-08,3.7767720856041356e-08,-7.580286516231955e-08,-3.8035147670631765e-08,-1.3737052935544839e-08,-3.9192601639601213e-10,0.0,0.0,-5.618045683091548e-09,0.0
108,CC#[Pt] + [Pt] <=> C[Pt] + C~[Pt],-2.2132119668716697e-08,8.616952060562819e-08,-4.750448308343126e-08,6.079712801170173e-08,3.364140494190934e-10,1.0863804659794252e-07,1.0830163680175464e-07,-1.4546602520854602e-07,-3.7164399246699483e-08,-2.2876500282042476e-08,-6.413644128637355e-11,0.0,0.0,-1.1097049628276811e-09,0.0
109,CO.[Pt] + C~[Pt] <=> CC#[Pt] + O[Pt],-1.4467892416831079e-08,-4.9783074069763295e-08,-3.9683743064217804e-08,-7.499893157792314e-08,7.862053151519225e-09,-2.745313438723369e-08,-3.5315185268942574e-08,1.2936628928750737e-07,9.405109832789434e-08,1.3050234033900182e-08,1.1625084406460281e-11,0.0,0.0,2.5500722099198886e-10,0.0
110,OC=[Pt] + [Pt] <=> O=C[Pt] + [Pt],2.7341065390456262e-08,-9.61206098552244e-10,1.3822657741980292e-08,-1.4479617396148626e-08,3.9312311155016596e-08,1.1010042897492031e-08,-2.8302272825407718e-08,5.81191084764497e-09,-2.2490359088006753e-08,-1.3591126327822456e-08,-1.5061383746704858e-09,0.0,0.0,-8.909186987692622e-10,0.0
111,OC=[Pt] + [Pt] <=> C#[Pt] + O[Pt],6.999030952436149e-06,1.6540348776589757e-05,3.998424970662984e-06,1.3539742507655848e-05,9.656221978390092e-06,1.91975400688007e-05,9.541317169095321e-06,-3.402696869003777e-05,-2.4485654778050505e-05,-8.093885943958791e-06,-5.933875288463757e-06,0.0,0.0,2.878581888555942e-05,0.0
112,C#[Pt] + O.[Pt] <=> OC=[Pt] + [Pt],0.0017588140460819987,0.0063305385371335565,-0.003150284440946108,0.0014212156235768566,0.006106073427436118,0.010677996659718008,0.004571644084333095,-0.0071466577802788405,-0.002575340415715,-0.0032929439418725942,-0.00042098882268114723,0.0,0.0,-1.79691583138458e-07,0.0
113,CO.[Pt] + C#[Pt] <=> OC=[Pt] + C[Pt],-1.2964864932732287e-08,7.795759561665048e-08,-1.2803547248908357e-10,9.079442643183399e-08,-2.433253813081375e-08,6.658993800145736e-08,9.092247268480273e-08,-1.51361793819311e-07,-6.043932311589826e-08,-1.1902836253885617e-08,2.8051460990822552e-08,0.0,0.0,-1.0933383481745526e-07,0.0
114,OC[Pt] + [Pt] <=> OC=[Pt] + [Pt],-2.5565892822249634e-08,2.2783283232712786e-07,-4.5952497031211016e-08,2.0744623436733587e-07,-7.512505497610812e-09,2.458862309005633e-07,2.533987377782833e-07,-4.2650864835768014e-07,-1.7310991751504668e-07,-5.798327005758468e-08,-1.914301704083001e-09,0.0,0.0,-8.677548126012615e-09,0.0
115,OC=[Pt] + [H][H].[Pt] <=> OC[Pt] + [Pt],2.1054894570060477e-08,2.1245883957689705e-08,5.331837951945392e-08,5.350936188838484e-08,-7.516093914137949e-09,-7.325103132459429e-09,1.9099317742559634e-10,-8.570809225108715e-08,-8.551709752005285e-08,-7.53237758855139e-09,-1.646036341649693e-10,0.0,0.0,-2.2696518981761205e-10,0.0
116,OC=[Pt] + O=C[Pt] <=> OC[Pt] + O=C=[Pt],-3.6056648098737225e-08,1.5798330814772988e-07,-7.087023417340447e-08,1.231697157192797e-07,-5.22742577590682e-09,1.888125193144044e-07,1.940399555485757e-07,-2.6762194204943037e-07,-7.358199378998854e-08,-3.781781154600765e-08,-2.1203019802807313e-10,0.0,0.0,-3.639621962840986e-10,0.0
117,OC[Pt] + O=[Pt] <=> OC=[Pt] + O[Pt],1.825599973861407e-08,2.2253462785457605e-08,4.168761504661236e-08,4.568505252616562e-08,-2.493913602194941e-09,1.5035504816730461e-09,3.997460254802542e-09,-8.499882593412024e-08,-8.100137685845699e-08,-1.0300722812287796e-08,-1.2503298099995477e-09,0.0,0.0,-4.0404477459397344e-08,0.0
118,OC=[Pt] + C[Pt] <=> C=[Pt] + OC[Pt],-2.7649636047360073e-08,2.1156502969823367e-07,-3.0483626477216845e-09,2.3616629796557613e-07,-4.943534183056588e-08,1.8977930685581305e-07,2.3921466318160864e-07,-4.66877998263189e-07,-2.2766333913874202e-07,-4.891749255366173e-08,-6.179063157118376e-09,0.0,0.0,4.9299351327011376e-08,0.0
119,OC=[Pt] + C.[Pt] <=> OC[Pt] + C[Pt],-2.1518619643447023e-08,-4.133479947395401e-08,-4.2615794555319224e-08,-6.243196356740209e-08,-2.8359734269500633e-09,-2.26521412336014e-08,-1.981616914390932e-08,1.2638500629042107e-07,1.0656883027038686e-07,1.7748210301679974e-08,-3.086412653474528e-10,0.0,0.0,-3.893752870358776e-09,0.0
120,OC=[Pt] + C=[Pt] <=> OC[Pt] + C#[Pt],1.589889343741098e-08,1.0901961617127464e-07,5.434073175884903e-08,1.474614545380477e-07,-1.814333299591525e-08,7.497738969780191e-08,9.312072455700914e-08,-2.5576164929474095e-07,-1.6264093165722916e-07,-2.566793983089176e-08,-2.7064708704341186e-10,0.0,0.0,-2.795732087187085e-09,0.0
121,OC=[Pt] + C=[Pt] <=> OC[Pt] + C#[Pt],-1.1188347498375755e-08,9.309449109992417e-08,-6.178444317340083e-09,9.810440401627883e-08,-1.5624886586063115e-08,8.865797213525691e-08,1.0428285123418025e-07,-1.7701480388810655e-07,-7.273195416724071e-08,-1.821783709372424e-08,-2.7342576575519993e-10,0.0,0.0,-3.725208578821115e-09,0.0
122,OC[Pt] + C~[Pt] <=> OC=[Pt] + C#[Pt],6.014644882213567e-08,-1.3701227829333758e-09,-2.507369215489089e-09,-6.402394919681379e-08,1.156296294836544e-07,5.411306529619088e-08,-6.151656429725277e-08,6.214271458640894e-08,6.261407349832741e-10,-3.146079801610067e-08,-3.159234828557273e-08,0.0,0.0,-1.0670138914096065e-07,0.0
123,OC=[Pt] + O.[Pt] <=> OC[Pt] + O[Pt],-5.2065198877031374e-08,5.225859454689068e-09,-1.1232024272180441e-07,-5.5029179220889335e-08,1.2937318105287014e-09,5.85848143088074e-08,5.72910680646072e-08,7.614169849999333e-08,1.3343276453391578e-07,5.724292293937702e-09,1.0675229948859259e-09,0.0,0.0,-4.808536506075398e-08,0.0
124,OC=[Pt] + C=O.[Pt] <=> OC[Pt] + O=C[Pt],8.75560896988205e-08,-4.7177727752263624e-07,1.2202528831319265e-07,-4.373080782067146e-07,5.703182823630012e-08,-5.023015276450265e-07,-5.593333571507679e-07,8.362815048011994e-07,2.769481395231189e-07,9.679086852372695e-08,5.535241409339454e-10,0.0,0.0,-1.306583390031118e-09,0.0
125,OC=[Pt] + CO.[Pt] <=> 2 OC[Pt],1.06031530993366e-08,3.730859629357293e-08,1.8816662503766493e-08,4.5522105305365144e-08,3.3296558113651475e-09,3.0035111314690775e-08,2.670544462070191e-08,-9.74426228379684e-08,-7.07371780345746e-08,-1.4843534742300055e-08,-7.619628494705917e-11,0.0,0.0,-2.6450061696248097e-09,0.0
126,C=O.[Pt] + OC[Pt] <=> OC=[Pt] + OC[Pt],2.464962028942055e-09,1.0748983234867323e-07,2.039258344967285e-08,1.254174511494494e-07,-1.3410881434373282e-08,9.161400316685099e-08,1.0502487553943009e-07,-2.2907800381940344e-07,-1.240531371728989e-07,-2.5468801367224362e-08,-3.107583538897675e-11,0.0,0.0,5.500327573057445e-10,0.0
127,OC=[Pt] + C=[Pt] <=> OC[Pt] + C#[Pt],-3.430865197669185e-08,1.5211086509589262e-07,-6.196726415875158e-08,1.244522380818327e-07,-9.815539263338912e-09,1.766039693396181e-07,1.8641951313906942e-07,-2.589676054989722e-07,-7.25480991636902e-08,-3.427813695420896e-08,1.6210849409724125e-10,0.0,0.0,4.001539427685286e-09,0.0
128,OC=[Pt] + C=[Pt] <=> OC[Pt] + C#[Pt],-6.291715221410013e-09,5.060115665856741e-08,-1.2297834822492987e-08,4.4595042127893985e-08,-9.729991413331965e-10,5.591988020992402e-08,5.689288132605789e-08,-9.416627115016063e-08,-3.727338661081036e-08,-1.3345293036940523e-08,-2.797203236533321e-10,0.0,0.0,-3.7202428024673193e-09,0.0
129,OC#[Pt] + [Pt] <=> O=C=[Pt] + [Pt],1.135880979037269e-06,6.738103651383728e-06,-9.546482242584613e-06,-3.944260173161037e-06,1.0595663432538956e-05,1.619788663880466e-05,5.602222613001792e-06,1.6814482854392076e-06,7.283670996429032e-06,-3.5674284659096195e-06,-1.7572710279519254e-06,0.0,0.0,0.00022824126639877035,0.0
130,OC#[Pt] + [Pt] <=> C~[Pt] + O[Pt],0.005440574301229057,0.013702011504763799,0.00017203038512344284,0.008433032354878581,0.010106141110647487,0.018367963736073925,0.008260987758358124,-0.023540320271872944,-0.015281277176503343,-0.0067737393498313835,-0.005546098521956473,0.0,0.0,0.04708984840735478,0.0
131,C~[Pt] + O.[Pt] <=> OC#[Pt] + [Pt],0.0008581120722864777,0.003058517052259727,-0.0020390711906180586,0.0001612700401364848,0.003423716969468977,0.005624178402651739,0.0022003860981994975,-0.0024924690114942333,-0.00029213775724341715,-0.0015810884130015369,-0.00038939104727690147,0.0,0.0,1.6985876174895935e-09,0.0
132,CO.[Pt] + C~[Pt] <=> C[Pt] + OC#[Pt],-2.517803849958406e-07,-4.1038629936505805e-07,-4.735537625984154e-07,-6.321596749959126e-07,-5.5388644462970394e-08,-2.1399456057824747e-07,-1.586059155415402e-07,1.1717249670553064e-06,1.013119045240093e-06,1.2803223881519346e-07,1.0676068467142624e-06,0.0,0.0,-1.3211278568668948e-06,0.0
133,OC[Pt] + C~[Pt] <=> C=[Pt] + OC#[Pt],3.287740989519829e-09,2.323386772794808e-07,3.205810214455412e-08,2.611090296936831e-07,-2.2189882661071824e-08,2.0686104940795728e-07,2.2905093188171007e-07,-4.890294816611579e-07,-2.599785476417544e-07,-5.7229045253601426e-08,3.598294418884194e-10,0.0,0.0,-5.050194551810418e-09,0.0
134,OC=[Pt] + [Pt] <=> OC#[Pt] + [Pt],6.368296467455463e-09,6.976916851733292e-08,1.724505037901469e-08,8.064591129332619e-08,-3.2636289472658268e-09,6.013723618097071e-08,6.340087142614007e-08,-1.5718255305614683e-07,-9.378167785477325e-08,-2.0035877202450515e-08,-1.2812166196258177e-10,0.0,0.0,-1.0682261250489155e-09,0.0
135,OC#[Pt] + [H][H].[Pt] <=> OC=[Pt] + [Pt],3.685355234208751e-07,1.2809134898744404e-06,-4.688233118127033e-07,4.435546536620206e-07,1.1100598828032597e-06,2.0224378549450086e-06,9.123779757619457e-07,-1.743816064862712e-06,-8.314381052129315e-07,-6.741057182131576e-07,-4.399631334726585e-08,0.0,0.0,9.694860438210552e-08,0.0
136,OC#[Pt] + O=C[Pt] <=> OC=[Pt] + O=C=[Pt],3.7815334511058508e-06,1.3374624234630669e-05,-2.514612586980868e-06,7.0784776074437545e-06,9.357094830185602e-06,1.895018616895448e-05,9.593090433204226e-06,-2.2359301782171678e-05,-1.2766213499466742e-05,-6.9679081399410695e-06,-5.482913407449366e-08,0.0,0.0,1.1386525179253972e-08,0.0
137,OC#[Pt] + O[Pt] <=> OC=[Pt] + O=[Pt],2.48497439849761e-07,-1.2767640651847962e-07,8.183369597144144e-07,4.421631018320024e-07,-2.5612479656628666e-07,-6.322986375595053e-07,-3.761738441078123e-07,-5.482394386490169e-07,-9.244132903104659e-07,3.619935280581396e-08,8.797737231548128e-08,0.0,0.0,-2.085284890548318e-06,0.0
138,OC=[Pt] + C=[Pt] <=> C[Pt] + OC#[Pt],-1.4809158546077355e-08,2.428849573933094e-07,-9.148802444160358e-09,2.485453024338898e-07,-1.9821707173987763e-08,2.3787241373941264e-07,2.57694113742919e-07,-4.845446333771667e-07,-2.268505272779908e-07,-5.990644734502118e-08,4.022468230397964e-11,0.0,0.0,-1.12314176943207e-09,0.0
139,C.[Pt] + OC#[Pt] <=> OC=[Pt] + C[Pt],2.3628388692915563e-06,8.423125623371887e-06,-3.4048425383263727e-06,2.655443855756114e-06,7.470417618040385e-06,1.3530704690917338e-05,6.060286608368318e-06,-1.0862701663699863e-05,-4.8024157263716506e-06,-4.387973211683463e-06,-2.508527628345998e-07,0.0,0.0,8.076922870796432e-08,0.0
140,OC=[Pt] + C#[Pt] <=> C=[Pt] + OC#[Pt],5.243146327677272e-06,1.8957514131697934e-05,-9.957841953854419e-06,3.7565237677809655e-06,1.87044038451581e-05,3.241877351002086e-05,1.3714367089575784e-05,-2.044284725573173e-05,-6.728482975858829e-06,-9.830774471311408e-06,-1.160819911312922e-06,0.0,0.0,1.330824557563401e-06,0.0
141,OC=[Pt] + C~[Pt] <=> OC#[Pt] + C#[Pt],-1.5780837026799165e-08,2.467054650320065e-07,-1.0580492693238102e-08,2.519058093244597e-07,-2.038602155704533e-08,2.4210029249955185e-07,2.6248631185915836e-07,-4.899942498054244e-07,-2.2750793727247397e-07,-6.032419099571597e-08,-6.596999118462826e-11,0.0,0.0,1.5072591756227518e-09,0.0
142,OC=[Pt] + C~[Pt] <=> OC#[Pt] + C#[Pt],-1.389853191359456e-08,4.264920377610235e-08,-2.4900866554036597e-08,3.164685949229715e-08,-4.155398299813066e-09,5.2392345929578284e-08,5.65477352668279e-08,-6.381565982684289e-08,-7.267930641895587e-09,-8.012655188067808e-09,-2.0212524806224356e-10,0.0,0.0,1.5072591756227518e-09,0.0
143,OC#[Pt] + O.[Pt] <=> OC=[Pt] + O[Pt],-3.8388569878170896e-08,1.0004781927469635e-07,-7.37615882408737e-08,6.467480944384227e-08,-7.063953431718687e-09,1.3137244012714581e-07,1.384363911055077e-07,-1.5712741890219825e-07,-1.869103244416819e-08,-2.247813899187622e-08,1.0144256581416218e-09,0.0,0.0,-1.7057470985738015e-07,0.0
144,C=O.[Pt] + OC#[Pt] <=> OC=[Pt] + O=C[Pt],-3.622564448663076e-08,7.276498923611683e-08,-7.524216132304965e-08,3.374847686334012e-08,-1.674498688223208e-09,1.0731613590310878e-07,1.0899063600497718e-07,-9.035522219575719e-08,1.8635414030373467e-08,-1.5029744602045814e-08,-1.140770477934761e-10,0.0,0.0,-5.731090121263254e-10,0.0
145,CO.[Pt] + OC#[Pt] <=> OC=[Pt] + OC[Pt],-4.09064384339535e-08,1.366217326863271e-07,-7.597358033721611e-08,1.015545906287408e-07,-9.852691335783204e-09,1.676754918825474e-07,1.7752818178302984e-07,-2.182116189249742e-07,-4.068343587251665e-08,-2.9421874923897518e-08,5.261721130702901e-10,0.0,0.0,5.068305030277203e-09,0.0
146,OC=[Pt] + C=O.[Pt] <=> OC[Pt] + OC#[Pt],1.8191776036247924e-08,-8.81942376299121e-08,2.6566610887647605e-08,-7.981938719544872e-08,1.0775428722959635e-08,-9.561056517728989e-08,-1.063860037386203e-07,1.531879398009499e-07,4.680192501981358e-08,1.7418963261189425e-08,-1.709927049444548e-10,0.0,0.0,-6.727458541427829e-09,0.0
147,2 OC=[Pt] <=> OC[Pt] + OC#[Pt],-5.192553579610554e-09,7.383376938559046e-08,-1.0476878376383606e-08,6.854943964284151e-08,-5.13000026719505e-10,7.851333213976702e-08,7.902632843047873e-08,-1.4592390181269213e-07,-6.689758427732184e-08,-2.0623169053677206e-08,1.2041886213228492e-09,0.0,0.0,-1.2887650160557328e-09,0.0
148,OC=[Pt] + C~[Pt] <=> OC#[Pt] + C#[Pt],-3.0799858129344014e-08,1.1440178999649833e-07,-5.696799155919022e-08,8.823366480418096e-08,-7.626629104562191e-09,1.375750285092821e-07,1.452016557605496e-07,-1.8672406914046468e-07,-4.1522417064117896e-08,-2.51871982358023e-08,5.462844542222799e-12,0.0,0.0,-2.103736547061058e-09,0.0
149,OC=[Pt] + C~[Pt] <=> OC#[Pt] + C#[Pt],-1.822471256950405e-08,7.5316094591651e-08,-2.7091665733791257e-08,6.644912994314482e-08,-1.0372557199457964e-08,8.31682649529334e-08,9.354081296813494e-08,-1.265329445041681e-07,-3.299214246677144e-08,-1.4264573720680295e-08,-1.682329288089374e-10,0.0,0.0,-2.108702323414854e-09,0.0
150,[CH]C + 2 [Pt] <=> C[Pt] + C#[Pt],-8.958789825319495e-07,-3.2201903182037587e-07,-1.2952002481487123e-06,-7.213403023241385e-07,-5.422594607420778e-07,3.1600489475816475e-08,5.738599608216136e-07,8.85961428431168e-07,1.4598213835695769e-06,2.765295507379033e-08,-1.7156792924294747e-07,0.0,0.0,-7.124428545240101e-10,0.0
151,[CH]C + 2 [Pt] <=> CC#[Pt] + [Pt],-8.363407684572324e-07,-5.299218798122135e-07,-1.1850398594365525e-06,-8.786209662425375e-07,-5.275497639070958e-07,-2.2113085768631976e-07,3.0641890180401415e-07,1.215366360719169e-06,1.5217852590937341e-06,7.074776718132113e-08,-1.7148352923989894e-07,0.0,0.0,-5.027118296989837e-10,0.0
152,O=CO + 2 [Pt] <=> O=C[Pt] + O[Pt],4.0412966443821065e-07,4.2667884598382167e-07,1.3088755820275807e-06,1.3314247793367287e-06,-3.9706941281894277e-07,-3.7452021166723995e-07,2.2549189451073784e-08,-2.3020018272684117e-06,-2.279452638813677e-06,-1.1337860480651566e-07,-1.0614507123821604e-06,0.0,0.0,-6.051876352673554e-07,0.0
153,O=CO + 2 [Pt] <=> OC=[Pt] + O=[Pt],3.402337541649769e-07,9.584226489119794e-07,-1.408199758290709e-06,-7.900108816082171e-07,1.8885616092775015e-06,2.5067505152001887e-06,6.181888993845607e-07,7.943737467816399e-07,1.412562645748843e-06,-4.764011906828357e-07,-1.758078111250954e-06,0.0,0.0,2.0176946570206333e-05,0.0
154,O=CO.[Pt] + [Pt] <=> O=C[Pt] + O[Pt],1.0668721667852651e-08,1.0202728505995292e-07,2.6698455412066423e-08,1.1805700503174198e-07,-3.526420650936493e-09,8.78321429759663e-08,9.135857455212245e-08,-2.3733590071417759e-07,-1.4597733549485878e-07,-3.172959908784828e-08,-2.0811736474004502e-10,0.0,0.0,7.682348123813638e-10,0.0
155,O=CO.[Pt] + [Pt] <=> O=C[Pt] + O[Pt],-1.3664043081684022e-08,8.882029617647079e-08,-1.1861711883815118e-08,9.062262873974789e-08,-1.526008816191437e-08,8.722425470847053e-08,1.024843438297249e-07,-1.6407559509705783e-07,-6.159125447465259e-08,-1.706501900178821e-08,-7.018526569298703e-11,0.0,0.0,4.2734887091784613e-10,0.0
156,[Pt] + O=CO.[Pt] <=> O=C[Pt] + O.[Pt],1.5139564246792332e-08,5.174746204248794e-08,3.962505394849198e-08,7.623295639011229e-08,-6.543609112506975e-09,3.0064296530371604e-08,3.6607898001592276e-08,-1.3859446162272487e-07,-1.0198657013566516e-07,-1.5711185373184734e-08,-1.4549312955532486e-10,0.0,0.0,-9.315212230738286e-10,0.0
157,C[Pt] + O=CO.[Pt] <=> CO.[Pt] + O=C[Pt],2.0142872321761743e-08,3.57187860437488e-08,3.4741808852747607e-08,5.031773411907023e-08,7.214750655577407e-09,2.2790666115849545e-08,1.557592121572326e-08,-1.1383657075921211e-07,-9.826065155572672e-08,-1.8664791374812944e-08,-2.793611747041894e-10,0.0,0.0,-4.754292702022463e-09,0.0
158,C=[Pt] + O=CO.[Pt] <=> OC[Pt] + O=C[Pt],-1.1027509119297199e-08,-1.4164955121490325e-09,-2.8240459587066556e-08,-1.8629446082382548e-08,4.215444469700491e-09,1.3826458167585946e-08,9.611017824536438e-09,2.5473080583478786e-08,3.5084091987416665e-08,8.956801816381173e-10,-3.713033056847143e-10,0.0,0.0,-1.0609235127639215e-09,0.0
159,C=O.[Pt] + O[Pt] <=> [Pt] + O=CO.[Pt],-1.4871479135967223e-08,1.754536152799818e-07,-1.6347545894890874e-08,1.739775423168217e-07,-1.3564358009238932e-08,1.767607370795115e-07,1.903250985255532e-07,-3.414468556706042e-07,-1.5112175544150132e-07,-4.270796634385918e-08,-2.5696162182344887e-10,0.0,0.0,-5.172878438198317e-09,0.0
160,O=CO.[Pt] + [Pt] <=> OC=[Pt] + O=[Pt],1.889232442618258e-09,4.8752656005303e-08,6.190074082274476e-09,5.30534962860198e-08,-1.9193841934234606e-09,4.494404057267208e-08,4.68634262833495e-08,-1.0641880577700359e-07,-5.9555386997679355e-08,-1.4095552787845035e-08,3.263151741605266e-10,0.0,0.0,-7.314296464649944e-10,0.0
161,C#[Pt] + O=CO.[Pt] <=> OC=[Pt] + O=C[Pt],-2.9363566456080058e-08,1.730158338377631e-07,-5.3966607218601886e-08,1.484127759665801e-07,-7.576307543463307e-09,1.9480309111822218e-07,2.023793990257301e-07,-3.095410083838064e-07,-1.0716160682568407e-07,-4.181196980160308e-08,-6.265447930675325e-10,0.0,0.0,1.0159394210883588e-09,0.0
162,C~[Pt] + O=CO.[Pt] <=> OC#[Pt] + O=C[Pt],-8.958140737090918e-09,1.3320629662279407e-07,-1.9521256067108676e-08,1.226431790089401e-07,3.9604157071168653e-10,1.425604809530512e-07,1.4216444209486895e-07,-2.6523330531315647e-07,-1.2306886811494473e-07,-3.6997509554281344e-08,-4.3816171795406393e-08,0.0,0.0,7.39024363241388e-11,0.0
163,O=CO + [Pt] <=> O=CO.[Pt],-1.499863242421565e-08,2.9258432913187425e-10,-2.333677798220983e-08,-8.04557114435991e-09,-7.614763407245793e-09,7.67645016539679e-09,1.529121504952086e-08,2.694046905371954e-08,4.223168491894688e-08,6.373675189120843e-09,-1.3950101287752337e-10,0.0,0.0,5.517853842541431e-10,0.0
164,O=CO.[Pt] + [Pt] <=> O=C[Pt] + O[Pt],-6.862412978346529e-08,9.943379449587268e-08,-1.4412344905442252e-07,2.393446026485657e-08,-1.7656085838472164e-09,1.662923073392659e-07,1.680579203691628e-07,-8.218036308889451e-08,8.587754399241007e-08,-1.4979548717325585e-08,-2.1168995165520113e-10,0.0,0.0,-6.659982403914485e-10,0.0
165,O=CO.[Pt] + [Pt] <=> O=C[Pt] + O[Pt],1.2235547825864553e-07,-8.225820786453994e-08,2.6901319844787836e-07,6.439951619781438e-08,-7.517481435195107e-09,-2.1213115420547136e-07,-2.0461368117437279e-07,-4.561066815392087e-08,-2.502243588543392e-07,6.107194095238447e-09,3.9024368710792274e-09,0.0,0.0,-2.252125628692135e-10,0.0
166,O=C=O + [Pt] <=> O=C(O)[Pt],-1.782800243011553e-08,4.848946183967786e-08,-2.161523509001116e-08,4.4702233274770874e-08,-1.4474224942471365e-08,5.1843247662387235e-08,6.631747011972984e-08,-7.26143487293151e-08,-6.296883621181892e-09,-4.852824244929342e-09,-7.693159516398813e-10,0.0,0.0,-2.3447227524658583e-09,0.0
167,O=C=O.[Pt] + [Pt] <=> O=C(O)[Pt] + [Pt],3.036382220061983e-06,5.175960172874077e-06,6.112072897670324e-06,8.251650919025668e-06,3.1269981937868224e-07,2.4522777282749565e-06,2.139577898888367e-06,-1.705268540770952e-05,-1.4913107882723885e-05,-2.3573682735718155e-06,-8.409610254930994e-07,0.0,0.0,6.672542897044674e-09,0.0
168,C.[Pt] + O=C=O.[Pt] <=> C[Pt] + O=C(O)[Pt],-4.3607322972871555e-08,-3.987663081052135e-08,-9.714903201665949e-08,-9.341833531928083e-08,3.806616174763773e-09,7.537321103870603e-09,3.73069912900421e-09,1.607755987509973e-07,1.6450628636823093e-07,1.737572731006486e-08,5.4590640269686655e-11,0.0,0.0,-7.23425983400641e-09,0.0
169,C=[Pt] + O=C=O.[Pt] <=> O=C(O)[Pt] + C#[Pt],3.1573526638100593e-07,7.04868759541388e-07,6.506045475521225e-07,1.0397380536145144e-06,1.9191282197111912e-08,4.0832478071485787e-07,3.891334968200417e-07,-2.1054745139259393e-06,-1.716341029097743e-06,-2.7805379728606117e-07,-1.5174475970274632e-07,0.0,0.0,-9.06984445796249e-10,0.0
170,C[Pt] + O=C=O.[Pt] <=> C=[Pt] + O=C(O)[Pt],-1.0996386886601789e-08,8.143738385527548e-08,-1.8411930475318038e-08,7.402183575763816e-08,-4.4295293997094846e-09,8.800423337366106e-08,9.24337815563329e-08,-1.5240580583634485e-07,-5.997203571404712e-08,-2.026123141599491e-08,-8.42865875909047e-10,0.0,0.0,3.3375859187336364e-09,0.0
171,C#[Pt] + O=C=O.[Pt] <=> O=C(O)[Pt] + C~[Pt],7.481079319618473e-08,1.7641297002965171e-07,1.713274142837591e-07,2.7292958269010476e-07,-1.0659630521628924e-08,9.094254181309934e-08,1.0160218620548634e-07,-5.200213258360041e-07,-4.1841914715426565e-07,-6.062399540802608e-08,-4.342692994484082e-08,0.0,0.0,-1.276204522925543e-09,0.0
172,O=C=O.[Pt] + [H][H].[Pt] <=> O=C(O)[Pt] + [Pt],-1.2368860854827869e-08,1.4893704786293315e-07,-1.4576012572933572e-08,1.467298977027233e-07,-1.0414326367833839e-08,1.5089159293171864e-07,1.6130591198962774e-07,-2.9037689048559026e-07,-1.2907098616304842e-07,-3.678310141811922e-08,-2.1507351280765054e-10,0.0,0.0,-7.813795144943529e-10,0.0
173,O=C=O.[Pt] + O[Pt] <=> O=C(O)[Pt] + O=[Pt],-1.7575573591261936e-08,4.9749945605628807e-08,-3.293591301976465e-08,3.438959590642682e-08,-3.973202431341897e-09,6.335230907802397e-08,6.73255234180532e-08,-7.126457162854067e-08,-3.939050951664331e-09,-9.032538548326696e-09,7.29639444047751e-11,0.0,0.0,-2.4057725911684077e-09,0.0
174,O=C(O)[Pt] + O[Pt] <=> O=C=O.[Pt] + O.[Pt],8.485788220478574e-09,1.5323429564025764e-07,2.311625818857582e-08,1.678647662775254e-07,-4.4702459659040655e-09,1.4027827764404778e-07,1.4474851233576283e-07,-3.4332556573464247e-07,-1.985770551587182e-07,-4.641915057202128e-08,1.2870764182697244e-10,0.0,0.0,-9.791342551719892e-10,0.0
175,O=C[Pt] + O=C=O.[Pt] <=> O=C(O)[Pt] + O=C=[Pt],5.787332053080249e-08,1.2554121380992991e-08,1.1237446092905952e-07,6.705526403977911e-08,9.609767498284452e-09,-3.570942883197062e-08,-4.5319187016494505e-08,-1.3858467087396596e-07,-1.8390385640239532e-07,-2.1807749751658895e-08,-9.930846495320388e-10,0.0,0.0,9.91402643810779e-10,0.0
176,O=C(O)[Pt] + [Pt] <=> O=C=[Pt] + O[Pt],2.5235931181112455e-08,9.1929529815728e-08,6.2311389038233e-08,1.2900498115678704e-07,-7.596283062131036e-09,5.909730938140392e-08,6.669359941278248e-08,-2.4887011258145166e-07,-1.821765260230027e-07,-3.0042532274967656e-08,7.859823531377286e-09,0.0,0.0,-3.3314517244142414e-09,0.0
177,O=C=[Pt] + O.[Pt] <=> O=C(O)[Pt] + [Pt],8.665924921311587e-07,5.21988867652929e-07,4.919997462681307e-06,4.575393818895852e-06,-2.7229062498242722e-06,-3.0675098452435723e-06,-3.446036111900699e-07,-7.689440649158786e-06,-8.034044241833275e-06,-4.346267623412335e-08,-1.0847375710956224e-08,0.0,0.0,-1.6372456742956443e-09,0.0
178,CO.[Pt] + O=C=O.[Pt] <=> OC[Pt] + O=C(O)[Pt],2.376723584608573e-08,7.723649522698913e-08,5.7755506292023965e-08,1.1122474442737596e-07,-6.3311389699351936e-09,4.7138117620870454e-08,5.34692573545931e-08,-2.0824217676278416e-07,-1.547729265823387e-07,-2.5093218041552996e-08,5.736742872384766e-10,0.0,0.0,2.669835051393789e-09,0.0
179,CO.[Pt] + O=C=[Pt] <=> C[Pt] + O=C(O)[Pt],-3.5248180543981065e-09,-6.442106663211644e-08,-1.7773927784364418e-08,-7.867017150318073e-08,9.093502012525254e-09,-5.180275086800091e-08,-6.089624537453504e-08,1.4140645033533376e-07,8.051020393218829e-08,1.4990136252674138e-08,-2.802495957889108e-10,0.0,0.0,4.495488122642277e-10,0.0
180,OC[Pt] + O=C=O.[Pt] <=> OC=[Pt] + O=C(O)[Pt],-1.0031102863800276e-08,6.27666015828638e-08,-1.917817124790594e-08,5.361952846136847e-08,-1.93090301047557e-09,7.086678884863316e-08,7.279770148543698e-08,-1.1348332054399085e-07,-4.0685616650087485e-08,-1.595946518617908e-08,-2.571128424336142e-10,0.0,0.0,-4.423922522249337e-09,0.0
181,C=[Pt] + O=C(O)[Pt] <=> OC[Pt] + O=C=[Pt],7.19411533302868e-08,3.650566272302698e-08,1.558258155991772e-07,1.2039032660393716e-07,-2.3430206872288304e-09,-3.777850790064583e-08,-3.5435488695193116e-08,-2.0836355757052267e-07,-2.4379904975715517e-07,-2.4092717041822634e-08,6.673478942053945e-09,0.0,0.0,5.850852962737155e-09,0.0
182,C=O.[Pt] + O=C=O.[Pt] <=> O=C(O)[Pt] + O=C[Pt],5.3286641839139984e-08,-7.534302815760236e-08,1.0234517316897202e-07,-2.628449728817364e-08,9.842787306168305e-09,-1.187868655001055e-07,-1.2862966018406438e-07,7.013221034239367e-08,-5.849745230367103e-08,9.440496110571825e-09,-4.828285056816503e-10,0.0,0.0,-1.0883813349554987e-09,0.0
183,OC=[Pt] + O=C=O.[Pt] <=> O=C(O)[Pt] + OC#[Pt],-4.931435129190275e-08,1.04203349855366e-08,-1.1237377205796584e-07,-5.263907817980392e-08,6.528011462002353e-09,6.626270779136839e-08,5.973469344067202e-08,6.656602801445043e-08,1.2630071178901235e-07,2.630643992081623e-09,-8.054387748931261e-11,0.0,0.0,-5.135196958807747e-09,0.0
184,O=C(O)[Pt] + C#[Pt] <=> OC=[Pt] + O=C=[Pt],0.0002968977182769844,0.0005490784187017424,0.0005889709274773658,0.0008411523644538222,3.825185854704111e-05,0.000290431906722181,0.000252179951711358,-0.0017764248089480101,-0.0015242493370313823,-0.0002579235703801595,-5.091403903650705e-05,0.0,0.0,5.503745195606822e-08,0.0
185,O=C(O)[Pt] + C~[Pt] <=> OC#[Pt] + O=C=[Pt],-4.07057996292877e-09,3.212578070039766e-08,-1.484650928904987e-08,2.134983837307377e-08,5.472048130561748e-09,4.1668415485753136e-08,3.619636152378403e-08,-6.450150177740412e-08,-2.8305136322742e-08,-1.2818172975254515e-08,7.7154645563982e-10,0.0,0.0,2.7165717700177507e-10,0.0
186,O=CO + 2 [Pt] <=> O=C(O)[Pt] + [Pt],-6.977180176228509e-07,-5.693672353403134e-07,-1.5265512295249524e-06,-1.3982004480812683e-06,3.6256451524672006e-08,1.646072345500576e-07,1.2835079550236852e-07,2.501133222773598e-06,2.62948400940771e-06,2.1609389535111738e-07,1.741234611516027e-06,0.0,0.0,-1.8244200981902899e-06,0.0
187,O=C(O)[Pt] + [Pt] <=> O=CO.[Pt] + [Pt],-3.073922496584978e-08,-1.6270898297842604e-07,-9.693352342255005e-08,-2.2890328283904517e-07,2.7879245296516992e-08,-1.0409052343420528e-07,-1.3196975871573178e-07,4.1123683039013036e-07,2.792670616259002e-07,4.028808179547893e-08,5.686337262501405e-08,0.0,0.0,-1.432305163129574e-08,0.0
188,[Pt] + O=CO.[Pt] <=> O=C(O)[Pt] + [H][H].[Pt],7.87256731837209e-09,-4.5531967603044173e-08,6.19210017372646e-09,-4.7212431610368105e-08,9.360707468524298e-09,-4.40438302311518e-08,-5.340453370626072e-08,8.359434302465545e-08,3.018980894529642e-08,7.712260235937459e-09,-1.191429382340149e-10,0.0,0.0,-4.0459393103780495e-09,0.0
189,O=C=O.[Pt] + O=CO.[Pt] <=> 2 O=C(O)[Pt],-4.030363390080051e-08,6.98313489177745e-08,-8.186583248332519e-08,2.826914440488066e-08,-3.498155890091077e-09,1.0663683700150035e-07,1.1013499060845297e-07,-7.436536295266535e-08,3.576962886112052e-08,-1.156787363156348e-08,6.646145816766561e-10,0.0,0.0,-2.2132757313359672e-09,0.0
190,O=C=[Pt] + O=CO.[Pt] <=> O=C(O)[Pt] + O=C[Pt],-1.7544641669814154e-08,6.839204977179619e-08,-2.5012652773080762e-08,6.092402898756588e-08,-1.0931345421063737e-08,7.500534977216893e-08,8.593669556066292e-08,-1.0905798777401784e-07,-2.3121290665055087e-08,-1.091165734703187e-08,5.790804240518873e-10,0.0,0.0,-4.930139605845117e-09,0.0
191,O=C=[Pt] + O=CO.[Pt] <=> O=C(O)[Pt] + O=C[Pt],7.199220749431709e-09,-1.8490346962112303e-08,-3.4399656035612784e-09,-2.9129554247209312e-08,1.6620779824839446e-08,-9.068798094395226e-09,-2.5689571521785814e-08,2.76225170891367e-08,1.9329416442206618e-09,-3.752732922657416e-09,-9.054334033649552e-12,0.0,0.0,-8.993897290198553e-10,0.0
192,O=[Pt] + O=CO.[Pt] <=> O=C(O)[Pt] + O[Pt],2.865957977627159e-08,3.0240715906707554e-08,5.8699516328609e-08,6.028065468520084e-08,2.057657843602473e-09,3.6387871812935164e-09,1.5811418716442628e-09,-1.1941577998572984e-07,-1.1783464134392848e-07,-1.672197863835353e-08,-8.078961098083129e-11,0.0,0.0,7.480796024747805e-10,0.0
193,C=[Pt] + O=CO.[Pt] <=> C[Pt] + O=C(O)[Pt],-2.0000976255530415e-08,7.948214581837304e-08,-3.8269801376259444e-08,6.121330863147127e-08,-3.822991315515942e-09,9.56601246608468e-08,9.94831292858965e-08,-1.3065137401585733e-07,-3.1168256872569396e-08,-1.7975357225392948e-08,-3.5069949754968716e-10,0.0,0.0,6.061168196544981e-10,0.0
194,C[Pt] + O=CO.[Pt] <=> C.[Pt] + O=C(O)[Pt],7.827806112930016e-09,1.2315204807730354e-07,2.1277863848703025e-08,1.3660209683641076e-07,-4.082924247353322e-09,1.112413376277082e-07,1.1532425389821635e-07,-2.7610418171357885e-07,-1.6077993850136907e-07,-3.6863942101368224e-08,8.508049579427273e-11,0.0,0.0,-1.0019184055011703e-09,0.0
195,C#[Pt] + O=CO.[Pt] <=> C=[Pt] + O=C(O)[Pt],-2.0824414961766632e-08,1.0762884372773083e-07,-3.800228976821574e-08,9.045096370997227e-08,-5.612510714822315e-09,1.228407574109272e-07,1.284532629292591e-07,-1.8852194433506226e-07,-6.006869395771816e-08,-2.521303435293771e-08,-2.2783275179035086e-10,0.0,0.0,-2.3748095150800333e-10,0.0
196,C~[Pt] + O=CO.[Pt] <=> O=C(O)[Pt] + C#[Pt],-1.6407925275149464e-08,7.66395420210322e-08,-4.175559716846462e-08,5.129187346500713e-08,6.038742829915647e-09,9.90862239535129e-08,9.304748012994323e-08,-1.325610717997175e-07,-3.9513594663318385e-08,-2.2981890549247095e-08,-2.06983210163805e-11,0.0,0.0,-1.0436893477713357e-09,0.0
197,O[Pt] + O=CO.[Pt] <=> O=C(O)[Pt] + O.[Pt],-2.8015604576548444e-08,7.69109070437437e-09,-6.469789514497303e-08,-2.899118745736699e-08,4.468451757640497e-09,4.0175169617322196e-08,3.570670492650843e-08,3.789563156252012e-08,7.360232481868041e-08,1.3833817103232407e-09,-2.6369093897580636e-10,0.0,0.0,1.6626587650474232e-09,0.0
198,C=O.[Pt] + O=C(O)[Pt] <=> O=C[Pt] + O=CO.[Pt],6.54168270146095e-09,6.060967332637849e-08,3.0109272313271816e-08,8.417726828805013e-08,-1.432861896118857e-08,3.9739388530278896e-08,5.40680017278667e-08,-1.3992742311250586e-07,-8.585942808424291e-08,-1.2340215353603318e-08,8.885155976027082e-10,0.0,0.0,-6.756376886076405e-10,0.0
199,CO.[Pt] + O=C(O)[Pt] <=> OC[Pt] + O=CO.[Pt],-1.65745364287394e-08,9.096793208568142e-08,-1.7023774177905273e-08,9.051869729535735e-08,-1.6176713279606242e-08,9.13657693973656e-08,1.0754247747528564e-07,-1.6171857024083926e-07,-5.417609558951033e-08,-1.6571264439945645e-08,-2.835386440600069e-13,0.0,0.0,5.558748471337397e-10,0.0
200,C=O.[Pt] + O=CO.[Pt] <=> OC[Pt] + O=C(O)[Pt],1.097111355291681e-08,5.8621840868288375e-08,3.185484465009102e-08,7.950556502410246e-08,-7.5225052183331e-09,4.012822824397011e-08,4.765073377649398e-08,-1.4076274531974366e-07,-9.311202459723491e-08,-1.529995875122043e-08,-4.913157624271799e-10,0.0,0.0,-9.1779231197804e-10,0.0
201,OC=[Pt] + O=CO.[Pt] <=> OC[Pt] + O=C(O)[Pt],-4.356186395952151e-09,1.2512216811099075e-07,1.2390629810993885e-09,1.3071742416412475e-07,-9.311067706565569e-09,1.2016728088836268e-07,1.2947835778504953e-07,-2.51389186568066e-07,-1.2191084088187823e-07,-3.082501862749087e-08,4.999731423591454e-11,0.0,0.0,-7.74076902209359e-10,0.0
202,OC#[Pt] + O=CO.[Pt] <=> OC=[Pt] + O=C(O)[Pt],-2.999541248562105e-08,2.259545320774308e-07,-4.538096364715884e-08,2.1056897249398828e-07,-1.6370726999840116e-08,2.395792034171149e-07,2.5594993993302045e-07,-4.2042632926775017e-07,-1.6447639082688588e-07,-5.3290503194647696e-08,-1.686865906394334e-10,0.0,0.0,-6.516851203128603e-10,0.0
203,O=C=[Pt] + O=CO.[Pt] <=> O=C(O)[Pt] + O=C[Pt],-6.328990851112056e-09,1.3403561191491302e-07,8.157570969467733e-09,1.4852216551745942e-07,-1.915759892731052e-08,1.2120700629483677e-07,1.4036461062059212e-07,-2.701256567989292e-07,-1.297610563066633e-07,-2.914742154244191e-08,-1.6859207775808008e-10,0.0,0.0,-3.8032004780248505e-10,0.0
204,O=C=[Pt] + O=CO.[Pt] <=> O=C(O)[Pt] + O=C[Pt],1.019509279713955e-07,1.2358403541698736e-07,2.7636141341865997e-07,2.979945153579328e-07,-5.249854575340268e-08,-3.08654214702935e-08,2.16331200621133e-08,-4.5162178430147377e-07,-4.2998867014036897e-07,-3.423504863803945e-08,-4.3475925422534385e-12,0.0,0.0,3.5344643459370733e-10,0.0
205,O=C=O + O[Pt] <=> O=C(O)O[Pt],-3.5883084240900615e-08,2.4738952064259e-08,-7.582581073398469e-08,-1.520376409384417e-08,-5.11744080935007e-10,6.01102998548248e-08,6.062203830315238e-08,8.168470643297499e-09,6.879049920880538e-08,-1.6334331427783015e-09,1.0279220975988782e-10,0.0,0.0,2.1907836854981857e-10,0.0
206,O=C=O.[Pt] + O[Pt] <=> O=C(O)O[Pt] + [Pt],3.971775438126989e-08,-2.4374805980253057e-08,8.408977851923432e-08,1.999721345530548e-08,4.2404318101177886e-10,-6.366851301628874e-08,-6.409254992358961e-08,-9.663787224373027e-09,-7.375633579531668e-08,1.898965154806744e-09,-4.18130657880038e-09,0.0,0.0,2.8230438571329622e-08,0.0
207,O=C=O.[Pt] + O.[Pt] <=> O=C(O)O[Pt] + [Pt],1.531673133091736e-08,1.3369250712301183e-07,3.9022440321566356e-08,1.573982216772529e-07,-5.675894112079978e-09,1.1269989353592507e-07,1.1837578309526101e-07,-3.104569818839457e-07,-1.920812056342824e-07,-4.0274499379613456e-08,-8.689514311625677e-11,0.0,0.0,1.8986791940984276e-11,0.0
208,CO.[Pt] + O=C=O.[Pt] <=> C[Pt] + O=C(O)O[Pt],-2.4840083786046508e-08,7.283393418055147e-08,-4.797775103206218e-08,4.969624909793623e-08,-4.35048854500508e-09,9.332352843406213e-08,9.767401374557729e-08,-1.1137408730042419e-07,-1.3700073986899968e-08,-1.58615410295589e-08,8.184437473673452e-10,0.0,0.0,-2.3575753500874477e-09,0.0
209,OC[Pt] + O=C=O.[Pt] <=> C=[Pt] + O=C(O)O[Pt],-3.383298804437078e-08,1.1050213719308235e-07,-6.936314630776021e-08,7.497198217713478e-08,-2.369204166488507e-09,1.4196591819518774e-07,1.4433512216020452e-07,-1.7161924463143398e-07,-2.7284120304145427e-08,-2.5350777766008226e-08,1.0831176203092261e-11,0.0,0.0,9.423290892556196e-10,0.0
210,OC=[Pt] + O=C=O.[Pt] <=> O=C(O)O[Pt] + C#[Pt],1.1067894434785481e-07,3.6879104714593927e-07,-2.16430060501797e-08,2.3646910916515162e-07,2.2785684203016174e-07,4.859689506148928e-07,2.581121147969145e-07,-6.27372088510496e-07,-3.6925997329515034e-07,-1.6815281820880345e-07,-9.020122260857272e-08,0.0,0.0,2.1630106825603884e-06,0.0
211,OC#[Pt] + O=C=O.[Pt] <=> O=C(O)O[Pt] + C~[Pt],2.3122994210615903e-08,7.263553722580733e-08,1.4442830828156447e-08,6.395536278228985e-08,3.080972565340342e-08,8.032227846373103e-08,4.951254729570813e-08,-1.5625983617779985e-07,-1.0674729343017957e-07,-3.2853143277266804e-08,-1.6916633802518296e-08,0.0,0.0,8.991648085614774e-08,0.0
212,O=C=O.[Pt] + O=CO.[Pt] <=> O=C(O)O[Pt] + O=C[Pt],-3.870627547496084e-08,1.9545758236483837e-07,-6.547650858269439e-08,1.686873484096054e-07,-1.499985619536639e-08,2.1916401917769492e-07,2.341638664405881e-07,-3.426966937034221e-07,-1.085328351163842e-07,-4.376136283891658e-08,-1.190862305052029e-10,0.0,0.0,1.6503903764086334e-10,0.0
213,O=[Pt] + O=CO.[Pt] <=> O=C(O)O[Pt] + [Pt],-4.792367088098694e-09,1.13352894046078e-07,-6.103397889958572e-10,1.1753492198468318e-07,-8.495755548823196e-09,1.0964950984041058e-07,1.1814527032798723e-07,-2.3006929265437059e-07,-1.119240300964151e-07,-2.877169058181548e-08,-1.9927095904537281e-10,0.0,0.0,-5.02419725207584e-11,0.0
214,O=C(O)[Pt] + O=C=O.[Pt] <=> O=C(O)O[Pt] + O=C=[Pt],2.9155429388257724e-09,-3.547763005039582e-08,-7.764698329651561e-09,-4.6157879952514906e-08,1.2373458254989554e-08,-2.6019719050086326e-08,-3.839316470783282e-08,6.742656139974241e-08,2.903339583106187e-08,3.193069898734719e-09,-1.5494441769065843e-10,0.0,0.0,-8.205215163419205e-10,0.0
215,O=C(O)O[Pt] + [Pt] <=> O=C(O)[Pt] + O=[Pt],8.311729553398135e-09,6.743627310986996e-08,1.6738581545123913e-08,7.58631317719801e-08,8.493303464196319e-10,5.997387281729206e-08,5.9124546489641665e-08,-1.5761061683032208e-07,-9.848607870493856e-08,-2.234674388187326e-08,-2.8015508290755743e-10,0.0,0.0,-4.219157273778106e-09,0.0
