,Reaction,SYNGAS Selec,SYNGAS Yield,CO Selectivity,CO % Yield,H2 Selectivity,H2 % Yield,CH4 Conversion,H2O+CO2 Selectivity,H2O+CO2 yield,Exit Temp,Peak Temp,Dist to peak temp,O2 Conversion,Max CH4 Conv,Dist to 50 CH4 Conv
0,[H][H] + 2 [Pt] <=> 2 [Pt],-0.0006787133337740033,0.0006379227143713831,-0.005286934855572367,-0.003970359481339928,0.0033057501140664686,0.004622438623459317,0.0013166449843912498,0.006061637632875192,0.007378362427514313,-0.0005647652003809791,-0.0006573320372492965,0.0,0.0,-0.057590825000143016,0.0
1,O=C=O + [Pt] <=> O=C=O.[Pt],-4.505405256169252e-08,1.419599962143588e-07,-1.1033907476798067e-07,7.667496709071145e-08,1.139415361422108e-08,1.9840819667605427e-07,1.8701405442726247e-07,-2.248236994277358e-07,-3.7809650919890585e-08,-4.872155176657763e-08,-7.033381163747894e-09,0.0,0.0,4.851757171306398e-08,0.0
2,[C-]#[O+] + [Pt] <=> O=C=[Pt],0.00016345698227078422,0.0002666762659730881,0.0005066497054254602,0.000609869343361447,-0.00013328197752062945,-3.0063000100580253e-05,0.00010321911499268332,-0.0012364421629867631,-0.001133224324243457,-0.00013761776921756267,-9.501705563590059e-05,0.0,0.0,0.0013235503424156106,0.0
3,[O][O] + 2 [Pt] <=> 2 O=[Pt],0.004411215849205773,0.011819872636738463,0.007671834813503079,0.015080733158430545,0.0015919466324225264,0.009000394559178747,0.0074083299901017054,-0.03543071672236196,-0.028025011556679573,-0.006761738206579278,0.013765107737305929,-0.16460905349793886,5.5511151231257934e-14,0.9864054202367609,0.0
4,O=C=[Pt] + O=[Pt] <=> O=C=O.[Pt] + [Pt],4.957118166381181e-06,1.1615161769082331e-05,1.0769408661274455e-05,1.7427452623479984e-05,-6.843427457577633e-08,6.589608980603576e-06,6.6580432719404535e-06,-3.893468659565548e-05,-3.227664591341254e-05,-6.4362929805403215e-06,3.2705356470759082e-06,0.0,0.0,-1.990341057395097e-08,0.0
5,C=[Pt] + [Pt] <=> C[Pt] + [Pt],-1.5806420892425155e-05,9.6086480365308e-05,-0.0003388464667427226,-0.00022695392695716742,0.00026350768083739065,0.00037540089462757896,0.00011189291894432762,0.0003099463378816953,0.00042183960363017376,-6.503126322481534e-05,-0.0003205431685553244,0.0,0.0,-0.33584029140214394,0.0
6,C[Pt] + [Pt] <=> C + 2 [Pt],8.310849491897018e-08,-2.707880729426431e-07,1.2879590959488395e-06,9.340625191937274e-07,-9.586563268055658e-07,-1.3125528837908738e-06,-3.5389656739776424e-07,-1.283943586199294e-06,-1.6378401551306011e-06,2.473893525535395e-07,-2.3084754613984073e-06,0.0,0.0,-4.756796647455009e-05,0.0
7,C=[Pt] + [Pt] <=> C#[Pt] + [Pt],-4.059507135207998e-05,-2.5924049367085867e-05,-0.00019639791657517837,-0.00018172691745289813,9.411866561395597e-05,0.00010878970735691862,1.4671027937816544e-05,0.0003231937294464798,0.0003378648047997606,7.994603795397405e-06,1.06593088935668e-05,0.0,0.0,-0.0030413911320376756,0.0
8,O=C=[Pt] + [Pt] <=> C~[Pt] + O=[Pt],0.018721621158583158,0.05034488152761656,0.023488802472414173,0.05511357009741277,0.014599714343941292,0.046221671475637244,0.031617341090222274,-0.13399445188248502,-0.10241947627515757,-0.028686537772909998,-0.01721855920810704,-0.08230452674895482,2.2204460492503172e-14,0.12723271442006395,0.0
9,C#[Pt] + [Pt] <=> C~[Pt] + [Pt],-4.695747778416319e-08,1.1435028412018083e-07,-1.557431764945054e-07,5.564571373484278e-09,4.7103255191264004e-08,2.0841101753677455e-07,1.6130776759887713e-07,-8.374872069342999e-08,7.755904920495004e-08,-4.0960602019489934e-08,-4.764843548765678e-09,0.0,0.0,2.0883418569793693e-06,0.0
10,C~[Pt] + [H][H] <=> C=[Pt],8.036213389093794e-05,0.0002378110402033677,8.689698854458892e-06,0.0001661384923179255,0.0001423331559704103,0.000299782159858425,0.00015744877979178133,-0.00046608601689368106,-0.00030863797094295836,-0.00013645998237212057,-0.000264794863475437,0.0,0.0,-0.00027488161301587817,0.0
11,C + O=[Pt] + [Pt] <=> C[Pt] + O[Pt],-7.181017465084551e-08,2.0268121449116145e-07,-1.3886814615588786e-07,1.3562323306480913e-07,-1.3829001441479987e-08,2.606623978722165e-07,2.744913981531668e-07,-3.783641518250354e-07,-1.0387276167494607e-07,-6.900291040739608e-08,-1.0298540084888964e-08,0.0,0.0,-1.8370183358622978e-06,0.0
12,O=C=[Pt] + O[Pt] <=> O=C=O.[Pt] + [Pt],2.097285400272313e-06,4.934809552438517e-06,4.683834958977538e-06,7.5213591797588305e-06,-1.3915485548444335e-07,2.6983692389475528e-06,2.8375241004695986e-06,-1.66975475245383e-05,-1.3860023894211995e-05,-2.6984908740767935e-06,2.817431239591183e-07,0.0,0.0,1.2810034847972033e-06,0.0
13,O[Pt] + [Pt] <=> [Pt] + O=[Pt],1.3630432320786487e-08,1.1473825635644656e-07,2.4552248825192487e-07,3.4663029553048576e-07,-1.8687324625395202e-07,-8.576541942465426e-08,1.0110782656781985e-07,-6.504730408510057e-07,-5.493652171530079e-07,-2.3307223648910273e-08,2.284660711121484e-08,0.0,0.0,-3.643538488820008e-07,0.0
14,C + O[Pt] + [Pt] <=> C[Pt] + O.[Pt],4.036855342669711e-07,5.5110087853881486e-08,2.633210972351384e-06,2.284635498726241e-06,-1.5240565497803964e-06,-1.8726319843600528e-06,-3.485754414478409e-07,-3.803117258480979e-06,-4.151692691817892e-06,1.0281869806108302e-07,-6.335075952779819e-08,0.0,0.0,-9.142019445629863e-05,0.0
15,O + [Pt] <=> O.[Pt],3.2618481603696465e-07,9.123083754540384e-07,9.525508182891605e-07,1.5386743741341865e-06,-2.1539772754292358e-07,3.707258248607387e-07,5.861235661672035e-07,-3.340343104560174e-06,-2.7542195572143272e-06,-4.6985691092958077e-07,1.2954404078662994e-06,0.0,0.0,-5.293151127598373e-07,0.0
16,O.[Pt] + [Pt] <=> [Pt] + O[Pt],0.00019405895203462086,-7.174887078085399e-05,0.001265596666304588,0.0009997859952465,-0.0007324379264772304,-0.0009982432865932379,-0.00026580730699158353,-0.0015920046395209524,-0.0018578077148470994,9.015669839609724e-05,7.562020733447987e-06,0.0,0.0,-0.03395854049057342,0.0
17,O.[Pt] + O=[Pt] <=> 2 O[Pt],3.294892947906935e-07,3.12935740422635e-07,1.7982510168928525e-06,1.7816974709788458e-06,-9.404642683629048e-07,-9.570178151588253e-07,-1.655354601812974e-08,-3.182366614739826e-06,-3.198920156962999e-06,-7.378320377226172e-08,-1.6073963773018277e-07,0.0,0.0,-8.207394502455336e-05,0.0
18,[H] + [Pt] <=> [Pt],-6.731223698026801e-08,1.588678177188967e-07,-1.4387348844581486e-07,8.230654668140463e-08,-1.1141255316904448e-09,2.2506592110638243e-07,2.2618005831235714e-07,-2.616978669692334e-07,-3.551780900523039e-08,-5.8551721886396535e-08,-1.6652952392075618e-08,0.0,0.0,1.7869494651877017e-08,0.0
19,C + [Pt] <=> C.[Pt],0.00044907089347010745,0.0003694237794761097,0.0018596181978297185,0.0017799699603635738,-0.0007705480308874104,-0.0008501941734915156,-7.964675632010424e-05,-0.003228051047927931,-0.0033076952332116256,-0.0001385074650458729,-0.001360894214217758,0.0,0.0,-0.21821702403658785,0.0
20,[CH3] + [Pt] <=> C[Pt],-6.5634194103383e-08,1.527755133531359e-07,-1.5374862773425586e-07,6.46610699748709e-08,1.0553287827110872e-08,2.2896299201637797e-07,2.1840970418835566e-07,-2.132213251836308e-07,5.188382227203652e-09,-4.8884359788274306e-08,1.8585584281267317e-09,0.0,0.0,-6.248686263394721e-09,0.0
21,[H][H] + [Pt] <=> [H][H].[Pt],2.389358108452348e-05,5.82110058384524e-05,2.7478024522907786e-05,6.179545050240379e-05,2.079431952783818e-05,5.511174321039464e-05,3.431741655794356e-05,-0.00014904307613466182,-0.00011472571073068624,-3.241999106549613e-05,-7.719831517509922e-05,0.0,0.0,2.7026262669147252e-06,0.0
22,[OH] + [Pt] <=> O[Pt],-2.76505965913733e-07,-5.108792038718238e-07,-2.220040884469111e-07,-4.563773372820778e-07,-3.2363057348506994e-07,-5.580038121403351e-07,-2.3437323341504972e-07,1.2056087236614806e-06,9.712354927938436e-07,3.358517890073534e-07,4.2408306165324717e-07,0.0,0.0,-4.273039055716912e-08,0.0
23,[CH]=O + [Pt] <=> O=C[Pt],-4.5943827991911036e-08,1.4530711907104476e-07,-1.0951810665478755e-07,8.173282724369633e-08,9.025185185259646e-09,2.0027614363077527e-07,1.9125095577256966e-07,-2.235091173454701e-07,-3.22581640483847e-08,-4.6738292889930976e-08,-7.070266414809897e-09,0.0,0.0,2.0731839687322173e-09,0.0
24,O=C=O + 2 [Pt] <=> O=C=[Pt] + O=[Pt],0.008333385551196698,0.02124686731109484,0.015626684174538358,0.028541107674739857,0.0020272907505510217,0.014939958241896258,0.012912405719352408,-0.06594307920708047,-0.05303918832565296,-0.012054234932154687,0.010905467743787256,0.0,0.0,0.00041505715734144606,0.0
25,O + 2 [Pt] <=> [Pt] + O[Pt],0.000756178638663405,-0.00020123638391911916,0.004791707224467963,0.0038342535654021298,-0.0027331102479044014,-0.003690491863760809,-0.0009574077828722791,-0.006167893369389831,-0.007125242100372957,0.0002999995262071686,-1.6336901743203664e-05,0.0,0.0,-0.13008780962659602,0.0
26,CC + 2 [Pt] <=> 2 C[Pt],-1.3700179118620909e-05,-8.755907874898407e-05,-5.725417278306707e-05,-0.0001311130402462803,2.395844795530875e-05,-4.990047947484566e-05,-7.385890974288278e-05,0.0003176160330169868,0.0002437568886869041,4.930214185559928e-05,1.972088070655123e-05,0.0,0.0,0.0008776058739833865,0.0
27,C=O + 2 [Pt] <=> O=C[Pt] + [Pt],-1.2723669481852432e-07,5.4463149138530075e-08,-3.470873014605143e-07,-1.653874839684296e-07,6.285546023548349e-08,2.445553020914469e-07,1.8169984135687623e-07,2.655507963653899e-07,4.472506433809403e-07,3.5258658995184443e-09,4.597748438372016e-08,0.0,0.0,-5.56049178938141e-06,0.0
28,C=O + 2 [Pt] <=> C=[Pt] + O=[Pt],2.240459919786531e-05,5.8607439204718665e-05,3.1750402585852146e-05,6.795324597632215e-05,1.432382188277855e-05,5.052665897889554e-05,3.620283190428214e-05,-0.00016251375144621803,-0.00012631097837814556,-3.322524489178385e-05,-1.9164729605836872e-05,0.0,0.0,0.00024022684910379792,0.0
29,CO + 2 [Pt] <=> C[Pt] + O[Pt],-2.274820981868914e-06,8.663927948769067e-06,-2.7375313600610552e-05,-1.64365674281014e-05,1.9428127758087608e-05,3.0366879050130037e-05,1.093874917591684e-05,1.969329205917455e-05,3.0632043389465687e-05,-6.09570433669926e-06,-9.105656296295426e-07,0.0,0.0,0.0008921452596723656,0.0
30,CC=O + 2 [Pt] <=> C[Pt] + O=C[Pt],-4.40592065839911e-08,1.3747415631506657e-07,-1.0470691835278007e-07,7.682642717800358e-08,8.379396331151724e-09,1.8991276414559962e-07,1.8153336458452146e-07,-2.1792834269478615e-07,-3.639497511905681e-08,-4.5779593317030797e-08,-7.749708644716386e-09,0.0,0.0,3.048551579276295e-09,0.0
31,C=C + 2 [Pt] <=> 2 C=[Pt],-0.002860231699910418,0.0009526329415696096,-0.003699010629029105,0.00011382203001595165,-0.0021349879224277285,0.0016779043724080723,0.0038129737013664,-0.004024229004894808,-0.00021140874631660997,-0.00147314661266603,-0.000328605432573741,0.0,0.0,2.698445275538272e-07,0.0
32,C.[Pt] + [Pt] <=> C[Pt] + [Pt],-3.0272309967746835e-07,7.136439991562793e-07,-3.0558152478705597e-06,-2.039448174785449e-06,2.0777169423479157e-06,3.0940840767335894e-06,1.0163671104990428e-06,2.9019910672132073e-06,3.918358208698189e-06,-4.5771100931595133e-07,-2.078444171852718e-06,0.0,0.0,-0.0005704852191508197,0.0
33,O=C[Pt] + [Pt] <=> O=C=[Pt] + [Pt],-5.61395678402163e-06,-3.64936587132968e-06,-2.676324690043075e-05,-2.479865640896854e-05,1.267261497164967e-05,1.463720623845274e-05,1.9645910281661386e-06,4.422732758199879e-05,4.619191947728546e-05,1.1930619032457836e-06,1.4053586453804056e-06,0.0,0.0,-0.0003460626483435047,0.0
34,C[Pt] + [H][H].[Pt] <=> C.[Pt] + [Pt],-1.1893790284933989e-07,2.3663021048489938e-07,-4.845895254820798e-07,-1.2902141752173114e-07,1.972199724029642e-07,5.527880770951322e-07,3.5556810923866834e-07,3.9766946906995764e-08,3.953350617692676e-07,-9.93886410811059e-08,-3.6338485913303306e-08,0.0,0.0,-3.1065969302672496e-06,0.0
35,C#[Pt] + [H][H].[Pt] <=> C=[Pt] + [Pt],1.7444770284115658e-05,7.857792752473227e-05,-5.170450348902801e-05,9.428611468838848e-06,7.723416030028311e-05,0.00013836735408866022,6.113314657916795e-05,-7.854373955989359e-05,-1.741064099486888e-05,-4.706092097275817e-05,-8.194583562629542e-05,0.0,0.0,-0.0003910622920265043,0.0
36,C=[Pt] + [H][H].[Pt] <=> C[Pt] + [Pt],-7.139270237049316e-08,2.0177957100497725e-07,-1.7176677788805056e-07,1.0140548694708513e-07,1.5394985029733757e-08,2.885672540942794e-07,2.7317227440647157e-07,-3.139784735073043e-07,-4.0806196023563495e-08,-6.948364371615e-08,-1.1308661998854393e-08,0.0,0.0,-4.7269861198277077e-08,0.0
37,C~[Pt] + [H][H].[Pt] <=> C#[Pt] + [Pt],2.817952822531817e-05,7.306520818372257e-05,2.953211625612018e-05,7.441779681554657e-05,2.701002336635358e-05,7.189570278169838e-05,4.488566730597621e-05,-0.00018304725197528486,-0.00013816166683818044,-4.118000395693756e-05,-7.158387803623697e-05,0.0,0.0,-1.913061414900507e-05,0.0
38,[H][H].[Pt] + O=[Pt] <=> [Pt] + O[Pt],-3.499102624812605e-08,1.731822828525193e-08,2.8052766505337804e-07,3.3283689991974854e-07,-3.078018346609004e-07,-2.5549258810641946e-07,5.23092548670852e-08,-5.430696851504716e-07,-4.907604245924234e-07,4.662750937604215e-08,1.2608965560445802e-07,0.0,0.0,3.774799323923833e-10,0.0
39,[H][H].[Pt] + O[Pt] <=> O.[Pt] + [Pt],-6.108893956256846e-08,8.396503119057805e-08,4.722543493924068e-08,1.922794030512192e-07,-1.5474213397535357e-07,-9.688160938541396e-09,1.4505397312008919e-07,-3.640304476014451e-07,-2.1897647694983693e-07,4.007901346911292e-09,5.366319295215853e-08,0.0,0.0,-3.708275030514119e-06,0.0
40,O=C=[Pt] + [H][H].[Pt] <=> O=C[Pt] + [Pt],-5.115470746164722e-07,3.217824338678096e-06,-8.99170582902978e-06,-5.262334759559831e-06,6.820757260777632e-06,1.0550128933085136e-05,3.7293714293088585e-06,6.169065333574643e-06,9.898436997306548e-06,-2.139344627965856e-06,-3.179974308371822e-06,0.0,0.0,-5.252989542871952e-05,0.0
41,C.[Pt] + O=C=[Pt] <=> C[Pt] + O=C[Pt],-1.1313757961530285e-06,-5.810538032586302e-07,-5.297257085019224e-06,-4.746935124518726e-06,2.470621568536713e-06,3.020943591033554e-06,5.503220027249685e-07,8.389871579472974e-06,8.940193630593758e-06,1.899626174134157e-07,2.444949848906458e-07,0.0,0.0,-5.890114444376473e-05,0.0
42,O=C[Pt] + C#[Pt] <=> C=[Pt] + O=C=[Pt],-1.6489216513941188e-06,-7.476506208572626e-07,-7.887209712947661e-06,-6.985938749661993e-06,3.744966358259084e-06,4.646237435248906e-06,9.012710469585216e-07,1.2226790565615157e-05,1.3128061723966747e-05,1.9733900899778297e-07,4.620123660306029e-07,0.0,0.0,-0.0001406785409800884,0.0
43,C=[Pt] + O=C[Pt] <=> C[Pt] + O=C=[Pt],-5.242692914754261e-08,1.687971418455569e-07,-1.0578804794038059e-07,1.154360086549132e-07,-6.288634741654218e-09,2.1493543700513798e-07,2.212240787330166e-07,-3.1149786389225697e-07,-9.027378087393872e-08,-5.80753629496327e-08,-1.5160917477710276e-08,0.0,0.0,-9.666045025833713e-07,0.0
44,O=C[Pt] + C~[Pt] <=> C#[Pt] + O=C=[Pt],-7.235648881195202e-08,1.6678809560784196e-07,-1.7907172361912082e-07,6.007285135892033e-08,1.99140334057579e-08,2.5905861429403144e-07,2.391445836058789e-07,-2.2279981335991766e-07,1.6344764212229428e-08,-5.735080418074218e-08,-1.2362277455781538e-08,0.0,0.0,-4.807168937681526e-08,0.0
45,O=C[Pt] + O=[Pt] <=> O=C=[Pt] + O[Pt],4.812838466779013e-07,5.230255712547083e-07,2.3912818613280135e-06,2.433023566636488e-06,-1.1701812860274836e-06,-1.1284395681809805e-06,4.1741732708803316e-08,-4.457470639681815e-06,-4.41572890285935e-06,-1.822536107904709e-07,-3.3398572350217688e-09,0.0,0.0,-8.95540738532549e-06,0.0
46,O=C[Pt] + O[Pt] <=> O=C=[Pt] + O.[Pt],-4.087061151192974e-08,1.2181614133180704e-07,-8.621916821622172e-08,7.646756436336419e-08,-1.660329248837069e-09,1.610264145390133e-07,1.6268674830433745e-07,-2.0843008905690081e-07,-4.5743345309122076e-08,-4.024155699389857e-08,-4.1320380608333735e-09,0.0,0.0,-5.316682398999075e-08,0.0
47,C.[Pt] + O=[Pt] <=> C[Pt] + O[Pt],0.0006357674042331226,-0.00028561741216839544,0.0043340999556695774,0.003412681063597605,-0.0025619675135315654,-0.003483322866675688,-0.0009213789585657228,-0.00542047069148344,-0.006341799706971797,0.00032678972961606555,0.00034933747239312697,0.0,0.0,-0.004574782064296924,0.0
48,C=[Pt] + C.[Pt] <=> 2 C[Pt],-7.180738982974459e-08,2.0769051759211036e-07,-1.587639523039017e-07,1.2073394572556325e-07,3.3789359771196047e-09,2.82876838231468e-07,2.7949791239569237e-07,-3.5030633232147775e-07,-7.080841877772202e-08,-7.175707605011208e-08,-2.369118089887889e-08,0.0,0.0,-1.572709336176104e-06,0.0
49,C.[Pt] + C#[Pt] <=> C=[Pt] + C[Pt],-4.401154191217817e-05,-2.8425186846915127e-05,-0.00021523630428266772,-0.00019964997591438371,0.0001040366375868277,0.0001196230157221407,1.5586361926259842e-05,0.00035556889553605455,0.00037115531288046873,8.899596700827421e-06,6.579113621149084e-06,0.0,0.0,-0.0026384101459096874,0.0
50,C.[Pt] + C~[Pt] <=> C[Pt] + C#[Pt],-8.088979533285482e-08,2.1465657192214605e-07,-1.8604545514493923e-07,1.0950087876649228e-07,1.003225230899428e-08,3.0557861012186803e-07,2.955463640768452e-07,-3.394316994169094e-07,-4.388533825873615e-08,-7.38465202635789e-08,-1.983453251537907e-08,0.0,0.0,-4.029281600493061e-08,0.0
51,C.[Pt] + O[Pt] <=> C[Pt] + O.[Pt],1.840760249784333e-06,-1.0902846524949044e-09,1.1318305939888988e-05,9.476455212975144e-06,-6.353927049606381e-06,-8.195777430907996e-06,-1.841850493028806e-06,-1.5641412239428223e-05,-1.7483262437819355e-05,4.792606509910716e-07,-2.887108955772143e-07,0.0,0.0,-0.0003093872782659823,0.0
52,C#[Pt] + O[Pt] <=> C=[Pt] + O=[Pt],0.002194662271896283,-0.00044851959128431874,0.01391394797765206,0.011270456359227077,-0.007938328364164247,-0.010581242399855088,-0.0026431238555322204,-0.018301625519920185,-0.0209442656408231,0.0007787609279053053,0.0006451923754055833,0.0,0.0,-0.05957238744292134,0.0
53,C=[Pt] + O[Pt] <=> C[Pt] + O=[Pt],-2.2751574434525563e-08,1.8352457933676818e-07,1.1848412807810068e-07,3.247602581060742e-07,-1.448699312963435e-07,6.140621802060585e-08,2.062761499053154e-07,-6.674854399903557e-07,-4.61209287279104e-07,-5.065984616834931e-08,-3.127748106481443e-09,0.0,0.0,-1.2601182041619714e-05,0.0
54,C~[Pt] + O[Pt] <=> C#[Pt] + O=[Pt],-6.549264490832603e-08,1.6575756039011657e-07,-1.379114298594176e-07,9.333875804627765e-08,-2.876285407365097e-09,2.2837392323432355e-07,2.3125021393675207e-07,-2.751468672671191e-07,-4.389664823939794e-08,-5.4716638751968563e-08,-2.8406566400532683e-09,0.0,0.0,8.02545981541614e-09,0.0
55,2 C=[Pt] <=> C[Pt] + C#[Pt],1.5346776523200339e-07,4.5028811735538505e-07,6.711516650484025e-07,9.679719967745762e-07,-2.941436424883951e-07,2.676702287451588e-09,2.9682035227065073e-07,-1.959052953754544e-06,-1.6622326131962327e-06,-1.8670395443178557e-07,-2.904317781016081e-07,0.0,0.0,-1.6068475403347954e-05,0.0
56,C[Pt] + C~[Pt] <=> C=[Pt] + C#[Pt],7.65881961426952e-05,0.0001072712550115599,0.0002471005578120915,0.00027778366898388373,-7.084401153416861e-05,-4.016099790032497e-05,3.068303537218083e-05,-0.0005467763998444111,-0.0005160935322359864,-5.260382003090785e-05,-0.00015920933717021078,0.0,0.0,-0.0044186028457119724,0.0
57,C=[Pt] + C~[Pt] <=> 2 C#[Pt],-7.397021737449309e-08,1.9233689405182258e-07,-1.7198304708916837e-07,9.43240554786773e-08,1.0775836925318335e-08,2.770829443157825e-07,2.6630711644476914e-07,-3.018237578638149e-07,-3.551663802238409e-08,-6.704896999604121e-08,-9.807462576524981e-09,0.0,0.0,2.096195888548084e-08,0.0
58,C#[Pt] + O.[Pt] <=> C=[Pt] + O[Pt],-5.620018122767105e-06,-7.146607385544893e-05,9.285553676358233e-05,2.70094161627714e-05,-9.076615249163952e-05,-0.0001566121521748627,-6.584605943664162e-05,1.5761618772746458e-05,-5.00844510452566e-05,4.541425704005519e-05,3.686679461397e-05,0.0,0.0,-0.0010631553553012481,0.0
59,C=[Pt] + O.[Pt] <=> C[Pt] + O[Pt],2.191260317303983e-08,-2.2119102495584218e-07,9.671202666397028e-07,7.240166250547123e-07,-7.953539410019413e-07,-1.0384575675980572e-06,-2.431036199921304e-07,-9.934215367177138e-07,-1.2365251552905906e-06,2.0649660416468673e-07,1.6425435907894047e-07,0.0,0.0,-3.0487845274627614e-05,0.0
60,C~[Pt] + O.[Pt] <=> C#[Pt] + O[Pt],-0.002408460177844751,-0.020177387646679493,0.02128459033480566,0.0035114527635969985,-0.022894474855920475,-0.040659762091989786,-0.017769355436686195,0.011245975454711454,-0.006525378319331962,0.012623269968754451,0.01042096300724278,0.0,-3.330669073875476e-14,-0.18301781474076,0.0
61,CO + [Pt] <=> CO.[Pt],-1.3314383350371605e-06,-2.4023473624409797e-06,-3.1990797090445293e-06,-4.269988708201804e-06,2.834034878006421e-07,-7.875055491444648e-07,-1.0709090362354389e-06,9.143999235902065e-06,8.073090100811972e-06,1.3361707240028133e-06,9.727982434459888e-07,0.0,0.0,-0.00013101602965621687,0.0
62,CO.[Pt] + [Pt] <=> C.[Pt] + O[Pt],-7.132717126494747e-08,1.7829413776242972e-07,-1.6239574372541224e-07,8.722554920996694e-08,7.414584180974477e-09,2.570358821383501e-07,2.496213048391468e-07,-2.7418583747178526e-07,-2.4564535422922617e-08,-6.054399400393442e-08,-6.031174052115071e-09,0.0,0.0,5.2969639282577726e-08,0.0
63,CO.[Pt] + [Pt] <=> C[Pt] + O[Pt],-7.010918836047598e-08,1.8229850440158026e-07,-1.6121945785349978e-07,9.118822460187243e-08,8.668620105321176e-09,2.610763100837131e-07,2.5240769988232387e-07,-2.861621368390923e-07,-3.3754437361215284e-08,-6.290648041324845e-08,-6.693044663445822e-09,0.0,0.0,2.730100387989566e-08,0.0
64,CO.[Pt] + [Pt] <=> C[Pt] + O[Pt],-4.664512622825052e-08,1.4450017387794467e-07,-1.1197428851059962e-07,7.91709924440286e-08,9.841257021652534e-09,2.0098655029658388e-07,1.9114530729424345e-07,-2.2985609162007487e-07,-3.871077934123024e-08,-4.921196973145849e-08,-7.66389552468918e-09,0.0,0.0,8.46543083281308e-09,0.0
65,CO.[Pt] + [Pt] <=> C[Pt] + O.[Pt],-4.0849386659214715e-08,1.1324021601934144e-07,-8.947686761851186e-08,6.461271955025183e-08,1.1959923500966793e-09,1.5528559515051147e-07,1.540895986500128e-07,-1.8651775258113507e-07,-3.242815648499829e-08,-3.8682795313537756e-08,-6.601929761951799e-09,0.0,0.0,2.763963800269062e-09,0.0
66,CO.[Pt] + [Pt] <=> C[Pt] + O[Pt],-5.884675716068327e-08,1.694487983717167e-07,-1.3899585982134252e-07,8.929968406543972e-08,1.0453562347032307e-08,2.3874911625346673e-07,2.282955508276176e-07,-2.6475796500793635e-07,-3.646242087494777e-08,-5.718012228946333e-08,-8.956261562027409e-09,0.0,0.0,9.453465555182405e-09,0.0
67,CO.[Pt] + [Pt] <=> C[Pt] + O[Pt],-4.077970341049604e-08,1.251974148673355e-07,-9.277406330370048e-08,7.32030346767182e-08,4.17683337982631e-09,1.7015394422383604e-07,1.6597711497230385e-07,-2.07372825574139e-07,-4.1395714485280743e-08,-4.288705509801398e-08,-7.255828766148513e-09,0.0,0.0,2.2108332505665762e-09,0.0
68,CO + 2 [Pt] <=> OC[Pt] + [Pt],-8.14088282825638e-07,-1.401217461304709e-06,-1.973529731215166e-06,-2.56065891303771e-06,1.8841389790953896e-07,-3.9871528937388285e-07,-5.871291756892013e-07,5.4594236440674895e-06,4.872294429177007e-06,7.866763974395774e-07,5.751342049960336e-07,0.0,0.0,-6.278647698547567e-05,0.0
69,C=O + [Pt] <=> OC[Pt],-4.7127339327079385e-08,1.3647038861606663e-07,-1.063999698028216e-07,7.719775413579813e-08,4.122298383507986e-09,1.877200313824419e-07,1.8359772954364387e-07,-2.183447730198795e-07,-3.4747045247352213e-08,-4.5187832343393245e-08,-6.131264112235064e-09,0.0,0.0,5.26445167457297e-09,0.0
70,OC[Pt] + [Pt] <=> C=[Pt] + O[Pt],-5.326773186795056e-08,1.4706868691279047e-07,-1.2201670537801518e-07,7.831971144604676e-08,6.175553274915664e-09,2.065119753407892e-07,2.0033642215477587e-07,-2.2901678355162372e-07,-2.868036876431168e-08,-4.8440615355232016e-08,-7.06852440089937e-09,0.0,0.0,3.510056686776155e-09,0.0
71,C=[Pt] + O.[Pt] <=> OC[Pt] + [Pt],1.3446354391592543e-07,6.66458536418825e-07,4.795572391525865e-08,5.799507101052967e-07,2.0926187967493493e-07,7.412568792295067e-07,5.31995000351738e-07,-1.5112075391796074e-06,-9.792125421089452e-07,-3.554167475916908e-07,-5.475238714971478e-08,0.0,0.0,8.495409664132833e-10,0.0
72,OC[Pt] + [Pt] <=> CO.[Pt] + [Pt],-1.8175757485667689e-06,-3.36292967512795e-06,-4.430127975237091e-06,-5.975481867971545e-06,4.413475383012015e-07,-1.104006429203259e-06,-1.5453539486136964e-06,1.2790795231527297e-05,1.124544108540086e-05,1.8547340289913781e-06,1.2978550284956263e-06,0.0,0.0,-0.00011901766111030063,0.0
73,CO.[Pt] + [Pt] <=> OC[Pt] + [H][H].[Pt],-2.9228729620779518e-08,9.881426231731066e-08,-6.948428205127243e-08,5.855869618285659e-08,5.577937195809924e-09,1.336209292876654e-07,1.2804299126660838e-07,-1.576864314068503e-07,-2.9643445034276153e-08,-3.2088399019586824e-08,-6.920680437710399e-09,0.0,0.0,-3.569169875293978e-09,0.0
74,CO.[Pt] + O=C=[Pt] <=> OC[Pt] + O=C[Pt],-4.982644564157978e-08,1.4270053572602016e-07,-1.1431973198692884e-07,7.820724214936448e-08,5.937203880755798e-09,1.9846418139889475e-07,1.9252698755485147e-07,-2.285222678275503e-07,-3.5995284400947125e-08,-4.835807197307463e-08,-7.382995781616897e-09,0.0,0.0,-7.960604202870872e-08,0.0
75,CO.[Pt] + O=[Pt] <=> OC[Pt] + O[Pt],-4.4259814057170026e-08,1.4144585460867997e-07,-1.0845679283925766e-07,7.724887095470564e-08,1.124761200927392e-08,1.9695327159899878e-07,1.8570566582743958e-07,-2.2444404326607647e-07,-3.873838311978989e-08,-4.796899701695047e-08,-7.551422017857406e-09,0.0,0.0,5.088801057262868e-09,0.0
76,C=[Pt] + CO.[Pt] <=> OC[Pt] + C[Pt],-6.781480937930756e-08,1.7904101995025343e-07,-1.55752036105909e-07,9.11037727317892e-08,8.219451958505485e-09,2.550752740223743e-07,2.4685582504099245e-07,-2.785143802195597e-07,-3.1658549429687795e-08,-6.037200997401666e-08,-6.738488504589973e-09,0.0,0.0,2.9475946980290703e-08,0.0
77,C=[Pt] + CO.[Pt] <=> OC[Pt] + C[Pt],-4.940827088383261e-08,1.4445625975377366e-07,-1.1407792546316982e-07,7.978659201749246e-08,6.507862386086341e-09,2.003723927044837e-07,1.9386452882732054e-07,-2.341425313440954e-07,-4.027799707821206e-08,-4.943119697886934e-08,-7.447393491504921e-09,0.0,0.0,-8.790975606721947e-09,0.0
78,C[Pt] + CO.[Pt] <=> OC[Pt] + C.[Pt],-5.520195319764073e-08,1.5952558886994107e-07,-1.3217372909645776e-07,8.25538008553626e-08,1.1351103362999172e-08,2.2607864261781667e-07,2.1472754881115278e-07,-2.4617396682041994e-07,-3.1446415890886145e-08,-5.3632262454496986e-08,-7.167289015652659e-09,0.0,0.0,6.422225695400616e-10,0.0
79,CO.[Pt] + C#[Pt] <=> C=[Pt] + OC[Pt],-6.923899448763817e-08,1.7674431553207136e-07,-1.5710477026905807e-07,8.887851590388177e-08,6.733487337613924e-09,2.5271679299242585e-07,2.4598331367957023e-07,-2.7656079991737726e-07,-3.0577489497819637e-08,-6.01182150149259e-08,-4.08589362713825e-09,0.0,0.0,1.5327627545610635e-08,0.0
80,CO.[Pt] + C~[Pt] <=> OC[Pt] + C#[Pt],-4.858572003145088e-08,1.434749551056317e-07,-1.1197745362368121e-07,8.008321096064194e-08,6.2254686436239214e-09,1.9828615449837403e-07,1.9206068355469282e-07,-2.2910697199892468e-07,-3.704628434633413e-08,-4.814519265152848e-08,-8.019739735781694e-09,0.0,0.0,-1.857843067703005e-11,0.0
81,CO.[Pt] + O[Pt] <=> OC[Pt] + O.[Pt],-6.293452329811891e-08,1.7020504491513284e-07,-1.4498472718606332e-07,8.815482715802566e-08,8.009568826631446e-09,2.411491373364888e-07,2.3313957455679155e-07,-2.705420281389845e-07,-3.740244877523026e-08,-5.873920950448386e-08,-7.391724786103336e-09,0.0,0.0,-5.541861423545896e-09,0.0
82,C=[Pt] + CO.[Pt] <=> OC[Pt] + C[Pt],-5.713833213647214e-08,1.6596793769383743e-07,-1.369821986474849e-07,8.612406321745277e-08,1.1898067272030997e-08,2.3500434558284328e-07,2.2310627417864542e-07,-2.571316997826184e-07,-3.402541992818265e-08,-5.570290704136449e-08,-7.368453752450768e-09,0.0,0.0,-1.0785623482137629e-08,0.0
83,C=[Pt] + CO.[Pt] <=> OC[Pt] + C[Pt],-4.564509947976228e-08,1.4362417190730204e-07,-1.1255408582787491e-07,7.671517202103679e-08,1.22072548546318e-08,2.0147653954066096e-07,1.892692804582745e-07,-2.2912885300320995e-07,-3.9859570634561624e-08,-4.962733161135571e-08,-7.361788655749626e-09,0.0,0.0,8.744529530029373e-10,0.0
84,C=O + [Pt] <=> C=O.[Pt],-1.1216896364175456e-06,-1.6029947660501137e-06,-3.20404353965904e-06,-3.6853486831381716e-06,6.788017304970546e-07,1.974965745644231e-07,-4.813051379751807e-07,7.623767988150513e-06,7.142462807978717e-06,9.071620242514513e-07,8.393989838633618e-07,0.0,0.0,-5.168176895646006e-05,0.0
85,O=C[Pt] + [Pt] <=> C=O.[Pt] + [Pt],-2.790598852038104e-07,-2.2299900123260925e-07,-7.886285567558459e-07,-7.325676881199972e-07,1.615347759368959e-07,2.1759564818386775e-07,5.606087963773792e-08,1.4504509278523298e-06,1.5065118013471766e-06,1.4963699109364227e-07,1.6914724065012979e-07,0.0,0.0,-1.0109795487162245e-05,0.0
86,C=O.[Pt] + C[Pt] <=> C.[Pt] + O=C[Pt],-4.0300174778854543e-08,1.3499253081704206e-07,-9.891643865287849e-08,7.637625798298849e-08,1.0381928880926852e-08,1.8567464222404447e-07,1.7529271212347784e-07,-2.163738236493902e-07,-4.108110566714953e-08,-4.543861610688152e-08,-9.846866173783722e-09,0.0,0.0,5.816315513092931e-09,0.0
87,C=O.[Pt] + [Pt] <=> C=[Pt] + O=[Pt],-6.976192618688842e-08,1.836352839789091e-07,-1.6102346431267815e-07,9.237373213646941e-08,9.14668723903427e-09,2.6254389916287324e-07,2.5339721299138497e-07,-2.8855691912601566e-07,-3.515970245844284e-08,-6.322873938046335e-08,-6.068835635463285e-09,0.0,0.0,4.722299288452366e-09,0.0
88,C=O.[Pt] + C#[Pt] <=> C=[Pt] + O=C[Pt],-4.037160167682108e-08,1.2542468221881446e-07,-9.14551309251279e-08,7.434114465583987e-08,3.797404067032958e-09,1.695936850499274e-07,1.657962826216404e-07,-2.062278495532343e-07,-4.043156719442027e-08,-4.2312567807258266e-08,-6.46385622460882e-09,0.0,0.0,1.2508350690371324e-08,0.0
89,C=O.[Pt] + C=[Pt] <=> C[Pt] + O=C[Pt],-9.363965969499066e-08,2.3093883451862126e-07,-2.1754907004945264e-07,1.0702942821577078e-07,1.3497674732130185e-08,3.3807616703585214e-07,3.245785028471709e-07,-3.520468587553985e-07,-2.7468358677558896e-08,-7.93518810452409e-08,-8.603674159550227e-09,0.0,0.0,1.751692670607429e-08,0.0
90,C=O.[Pt] + C~[Pt] <=> O=C[Pt] + C#[Pt],-7.176495266855373e-08,1.8751319618454936e-07,-1.6718821187141577e-07,9.20899308201897e-08,1.0742049319836104e-08,2.700202050937358e-07,2.5927815603637224e-07,-2.808044956462374e-07,-2.15263347465345e-08,-6.149386344918946e-08,-5.934397605411839e-09,0.0,0.0,4.6078308212582105e-08,0.0
91,C=O.[Pt] + [Pt] <=> O=C[Pt] + [H][H].[Pt],-6.234819301398583e-08,1.677131286032e-07,-1.4378068570712767e-07,8.628062576532137e-08,8.061799856774622e-09,2.381231185502697e-07,2.3006132480381685e-07,-2.6733560009861966e-07,-3.7274283274675236e-08,-5.845082648779696e-08,-7.902210601622633e-09,0.0,0.0,-1.834197792295876e-09,0.0
92,C=O.[Pt] + O=[Pt] <=> O=C[Pt] + O[Pt],-6.741319301729552e-08,1.7257891618442227e-07,-1.4750968938384077e-07,9.248240532543365e-08,1.8416291658275614e-09,2.418337376097609e-07,2.3999210516006957e-07,-2.77607845561837e-07,-3.761573901659959e-08,-5.849806970529004e-08,-7.771559558333199e-09,0.0,0.0,-3.806889340547794e-09,0.0
93,C=O.[Pt] + O[Pt] <=> O=C[Pt] + O.[Pt],-4.064137808491175e-08,1.2390852605833336e-07,-9.344746140099548e-08,7.110243464921933e-08,5.0169974513501775e-09,1.6956689530360733e-07,1.6454990810175204e-07,-2.01529177238429e-07,-3.697926699880157e-08,-4.189175322181059e-08,-5.511637338234562e-09,0.0,0.0,3.064258797939602e-08,0.0
94,C=O.[Pt] + O=C=[Pt] <=> 2 O=C[Pt],-6.484787101379146e-08,1.8297762685350362e-07,-1.5452257903945066e-07,9.330290250252802e-08,1.2688678527899548e-08,2.6051416393362513e-07,2.4782549515824373e-07,-2.828519091350906e-07,-3.5026410337865624e-08,-6.19676994923404e-08,-7.416718898732619e-09,0.0,0.0,2.867411880175252e-09,0.0
95,C=O.[Pt] + OC[Pt] <=> CO.[Pt] + O=C[Pt],-5.756297972164304e-08,1.6633919092080342e-07,-1.3621987980917118e-07,8.768228090698851e-08,1.044712995415753e-08,2.3434931236590158e-07,2.2390217620169447e-07,-2.6667725962390966e-07,-4.277508943738226e-08,-5.771428397424519e-08,-6.134804944857545e-09,0.0,0.0,9.023205990184823e-10,0.0
96,C=O.[Pt] + [Pt] <=> OC[Pt] + [Pt],-5.5998261501630113e-08,1.5204691802714648e-07,-1.285360538108853e-07,7.950912267036185e-08,6.721008495436859e-09,2.1476619384584622e-07,2.0804517848538428e-07,-2.407025594869619e-07,-3.265738351730015e-08,-5.193219838589781e-08,-6.5378350110047355e-09,0.0,0.0,2.1276103258746984e-08,0.0
97,C=O.[Pt] + [H][H].[Pt] <=> OC[Pt] + [Pt],-6.380279790236014e-08,1.846729030394495e-07,-1.5425330095727834e-07,9.422237511971995e-08,1.4404548565395361e-08,2.628802460225493e-07,2.4847569689178023e-07,-2.896786944956219e-07,-4.120300212539328e-08,-6.363201578611815e-08,-9.122813239820723e-09,0.0,0.0,6.121592908081402e-09,0.0
98,C=O.[Pt] + O=C[Pt] <=> OC[Pt] + O=C=[Pt],-2.6848962003422445e-08,1.0349740933146793e-07,-6.521346241426314e-08,6.513289388962165e-08,6.3226328618123494e-09,1.3666899380262703e-07,1.3034636777424982e-07,-1.6561224393609398e-07,-3.526587632993327e-08,-3.289572497571329e-08,-6.330270266578825e-09,0.0,0.0,8.691327660363332e-09,0.0
99,C=O.[Pt] + O[Pt] <=> OC[Pt] + O=[Pt],-4.6786600157872336e-08,1.3391662764825003e-07,-1.0648691572969541e-07,7.421628806028825e-08,4.8328438909752395e-09,1.8553606907194847e-07,1.8070322614712287e-07,-2.1610334628395485e-07,-3.5400125229177585e-08,-4.543772088656727e-08,-7.655469479143703e-09,0.0,0.0,-6.015611405810162e-09,0.0
100,C=O.[Pt] + C[Pt] <=> C=[Pt] + OC[Pt],-6.771540882794002e-08,1.7977973505169284e-07,-1.5857162434276005e-07,8.89235159176404e-08,1.0842733811216001e-08,2.583378824134953e-07,2.4749514025073246e-07,-2.833408320694415e-07,-3.584569848247204e-08,-6.335651173440675e-08,-1.0306473822155381e-08,0.0,0.0,1.6056408712623224e-08,0.0
101,C=O.[Pt] + C.[Pt] <=> OC[Pt] + C[Pt],-7.428645764455567e-08,1.7987122637368363e-07,-1.634061857875239e-07,9.075150315687058e-08,2.7702327917497067e-09,2.5692792583919133e-07,2.541576928141785e-07,-2.853131387911444e-07,-3.1155440933860056e-08,-6.211103647220207e-08,-7.779171401724845e-09,0.0,0.0,1.4288924375940317e-08,0.0
102,C=O.[Pt] + C=[Pt] <=> OC[Pt] + C#[Pt],-7.178458440289121e-08,1.7370040110235385e-07,-1.5643185911223716e-07,8.90531061211967e-08,1.4050451185268852e-09,2.4689002316781384e-07,2.4548498084520617e-07,-2.7986396436784174e-07,-3.437898534637114e-08,-6.083821629858021e-08,-6.456774559363856e-09,0.0,0.0,2.1504533508662285e-09,0.0
103,C=O.[Pt] + C#[Pt] <=> OC[Pt] + C~[Pt],-1.0448789266086047e-07,3.3461251323458214e-08,-2.6359284924544157e-07,-1.256437115709736e-07,3.308101297256599e-08,1.7103015231069392e-07,1.379491476431963e-07,1.9882949365112648e-07,3.3677863651234657e-07,7.750614021641327e-09,2.6927293631555324e-08,0.0,0.0,-1.4019777806248062e-06,0.0
104,C=O.[Pt] + O.[Pt] <=> OC[Pt] + O[Pt],-5.3374370445332625e-08,1.5571084686823652e-07,-1.2698800241312863e-07,8.209720747805545e-08,1.0275104378166488e-08,2.1936032970274888e-07,2.0908522625763044e-07,-2.415053070491145e-07,-3.2420088127581734e-08,-5.2299889784061057e-08,-5.593322642691174e-09,0.0,0.0,1.4985615526328945e-08,0.0
105,2 C=O.[Pt] <=> OC[Pt] + O=C[Pt],-5.384875593890488e-08,1.4309361060962548e-07,-1.2034797389942963e-07,7.659438817263203e-08,3.649283602016535e-09,2.005916540210913e-07,1.9694237490849747e-07,-2.2888447951250204e-07,-3.194209864183492e-08,-4.8961796345457206e-08,-5.695457675662653e-09,0.0,0.0,-3.716108372466852e-09,0.0
106,C=O.[Pt] + CO.[Pt] <=> 2 OC[Pt],-5.228506634650581e-08,1.5004150635667061e-07,-1.2077251836221558e-07,8.155404132837726e-08,6.9321079343272205e-09,2.0925866849821485e-07,2.0232657457682449e-07,-2.4334906758366655e-07,-4.102249940372025e-08,-5.2032890325335056e-08,-7.458716581923339e-09,0.0,0.0,3.861780158457202e-09,0.0
107,[CH]C + 2 [Pt] <=> C[Pt] + C#[Pt],-4.637299275761544e-07,2.9710477705161464e-07,-6.44264408151763e-07,1.1657029178860254e-07,-3.076321598321236e-07,4.5320253715331333e-07,7.608347133775118e-07,-8.686686937583956e-07,-1.0783398243978815e-07,-2.7206038331346575e-07,-7.088834010904044e-08,0.0,0.0,-4.8614263999996704e-08,0.0
108,OC=[Pt] + [Pt] <=> O=C[Pt] + [Pt],-4.219623653291876e-08,1.590119888860469e-07,-1.0948395319097977e-07,9.17242596018293e-08,1.598358406355504e-08,2.171918087043705e-07,2.0120822709055196e-07,-2.596799507331415e-07,-5.847172892446515e-08,-5.630416955788287e-08,-6.338260808646672e-09,0.0,0.0,1.2751559237416081e-08,0.0
109,OC=[Pt] + [Pt] <=> C#[Pt] + O[Pt],3.960516220989003e-06,1.255393576612971e-05,2.204539918991633e-06,1.0797959305546151e-05,5.4788076944740955e-06,1.4072227365039873e-05,8.593419209708664e-06,-2.8539602242666438e-05,-1.9946185488974063e-05,-7.248360186218401e-06,-3.964720654316781e-06,0.0,0.0,3.633218170578917e-05,0.0
110,C#[Pt] + O.[Pt] <=> OC=[Pt] + [Pt],0.0055358123407961935,0.016642791768234275,0.004500286947076423,0.015607151365267805,0.00643117144215961,0.017538250311437093,0.011106364599932092,-0.04010522100984073,-0.029003310641974166,-0.00963668183963959,-0.0015205054430290905,-0.08230452674895482,1.1102230246251586e-14,-1.6361190401302267e-05,0.0
111,CO.[Pt] + C#[Pt] <=> OC=[Pt] + C[Pt],-7.731451154342143e-08,1.5550913551307e-07,-1.8451432492865722e-07,4.830931292618367e-08,1.5374997830782864e-08,2.481986411481512e-07,2.3282365091605104e-07,-1.8618980144625893e-07,4.6633849203173387e-08,-4.733153911545354e-08,2.9892769355284525e-09,0.0,0.0,1.219217957921314e-07,0.0
112,OC[Pt] + [Pt] <=> OC=[Pt] + [Pt],-5.3159650703061263e-08,1.6482431754875964e-07,-1.3007951985251093e-07,8.790443773720746e-08,1.334853677951357e-08,2.3133250255498e-07,2.179839692038743e-07,-2.545329754758578e-07,-3.654900220418065e-08,-5.47974934230786e-08,-6.917575108565548e-09,0.0,0.0,-1.1527916235097148e-07,0.0
113,OC=[Pt] + [H][H].[Pt] <=> OC[Pt] + [Pt],-5.079706869339898e-08,1.4209121121829203e-07,-1.1532750940255727e-07,7.756076654187019e-08,4.998694369806498e-09,1.9788699259363108e-07,1.928882864286116e-07,-2.255035438647273e-07,-3.2615256695390703e-08,-4.7689667932987265e-08,-6.9912320010866935e-09,0.0,0.0,2.0190531775323252e-08,0.0
114,OC=[Pt] + O=C[Pt] <=> OC[Pt] + O=C=[Pt],-6.071918556810735e-08,1.5878904025564025e-07,-1.3763166903092805e-07,8.187654142698083e-08,5.7826159370852824e-09,2.252908433515279e-07,2.1950822129756206e-07,-2.490406925834579e-07,-2.9532472989171635e-08,-5.368776611398068e-08,-6.084570565459448e-09,0.0,0.0,1.4041915695347986e-08,0.0
115,OC[Pt] + O=[Pt] <=> OC=[Pt] + O[Pt],-6.45480386085937e-08,1.8023743396612947e-07,-1.5004516138018398e-07,9.474029023708753e-08,9.376405531482163e-09,2.54161871243081e-07,2.4478548069336537e-07,-2.910283666203715e-07,-4.624288373529647e-08,-6.277150560495856e-08,-8.566164055672493e-09,0.0,0.0,-4.586254507449205e-08,0.0
116,OC=[Pt] + C[Pt] <=> C=[Pt] + OC[Pt],-4.6010563344419284e-08,1.7692527422096296e-07,-1.0592621729990391e-07,1.1700959520160693e-07,5.795047998223258e-09,2.287308806577607e-07,2.229358363767749e-07,-3.22261219133447e-07,-9.932537831386088e-08,-6.407663509355847e-08,-1.5428468092446467e-08,0.0,0.0,2.81955257604004e-06,0.0
117,OC=[Pt] + C.[Pt] <=> OC[Pt] + C[Pt],-5.675623461064484e-08,1.7083919850572562e-07,-1.353626752090311e-07,9.223275360975904e-08,1.1210222263781815e-08,2.388056590960222e-07,2.275954325533364e-07,-2.648013876787035e-07,-3.720595214151025e-08,-5.623188051750693e-08,-7.312198064101071e-09,0.0,0.0,1.8513828406721287e-08,0.0
118,OC=[Pt] + C=[Pt] <=> OC[Pt] + C#[Pt],-7.711841999635208e-08,1.997179874541515e-07,-1.7921470827888793e-07,9.762168968364164e-08,1.1158365481951351e-08,2.8799478272946394e-07,2.768364159296984e-07,-3.098418074352467e-07,-3.3005393907108044e-08,-6.862887108336813e-08,-6.99634443321541e-09,0.0,0.0,-2.7453853695920316e-09,0.0
119,OC=[Pt] + C=[Pt] <=> OC[Pt] + C#[Pt],-3.723501502045506e-08,1.1197381876760702e-07,-8.123472378830781e-08,6.797411914356472e-08,8.09007899490409e-10,1.5001784866329633e-07,1.4920884078724052e-07,-1.8605299803922562e-07,-3.684416128284045e-08,-3.758950750475612e-08,-7.694740531865774e-09,0.0,0.0,2.4567441148007195e-08,0.0
120,OC[Pt] + C~[Pt] <=> OC=[Pt] + C#[Pt],4.4079427897570666e-08,4.5393095145328354e-07,2.4227723288397263e-08,4.340792310792443e-07,6.124407564879356e-08,4.710955894449574e-07,4.0985152103281495e-07,-1.0884563813905562e-06,-6.786048659850476e-07,-2.1644433298850004e-07,-6.210718881488849e-08,0.0,0.0,-2.291662091123482e-06,0.0
121,OC=[Pt] + O.[Pt] <=> OC[Pt] + O[Pt],-5.23145703970884e-08,1.538644724575789e-07,-1.2267778117609083e-07,8.350122942372493e-08,8.52446433336757e-09,2.1470349839786108e-07,2.0617904160846106e-07,-2.4429037808220335e-07,-3.81113360858767e-08,-5.177929882540662e-08,-6.732713349777904e-09,0.0,0.0,-9.692451731618747e-08,0.0
122,OC=[Pt] + C=O.[Pt] <=> OC[Pt] + O=C[Pt],-2.6982934478006672e-08,1.0391790738122221e-07,-6.393690738306077e-08,6.696392416256911e-08,4.9690468862836685e-09,1.3586988596782717e-07,1.3090084883273682e-07,-1.726709352650753e-07,-4.1770086269408924e-08,-3.405334657162376e-08,-7.391270347691894e-09,0.0,0.0,2.1588980920830604e-09,0.0
123,OC=[Pt] + CO.[Pt] <=> 2 OC[Pt],-4.1647074829515366e-08,1.2880297683452736e-07,-9.616377767896639e-08,7.428626246692864e-08,5.49037478589457e-09,1.7594042312045084e-07,1.704500507866214e-07,-2.0727694379258118e-07,-3.6826896425996887e-08,-4.2797858601248396e-08,-5.9274674196373554e-09,0.0,0.0,1.427625726411507e-08,0.0
124,C=O.[Pt] + OC[Pt] <=> OC=[Pt] + OC[Pt],-6.96135780141887e-08,1.7753964436321127e-07,-1.5803133683450752e-07,8.912188175697876e-08,6.836171718414886e-09,2.53989398962581e-07,2.471532302380096e-07,-2.788787159077993e-07,-3.172548109554867e-08,-6.107880675803574e-08,-8.195209767399549e-09,0.0,0.0,2.138630713162664e-09,0.0
125,OC=[Pt] + C=[Pt] <=> OC[Pt] + C#[Pt],-3.360521396748768e-08,1.0567344611731253e-07,-7.376576027421458e-08,6.55128888828533e-08,1.11929483650981e-09,1.4039795108132543e-07,1.3927866593868444e-07,-1.7596243654955663e-07,-3.6683765193455047e-08,-3.506264643819547e-08,-7.213300904811112e-09,0.0,0.0,3.0333510450859975e-09,0.0
126,OC=[Pt] + C=[Pt] <=> OC[Pt] + C#[Pt],-6.381339778447847e-08,1.7888337950451135e-07,-1.4904905700980946e-07,9.364770281286786e-08,9.884962207421691e-09,2.5258174130996024e-07,2.426967818936828e-07,-2.8449268282288157e-07,-4.179590501314191e-08,-6.164973351345067e-08,-7.679232821075331e-09,0.0,0.0,1.2404480373404293e-08,0.0
127,OC#[Pt] + [Pt] <=> O=C=[Pt] + [Pt],7.0661103524382306e-06,3.1688443190562495e-05,-1.248513851175095e-05,1.2137189499848343e-05,2.3970947977601263e-05,4.8593284965552864e-05,2.4622331094416047e-05,-4.7064167311697214e-05,-2.244184780676364e-05,-1.9064125890817403e-05,-8.843246061650256e-06,0.0,0.0,0.0007917341852730232,0.0
128,OC#[Pt] + [Pt] <=> C~[Pt] + O[Pt],0.009787727384842964,0.03629104915696411,-0.004845436353555979,0.02165400752363767,0.022440180346612784,0.048946855110873336,0.026500727953119047,-0.06672334425053464,-0.04024029846935348,-0.02150560909328012,-0.011309194491607385,-0.08230452674895482,2.2204460492503172e-14,0.28330262909454074,0.0
129,C~[Pt] + O.[Pt] <=> OC#[Pt] + [Pt],0.006974428072193613,0.020619922030283688,0.006033371150396491,0.019678736705579816,0.0077881057327854174,0.02143371071348194,0.013644542329306878,-0.050207389280872136,-0.03656969752004779,-0.011910852001977121,-0.0023378008316206366,-0.08230452674895482,1.1102230246251586e-14,-2.3068014009399576e-06,0.0
130,CO.[Pt] + C~[Pt] <=> C[Pt] + OC#[Pt],-5.865232897973096e-07,-8.011357435847684e-07,-1.472444001557187e-06,-1.687056463558999e-06,1.7948126901011743e-07,-3.513119096342812e-08,-2.1461245188980968e-07,3.5030591003443352e-06,3.2884466365768213e-06,4.68500102813749e-07,4.72038640702237e-07,0.0,0.0,1.040287825359655e-06,0.0
131,OC[Pt] + C~[Pt] <=> C=[Pt] + OC#[Pt],-7.441210074431556e-08,2.0257956063410607e-07,-1.792944718337689e-07,9.769718151000175e-08,1.6273661591687872e-08,2.9326531981525406e-07,2.769916655801773e-07,-3.056389202192608e-07,-2.864725279820727e-08,-6.820069127624409e-08,-6.368556702742773e-09,0.0,0.0,1.8377868073130295e-08,0.0
132,OC=[Pt] + [Pt] <=> OC#[Pt] + [Pt],-8.598365963054826e-08,2.153925219018428e-07,-1.9791654991055493e-07,1.0345961155053819e-07,1.0798268433561644e-08,3.1217445562518695e-07,3.013761795656944e-07,-3.335722530212416e-07,-3.2196073396973756e-08,-7.429329623813992e-08,-7.038626140413281e-09,0.0,0.0,2.1916214642982837e-08,0.0
133,OC#[Pt] + [H][H].[Pt] <=> OC=[Pt] + [Pt],1.4622980193867704e-07,7.784354338786816e-07,-5.697622856717286e-08,5.752293971863578e-07,3.219303400098897e-07,9.54135964010417e-07,6.322056285047525e-07,-1.5976784151637644e-06,-9.65472800601646e-07,-4.246119879452377e-07,-4.541960442887427e-08,0.0,0.0,-6.627479353046322e-07,0.0
134,OC#[Pt] + O=C[Pt] <=> OC=[Pt] + O=C=[Pt],2.0108219360368606e-06,6.756294603428149e-06,1.253325130102135e-06,5.998797746001953e-06,2.665785759872159e-06,7.411258460089891e-06,4.745472570552137e-06,-1.5748110539149783e-05,-1.1002638720439377e-05,-3.894786109638497e-06,-1.4488683777105278e-07,0.0,0.0,-7.09874658139284e-07,0.0
135,OC#[Pt] + O[Pt] <=> OC=[Pt] + O=[Pt],-1.1276164632861513e-07,-1.789381973303996e-07,5.4715431576589785e-08,-1.1461140799295764e-08,-2.5756941915547423e-07,-3.237459782534351e-07,-6.61765542921193e-08,1.966086157044071e-07,1.3043206637653488e-07,1.4762962230625946e-07,6.663034686850253e-08,0.0,0.0,-1.3337480295026464e-05,0.0
136,OC=[Pt] + C=[Pt] <=> C[Pt] + OC#[Pt],-6.002338170853451e-08,1.702114731105243e-07,-1.423761194357365e-07,8.785871538716239e-08,1.1182293983445517e-08,2.414171411082065e-07,2.3023485321788913e-07,-2.6706942101202727e-07,-3.6834564935612263e-08,-5.813340984864552e-08,-9.147390783906185e-09,0.0,0.0,-7.603222754574548e-09,0.0
137,C.[Pt] + OC#[Pt] <=> OC=[Pt] + C[Pt],9.377436475314378e-07,3.4192836259166834e-06,3.6267699831327157e-07,2.8442169403086053e-06,1.4349706451555415e-06,3.916510631614526e-06,2.4815399569843395e-06,-7.620666151561993e-06,-5.139126390324556e-06,-1.948132750949816e-06,-1.6506363814998255e-07,0.0,0.0,-1.0779256147260138e-06,0.0
138,OC=[Pt] + C#[Pt] <=> C=[Pt] + OC#[Pt],1.082117672285796e-05,3.294388225057749e-05,8.723666509897425e-06,3.084637155209899e-05,1.2634772888595351e-05,3.475747881272375e-05,2.2122703133992253e-05,-7.934267397058142e-05,-5.721998838935703e-05,-1.9059650826887864e-05,-2.2472216700503386e-06,0.0,0.0,-7.644911908539683e-06,0.0
139,OC=[Pt] + C~[Pt] <=> OC#[Pt] + C#[Pt],-7.229982648351598e-08,1.9363273842479597e-07,-1.6864567881486725e-07,9.728687913045452e-08,1.1004876892699435e-08,2.769374345329429e-07,2.659325720901442e-07,-3.032666473399624e-07,-3.733407480122943e-08,-6.661543921294789e-08,-8.068591865011656e-09,0.0,0.0,2.804498558109855e-09,0.0
140,OC=[Pt] + C~[Pt] <=> OC#[Pt] + C#[Pt],-5.7952277640767276e-08,1.568596979394976e-07,-1.3212845715849158e-07,8.2683498640919e-08,6.183611308898791e-09,2.20995593890573e-07,2.1481197929060799e-07,-2.478411962888085e-07,-3.302921341183515e-08,-5.2929901080216697e-08,-8.643286041080878e-09,0.0,0.0,1.6859925839404773e-08,0.0
141,OC#[Pt] + O.[Pt] <=> OC=[Pt] + O[Pt],-5.312216851635174e-08,1.4252772987030797e-07,-1.1023703368641005e-07,8.541285398360897e-08,-3.738237747844796e-09,1.9191166990487624e-07,1.9564990611519967e-07,-2.4702173319782225e-07,-5.1371831442911266e-08,-4.8868083055287886e-08,-7.764496828022046e-09,0.0,0.0,-4.54585908783849e-07,0.0
142,C=O.[Pt] + OC#[Pt] <=> OC=[Pt] + O=C[Pt],-3.858586650646176e-08,1.3123249261558686e-07,-9.323284238703988e-08,7.658550497319472e-08,8.664234382906557e-09,1.7848257869089323e-07,1.6981835488206457e-07,-2.122777650011382e-07,-4.2459409598355044e-08,-4.434738323563941e-08,-7.288908095514694e-09,0.0,0.0,4.851081592009052e-09,0.0
143,CO.[Pt] + OC#[Pt] <=> OC=[Pt] + OC[Pt],-6.30853552301789e-08,1.7276999464876388e-07,-1.4662917927156572e-07,8.922615945279582e-08,9.150184121706192e-09,2.4500553195011245e-07,2.358553522648438e-07,-2.7231515613816425e-07,-3.6459807583961526e-08,-5.908331998573303e-08,-8.392549647568025e-09,0.0,0.0,1.843149217985718e-08,0.0
144,OC=[Pt] + C=O.[Pt] <=> OC[Pt] + OC#[Pt],-4.813472954397409e-08,1.4392944704897505e-07,-1.13759209396753e-07,7.830495734317507e-08,8.606974391061282e-09,2.0067114621478501e-07,1.920641778386924e-07,-2.2723469452082106e-07,-3.5170512629353164e-08,-4.873941548103023e-08,-5.510501242205959e-09,0.0,0.0,2.7530700840993487e-08,0.0
145,2 OC=[Pt] <=> OC[Pt] + OC#[Pt],-5.448582767057478e-08,1.4991681932056288e-07,-1.22705536783114e-07,8.169711001966113e-08,4.499844759477994e-09,2.08902481811527e-07,2.044026460180826e-07,-2.3554505218970625e-07,-3.114240303948605e-08,-4.93679008334684e-08,-8.023526722543707e-09,0.0,0.0,1.6667596858191427e-07,0.0
146,OC=[Pt] + C~[Pt] <=> OC#[Pt] + C#[Pt],-6.87250695521287e-08,1.821606046445681e-07,-1.5815307195303027e-07,9.273259495110881e-08,8.598167860452726e-09,2.594838483626037e-07,2.508856805982676e-07,-2.877618757888067e-07,-3.687619194777025e-08,-6.285211612507381e-08,-7.491227863275216e-09,0.0,0.0,1.1860639039040323e-09,0.0
147,OC=[Pt] + C~[Pt] <=> OC#[Pt] + C#[Pt],-6.524046806782353e-08,1.7366168939795643e-07,-1.5031426362274067e-07,8.858787544616675e-08,8.317949436307957e-09,2.472200978249785e-07,2.389021534618224e-07,-2.6626545434739583e-07,-2.7363298667800313e-08,-5.76653113538723e-08,-5.381194579217039e-09,0.0,0.0,1.06137729983751e-08,0.0
148,C.[Pt] + C~[Pt] <=> CC#[Pt] + [Pt],9.120853596237631e-09,1.8255889620115186e-08,2.3761761833065024e-08,3.289679284499354e-08,-3.538283891517454e-09,5.596758059208321e-09,9.135042324871523e-09,-4.1234143024319374e-08,-3.2099096024910345e-08,-2.448834477806989e-09,-6.1813848820303e-09,0.0,0.0,3.947916518868886e-10,0.0
149,CC#[Pt] + [Pt] <=> C[Pt] + C~[Pt],-3.437284614068123e-08,1.1617348281973747e-07,-8.263540806203055e-08,6.791090703407386e-08,7.357020112375122e-09,1.579033360766426e-07,1.505463316007349e-07,-1.8276462620337555e-07,-3.2218293510496165e-08,-3.7273820268484486e-08,-6.447837270605506e-09,0.0,0.0,1.6783078694331602e-08,0.0
150,CO.[Pt] + C~[Pt] <=> CC#[Pt] + O[Pt],-4.9041753303083364e-08,1.470345647403577e-07,-1.1740034737014122e-07,7.867596155496929e-08,1.0063981548756582e-08,2.0614029418772773e-07,1.960763222958398e-07,-2.34888056498143e-07,-3.881174091102679e-08,-5.074946992935579e-08,-6.338469092918582e-09,0.0,0.0,2.3223038346287563e-09,0.0
151,[CH]C + 2 [Pt] <=> CC#[Pt] + [Pt],-4.674406515161576e-07,2.981078320903716e-07,-6.471323658090403e-07,1.1841610690213601e-07,-3.1207158687961777e-07,4.5347689285893033e-07,7.655484898781821e-07,-8.736911823141025e-07,-1.0814269350285204e-07,-2.7239460567942566e-07,-7.022626121343777e-08,0.0,0.0,-5.205718499409905e-08,0.0
152,O=CO + 2 [Pt] <=> O=C[Pt] + O[Pt],-2.4677235575390236e-07,-2.820029506283684e-07,-7.129309954119181e-07,-7.481616068222233e-07,1.5628816545043576e-07,1.21057561483037e-07,-3.523059491375721e-08,1.6815311617460336e-06,1.6463005633162082e-06,1.9770855187432342e-07,-1.0310422702601469e-06,0.0,0.0,1.3702099308782672e-07,0.0
153,O=CO + 2 [Pt] <=> OC=[Pt] + O=[Pt],4.109741110565945e-06,8.657883934261368e-06,9.725313534322787e-06,1.42734566028015e-05,-7.457205800925729e-07,3.8024220186642863e-06,4.548142632873536e-06,-3.095820503794238e-05,-2.6410063808925313e-05,-4.664331896679186e-06,-2.6114198224603813e-06,0.0,0.0,-1.0744649597753561e-05,0.0
154,O=CO.[Pt] + [Pt] <=> O=C[Pt] + O[Pt],-7.540907924267984e-08,1.8866368637436927e-07,-1.7001488779738971e-07,9.405786687270068e-08,6.391120303039051e-09,2.7046388369003243e-07,2.6407276781454874e-07,-2.968477962913729e-07,-3.2775024452517117e-08,-6.51219268859464e-08,-7.853812910804112e-09,0.0,0.0,2.1213189936681586e-09,0.0
155,O=CO.[Pt] + [Pt] <=> O=C[Pt] + O[Pt],-8.056610378471144e-08,1.9897863095849344e-07,-1.8219471634970338e-07,9.73500143956596e-08,7.306297770742574e-09,2.8685103597065084e-07,2.7954473832423533e-07,-3.1091102314952787e-07,-3.136628924758651e-08,-6.839554411600779e-08,-7.853812910804112e-09,0.0,0.0,2.1213189936681586e-09,0.0
156,[Pt] + O=CO.[Pt] <=> O=C[Pt] + O.[Pt],-4.3134608345772034e-08,1.2010474477116548e-07,-9.430094631695847e-08,6.893840734822938e-08,1.1059856308889106e-09,1.6434533986709087e-07,1.6323936238075972e-07,-1.935504280118565e-07,-3.031106233972994e-08,-3.960776135732358e-08,-8.183129279628728e-09,0.0,0.0,-1.86713228304152e-09,0.0
157,C[Pt] + O=CO.[Pt] <=> CO.[Pt] + O=C[Pt],-5.35818019846327e-08,1.4804025662201364e-07,-1.2070644324510628e-07,8.091560363317662e-08,4.4570167181917615e-09,2.0607908705898258e-07,2.0162206637174238e-07,-2.3864843465044165e-07,-3.702636335766847e-08,-5.0634759653633987e-08,-7.11962978725273e-09,0.0,0.0,2.008159461362612e-09,0.0
158,C=[Pt] + O=CO.[Pt] <=> OC[Pt] + O=C[Pt],-1.9281298471379114e-08,8.640090390100475e-08,-4.8319725445765945e-08,5.736246118596333e-08,5.826566723309658e-09,1.1150875772190554e-07,1.0568219753607425e-07,-1.4273026853924177e-07,-3.7048069381160804e-08,-2.7966194315278394e-08,-9.101814398225363e-09,0.0,0.0,2.6668492762754955e-09,0.0
159,C=O.[Pt] + O[Pt] <=> [Pt] + O=CO.[Pt],-5.412850501715421e-08,1.5936276025763028e-07,-1.2925840295195072e-07,8.423284849987456e-08,1.0831997562745013e-08,2.2432324980562092e-07,2.13491266086209e-07,-2.516979463772699e-07,-3.820668550617818e-08,-5.448239621837773e-08,-8.552152204653045e-09,0.0,0.0,5.904563058808824e-09,0.0
160,O=CO.[Pt] + [Pt] <=> OC=[Pt] + O=[Pt],-8.023400759630855e-08,1.999501294016923e-07,-1.8536716059065475e-07,9.481696546544881e-08,1.0668579697946396e-08,2.908527277500798e-07,2.801841418371811e-07,-3.0228168794545617e-07,-2.209754589106941e-08,-6.759806558333811e-08,-5.766842376126591e-09,0.0,0.0,2.0706505463671678e-09,0.0
161,C#[Pt] + O=CO.[Pt] <=> OC=[Pt] + O=C[Pt],-5.6083060558576684e-08,1.5528451925769482e-07,-1.288477092404278e-07,8.251985104990057e-08,6.832335673209565e-09,2.1819991908387366e-07,2.1136758660229974e-07,-2.4390867332565687e-07,-3.2541084928272844e-08,-5.2223836749182e-08,-8.032994189448739e-09,0.0,0.0,-2.676982965735694e-10,0.0
162,C~[Pt] + O=CO.[Pt] <=> OC#[Pt] + O=C[Pt],4.357964031963202e-08,3.517540587924002e-07,1.578866614092054e-08,3.2396306011643133e-07,6.760891670312421e-08,3.757833329667388e-07,3.0817441631217057e-07,-7.975718562946216e-07,-4.8939744340017e-07,-1.6670890352419828e-07,-2.3087809765554327e-07,0.0,0.0,6.916538622527868e-08,0.0
163,O=CO + [Pt] <=> O=CO.[Pt],-5.8286945398204783e-08,1.7212659072821753e-07,-1.415673518866442e-07,8.884617982842133e-08,1.3720831983845808e-08,2.441343602292542e-07,2.3041354106212684e-07,-2.6249970963057694e-07,-3.208617237276524e-08,-5.695892148817787e-08,-7.412098774882963e-09,0.0,0.0,3.0903530482996125e-08,0.0
164,O=CO.[Pt] + [Pt] <=> O=C[Pt] + O[Pt],-6.469172032431352e-08,1.6730239399877424e-07,-1.4652773333946345e-07,8.546636834423315e-08,6.067161607345809e-09,2.3806127357042173e-07,2.3199411798634912e-07,-2.6797684800249223e-07,-3.598273203604597e-08,-5.839107053182056e-08,-9.895642563278443e-09,0.0,0.0,7.258255075866968e-09,0.0
165,O=CO.[Pt] + [Pt] <=> O=C[Pt] + O[Pt],-4.865664515984968e-08,1.4289473564222594e-07,-1.1349098635227454e-07,7.806037735036258e-08,7.401871433601966e-09,1.9895325373201147e-07,1.915513885080702e-07,-2.321891646990484e-07,-4.063777441759737e-08,-4.96478402949186e-08,-8.101500779973547e-09,0.0,0.0,-1.2361834430259291e-08,0.0
