,Reaction,SYNGAS Selec,SYNGAS Yield,CO Selectivity,CO % Yield,H2 Selectivity,H2 % Yield,CH4 Conversion,H2O+CO2 Selectivity,H2O+CO2 yield,Exit Temp,Peak Temp,Dist to peak temp,O2 Conversion,Max CH4 Conv,Dist to 50 CH4 Conv
0,[H][H] + 2 [Pt] <=> 2 [Pt],-8.942646410043879e-05,-8.942443855838896e-05,-0.0003421806442751431,-0.0003421786187366622,0.00018729153905023676,0.0001872935645961939,2.025547772375469e-09,0.0005998117105290221,0.0005998137360960126,3.6036530412540026e-05,0.0005528391460983421,0.0,-5.5511151231698996e-14,0.01362733694395159,0.0
1,O=C=O + [Pt] <=> O=C=O.[Pt],3.997213241580806e-09,3.997152167938355e-09,1.5290138920813677e-08,1.529008827567911e-08,-8.366403619380024e-09,-8.366462748041157e-09,-5.5511188916535634e-14,-2.68018792650388e-08,-2.6801918854770177e-08,-1.6139658521265485e-09,-1.6859727902911923e-09,0.0,0.0,2.835193104175736e-07,0.0
2,[C-]#[O+] + [Pt] <=> O=C=[Pt],2.6801258409656276e-05,2.680065670707042e-05,0.00010255201176634841,0.00010255141005984982,-5.613148355937653e-05,-5.6132085257678674e-05,-6.01696878904113e-10,-0.0001797644107357648,-0.00017976501241789166,-1.0800224489021005e-05,-0.00016149143324340815,0.0,0.0,0.0006711907744960769,0.0
3,[O][O] + 2 [Pt] <=> 2 O=[Pt],0.002872753757967888,0.0028726885097654364,0.010992289074501668,0.010992223821005936,-0.006016601099584247,-0.006016666341978196,-6.524631934368189e-08,-0.01926848771277199,-0.019268552946513053,-0.0011576529549375705,0.011884286133185375,-0.19379844961239898,1.9650947536021446e-12,0.32334434800817496,0.0
4,O=C=[Pt] + O=[Pt] <=> O=C=O.[Pt] + [Pt],6.6707341955385495e-06,6.670655902770928e-06,2.5524702518123642e-05,2.5524624219678464e-05,-1.3970793719393164e-05,-1.3970872019307158e-05,-7.829298084788186e-11,-4.474269229731581e-05,-4.474277057449307e-05,-2.6882121151891754e-06,3.3758951248925066e-06,0.0,0.0,-1.550530009925072e-06,0.0
5,C=[Pt] + [Pt] <=> C[Pt] + [Pt],-0.00030734441554745786,-0.00030733745114059334,-0.0011760212225224143,-0.0011760142581777326,0.0006436923239701315,0.0006436992884450745,6.964433761468561e-09,0.0020614587942968084,0.0020614657588788362,0.0001238517573590656,0.0016731461417099265,0.0,-1.998401444341164e-13,0.04354346156135505,0.0
6,C[Pt] + [Pt] <=> C + 2 [Pt],-8.956973478413911e-05,-8.956790038219934e-05,-0.00034272775662766756,-0.0003427259222378005,0.00018759039858218238,0.00018759223298397723,1.83440054446027e-09,0.0006007712839585696,0.0006007731183749817,3.609440915472724e-05,-0.002630737057735095,0.0,-5.5511151231698996e-14,0.0022999025437700073,0.0
7,C=[Pt] + [Pt] <=> C#[Pt] + [Pt],-7.408455505297224e-05,-7.408294766949327e-05,-0.00028347656893596606,-0.0002834749615636459,0.0001551600806533514,0.00015516168803568495,1.6073819862672059e-09,0.000496908973195529,0.0004969105806011159,2.9854201117689498e-05,0.0004525465182304468,0.0,-5.5511151231698996e-14,0.003162460503464222,0.0
8,O=C=[Pt] + [Pt] <=> C~[Pt] + O=[Pt],1.2779447150791624e-05,1.2799961925515038e-05,4.885875635022955e-05,4.887927112477373e-05,-2.6720569768596542e-05,-2.6700054993676888e-05,2.0514770487183826e-08,-8.570224655073935e-05,-8.568173178946268e-05,-5.164859000802641e-06,0.00041830230636410743,0.0,0.0,0.020965067760814797,0.0
9,C#[Pt] + [Pt] <=> C~[Pt] + [Pt],-5.177646735440933e-09,-5.17752267590732e-09,-1.981227904855149e-08,-1.9812158243075536e-08,1.0844506598399742e-08,1.0844620858286526e-08,1.221246156163784e-13,3.4731266415946236e-08,3.4731396966903305e-08,2.0781179677616134e-09,3.219546122748305e-08,0.0,0.0,1.0046704603037239e-06,0.0
10,C~[Pt] + [H][H] <=> C=[Pt],-2.5055483384981085e-06,-2.505493153979393e-06,-9.5872164320844e-06,-9.587161244085488e-06,5.247538286928036e-06,5.247593480998818e-06,5.518922402081973e-11,1.680552768506793e-05,1.680558288857875e-05,1.009668443691493e-06,1.536949542285815e-05,0.0,0.0,0.00010626282097693146,0.0
11,C + O=[Pt] + [Pt] <=> C[Pt] + O[Pt],-9.94684350384967e-08,-9.946607864947112e-08,-3.806039367476396e-07,-3.8060158324967946e-07,2.0832174510390522e-07,2.0832409129587614e-07,2.353674410061111e-12,6.671653535865781e-07,6.67167710623866e-07,4.008122597995581e-08,4.931955670969187e-07,0.0,0.0,2.1558454178560892e-05,0.0
12,O=C=[Pt] + O[Pt] <=> O=C=O.[Pt] + [Pt],1.058253594434125e-06,1.0582336457862237e-06,4.049287371277844e-06,4.049267418848851e-06,-2.216362464891515e-06,-2.216382422762069e-06,-1.9950721296602907e-11,-7.0980442650005485e-06,-7.09806420964054e-06,-4.264571877563169e-07,6.823666220758043e-08,0.0,0.0,1.3464291239990135e-07,0.0
13,O[Pt] + [Pt] <=> [Pt] + O=[Pt],0.00012713431215329035,0.00012713133574210504,0.00048646550181244625,0.0004864625253722462,-0.0002662653507133428,-0.00026626832711948694,-2.976410029564591e-09,-0.0008527297498516247,-0.0008527327262224171,-5.123229671618286e-05,-1.3706560577854122e-05,0.0,8.88178419707184e-14,-2.4214091544642937e-06,0.0
14,C + O[Pt] + [Pt] <=> C[Pt] + O.[Pt],-1.0606844742720252e-07,-1.0606595518680332e-07,-4.058574080346691e-07,-4.0585492522008306e-07,2.2214372738715207e-07,2.2214621658479988e-07,2.4980035012441035e-12,7.114319654810649e-07,7.114344809371781e-07,4.274152218583704e-08,5.731095021023539e-07,0.0,0.0,4.240473125336118e-05,0.0
15,O + [Pt] <=> O.[Pt],4.0543665886665134e-08,4.0542557997605834e-08,1.5514261386846436e-07,1.5514151089101378e-07,-8.492051201190903e-08,-8.492161191603531e-08,-1.0991215405474056e-12,-2.719486238538008e-07,-2.719497070441272e-07,-1.6339844532959413e-08,-1.4296601573086342e-07,0.0,0.0,6.801545413779711e-09,0.0
16,O.[Pt] + [Pt] <=> [Pt] + O[Pt],0.0010811133644090302,0.0010810836927258836,0.004136763108541819,0.0041367334359549155,-0.0022642449396018944,-0.0022642746103089606,-2.9671363303441945e-08,-0.0072513570699018065,-0.007251386739103237,-0.0004356516759582851,-0.0008305172128522189,0.0,7.993605777364656e-13,-0.005751402729902703,0.0
17,O.[Pt] + O=[Pt] <=> 2 O[Pt],1.4800138615857444e-07,1.4799805487875852e-07,5.663139887501511e-07,5.663106506667179e-07,-3.0997176388742404e-07,-3.099751010807906e-07,-3.330671334992138e-12,-9.92696063320639e-07,-9.92699390162183e-07,-5.964157707210074e-08,-9.190390448577632e-07,0.0,0.0,-2.7880660282070448e-05,0.0
18,[H] + [Pt] <=> [Pt],4.589987855941826e-08,4.589728168466366e-08,1.6791829378142332e-07,1.6791568605046003e-07,-8.768721211445599e-08,-8.768982382817379e-08,-2.597923641293868e-12,-2.9410947524688817e-07,-2.941120710992102e-07,-4.924438222259152e-09,-1.7199604713266508e-06,0.0,0.0,-8.380838229556832e-08,0.0
19,C + [Pt] <=> C.[Pt],-0.0027444670463946915,-0.0027444062008569335,-0.01050140832922961,-0.010501347488420989,0.005747915951423435,0.00574797680212534,6.08472130533754e-08,0.018408022305510908,0.018408083163925382,0.0011059432350429212,-0.0033541190817560408,0.19379844961239898,-1.831867990646067e-12,0.4012750818589026,0.0
20,[CH3] + [Pt] <=> C[Pt],-2.3448954338473792e-07,-2.3448278803534324e-07,-8.974064264125562e-07,-8.973996759944194e-07,4.912789982954717e-07,4.912857590436514e-07,6.761262810034041e-12,1.5730686374051582e-06,1.5730754176672357e-06,9.449131238110511e-08,-1.614895150357573e-05,0.0,0.0,-2.965045442730062e-07,0.0
21,[H][H] + [Pt] <=> [H][H].[Pt],2.3885577333535047e-06,2.3884996245006443e-06,9.139552240480934e-06,9.139494136691373e-06,-5.002503868970442e-06,-5.002561983366647e-06,-5.8109112557829504e-11,-1.602079644311262e-05,-1.602085453701266e-05,-9.625378259910902e-07,5.214979364526685e-06,0.0,0.0,5.25894415852795e-05,0.0
22,[OH] + [Pt] <=> O[Pt],7.675135479882759e-05,7.67492569667284e-05,0.0002936956590013456,0.00029369356117399105,-0.0001607616098229205,-0.00016076370764685194,-2.0978233403447983e-09,-0.0005148213664306761,-0.0005148234642286392,-3.0954317874950166e-05,-3.015556331427181e-05,0.0,4.44089209853592e-14,2.9086331679438794e-06,0.0
23,[CH]=O + [Pt] <=> O=C[Pt],6.633870643876688e-13,6.633875147462951e-13,4.625712141545615e-12,4.625715281838029e-12,-3.661246960202973e-12,-3.6612494457415684e-12,0.0,-6.782063170890564e-12,-6.782067775081418e-12,-1.7574307852272678e-13,-2.7571065170552276e-11,0.0,0.0,-9.902286458131608e-12,0.0
24,O=C=O + 2 [Pt] <=> O=C=[Pt] + O=[Pt],0.0018180856173233369,0.0018180693314784231,0.006956662445941882,0.006956646159263512,-0.0038076837292624695,-0.0038077000141815433,-1.6285539537199726e-08,-0.012194468512852347,-0.01219448479640484,-0.000732670212199674,0.0034621207049880757,0.0,5.107025913316308e-13,-0.00544845172488923,0.0
25,O + 2 [Pt] <=> [Pt] + O[Pt],0.0029634771699319643,0.002963395918867881,0.011339424286012562,0.011339343028134947,-0.006206600091917595,-0.00620668133552215,-8.124865189726724e-08,-0.01987694564019088,-0.019877026872684226,-0.0011941852057702283,-0.0024718473065352443,0.0,2.1871393585289405e-12,-0.02004426917626741,0.0
26,CC + 2 [Pt] <=> 2 C[Pt],2.2842049579641315e-08,2.2843672525575434e-08,8.725495458651768e-08,8.725656386374921e-08,-4.7677880341838516e-08,-4.7676255793476525e-08,1.6209267163628405e-12,-1.5295426610401662e-07,-1.529526369838626e-07,-9.206652654570087e-09,-2.1948957176508888e-07,0.0,0.0,6.4345009873964185e-06,0.0
27,C=O + 2 [Pt] <=> O=C[Pt] + [Pt],-3.526114020783322e-08,-3.526033491143846e-08,-1.349172184490236e-07,-1.349164068673427e-07,7.384339597159974e-08,7.38442077490106e-08,8.104633581814203e-13,2.3649903639380839e-07,2.364998601783122e-07,1.4206513948028576e-08,2.142421615867456e-07,0.0,0.0,-3.6155037887344395e-06,0.0
28,C=O + 2 [Pt] <=> C=[Pt] + O=[Pt],2.478212760093176e-07,2.4782451879561554e-07,9.482486049639023e-07,9.482518361799963e-07,-5.190141198939453e-07,-5.190108778026873e-07,3.241853432725681e-12,-1.6622164829946786e-06,-1.6622132255564447e-06,-9.98729022863715e-08,-1.2999643869028376e-06,0.0,0.0,6.374006731149318e-05,0.0
29,CO + 2 [Pt] <=> C[Pt] + O[Pt],7.073724333941513e-08,7.073582425434224e-08,2.706713124392649e-07,2.7066988512489536e-07,-1.4815271902442327e-07,-1.4815414246218864e-07,-1.4210864362633122e-12,-4.744622068352505e-07,-4.7446362005833466e-07,-2.8507021152553726e-08,-4.328156527440494e-07,0.0,0.0,0.00011117873167273351,0.0
30,CC=O + 2 [Pt] <=> C[Pt] + O=C[Pt],-1.04611037076517e-12,-1.0461110809460809e-12,-2.2457283220168686e-12,-2.24572984659155e-12,2.8060651884767316e-13,2.806067093451567e-13,0.0,5.348630260954704e-12,5.348633892020046e-12,6.736818010037859e-13,-2.6550978861480255e-11,0.0,0.0,6.093714743465605e-12,0.0
31,C=C + 2 [Pt] <=> 2 C=[Pt],2.587974997724663e-09,2.8749939143883764e-09,-1.156263267275821e-08,-1.1275602073826434e-08,1.808021293119066e-08,1.8367232420205524e-08,2.8702615341183915e-10,1.9483091744721954e-08,1.9770134060538127e-08,-1.09480615291387e-09,2.4831359027143767e-07,0.0,0.0,1.5283326028062053e-08,0.0
32,C.[Pt] + [Pt] <=> C[Pt] + [Pt],-2.2922519961444763e-06,-2.2922048571079658e-06,-8.771043735450452e-06,-8.77099661013795e-06,4.800799092825269e-06,4.800846233524746e-06,4.714010162792206e-11,1.5374859867215335e-05,1.537490701788653e-05,9.237218330144457e-07,1.3192340342291415e-05,0.0,0.0,0.00015367183321559008,0.0
33,O=C[Pt] + [Pt] <=> O=C=[Pt] + [Pt],-4.915737695187618e-08,-4.915627491047249e-08,-1.8808970628581907e-07,-1.880886012653049e-07,1.0294723599572125e-07,1.0294834813778687e-07,1.1102237783307127e-12,3.2970670629660407e-07,3.297078286975995e-07,1.980905683876767e-08,3.7126249546161925e-07,0.0,0.0,8.622492104852391e-06,0.0
34,C[Pt] + [H][H].[Pt] <=> C.[Pt] + [Pt],-4.6100297997524615e-10,-4.6097777803543517e-10,-1.7598210613856969e-09,-1.7598100510353034e-09,9.609437049014483e-10,9.60957719488871e-10,2.2204475566614253e-14,3.086288027697127e-09,3.086311517444543e-09,1.8067852997790669e-10,2.8230816766504212e-09,0.0,0.0,7.145689477345617e-08,0.0
35,C#[Pt] + [H][H].[Pt] <=> C=[Pt] + [Pt],-4.809972798372147e-06,-4.8098662476064014e-06,-1.84048543068642e-05,-1.840474775341577e-05,1.007385013780915e-05,1.007395669900009e-05,1.065592782441818e-10,3.226205232182538e-05,3.2262158881987675e-05,1.9382940065354453e-06,2.89631802466804e-05,0.0,-1.11022302463398e-14,0.00015519069667318213,0.0
36,C=[Pt] + [H][H].[Pt] <=> C[Pt] + [Pt],-8.850553004640992e-09,-8.85034213639577e-09,-3.3859541598626344e-08,-3.3859332689094336e-08,1.8529557503372065e-08,1.852977051603764e-08,2.1094251788283542e-13,5.935471275926132e-08,5.9354924210131556e-08,3.567760237089876e-09,2.4337290998904338e-08,0.0,0.0,1.2664605437061714e-07,0.0
37,C~[Pt] + [H][H].[Pt] <=> C#[Pt] + [Pt],-5.046644374900979e-07,-5.046529666947429e-07,-1.9310428337338525e-06,-1.931031353779518e-06,1.0569500183935357e-06,1.0569615058859897e-06,1.147971386793957e-11,3.3849437530877426e-06,3.3849552507005702e-06,2.0336573121364106e-07,2.6583173216416953e-06,0.0,0.0,1.263766474332368e-05,0.0
38,[H][H].[Pt] + O=[Pt] <=> [Pt] + O[Pt],0.004050428573241649,0.00405033379896247,0.015498520633371822,0.015498425848243154,-0.008483066115450223,-0.008483160877851264,-9.477043366740384e-08,-0.027167496341751973,-0.027167591086436127,-0.001632246442472377,-0.0003745672171820248,0.0,3.042011087497105e-12,-1.3447448212439194e-07,0.0
39,[H][H].[Pt] + O[Pt] <=> O.[Pt] + [Pt],1.4870916657501318e-06,1.4870506905281593e-06,5.690195580177049e-06,5.6901545895517756e-06,-3.1145118425720034e-06,-3.114552814292499e-06,-4.0978359658186605e-11,-9.974377096250596e-06,-9.974418056099744e-06,-5.992450438968882e-07,-7.62482649109738e-07,0.0,0.0,-1.838975037546944e-06,0.0
40,O=C=[Pt] + [H][H].[Pt] <=> O=C[Pt] + [Pt],-5.435811466013522e-08,-5.435669721309076e-08,-2.0799438973179442e-07,-2.0799298089273285e-07,1.1384452334409472e-07,1.1384593685301837e-07,1.4210864362633122e-12,3.6459586427785365e-07,3.645972884932798e-07,2.1902493744873847e-08,5.331720024439855e-07,0.0,0.0,7.42218188154391e-06,0.0
41,C.[Pt] + O=C=[Pt] <=> C[Pt] + O=C[Pt],-8.157109403259142e-10,-8.156859791893965e-10,-3.1164850687884526e-09,-3.116462774393367e-09,1.7031880338990936e-09,1.7032025523795739e-09,2.2204475566614253e-14,5.464781115701596e-09,5.464806220154721e-09,3.2934252915159e-10,5.0246434428199035e-09,0.0,0.0,1.3863268072246428e-07,0.0
42,O=C[Pt] + C#[Pt] <=> C=[Pt] + O=C=[Pt],-9.866900387187973e-07,-9.866681533850737e-07,-3.7754598951677536e-06,-3.775437999315711e-06,2.066485285186621e-06,2.066507185729224e-06,2.1893612908681654e-11,6.6180417543903116e-06,6.61806366238265e-06,3.976096936796385e-07,6.0612131397838545e-06,0.0,0.0,9.254135506355415e-05,0.0
43,C=[Pt] + O=C[Pt] <=> C[Pt] + O=C=[Pt],-7.781275116396437e-10,-7.781025249885776e-10,-2.9740277808831215e-09,-2.974017594830487e-09,1.6259677923552506e-09,1.6259956206368924e-09,2.2204475566614253e-14,5.214721953741442e-09,5.2147468884349995e-09,3.147412083776601e-10,3.9737246658708584e-09,0.0,0.0,9.597591580386212e-08,0.0
44,O=C[Pt] + C~[Pt] <=> C#[Pt] + O=C=[Pt],-1.6431587287140718e-11,-1.6431598442177465e-11,-6.219691048368457e-11,-6.218474765426058e-11,3.367278226172078e-11,3.367280512141881e-11,0.0,1.0934739705495796e-10,1.0934747128845782e-10,4.173898114914761e-12,1.0338790253637008e-10,0.0,0.0,1.3543281017352306e-09,0.0
45,O=C[Pt] + O=[Pt] <=> O=C=[Pt] + O[Pt],1.2560325504566055e-05,1.2560030289310256e-05,4.806071673811155e-05,4.806042152551374e-05,-2.6305885807158706e-05,-2.630618101196228e-05,-2.952085026581365e-10,-8.424605763662401e-05,-8.424635284359467e-05,-5.061537287052826e-06,-1.1588964788123139e-06,0.0,0.0,-1.693384202941793e-06,0.0
46,O=C[Pt] + O[Pt] <=> O=C=[Pt] + O.[Pt],1.742995930415707e-08,1.7429473596330166e-08,6.66976551671371e-08,6.669716342432736e-08,-3.650883226106866e-08,-3.650932472394645e-08,-4.884984624655136e-13,-1.1691346244949927e-07,-1.1691394831560733e-07,-7.026266860364791e-09,-6.595332112773153e-09,0.0,0.0,-1.619205123918136e-08,0.0
47,C.[Pt] + O=[Pt] <=> C[Pt] + O[Pt],0.00019574130557741137,0.00019573687536353883,0.0007489827597795687,0.0007489783295333172,-0.0004099534068287564,-0.0004099578370205423,-4.430203658337526e-09,-0.00131289902112918,-0.0013129034512542723,-7.887873194171501e-05,-0.0012181686132687881,0.0,1.221245327097378e-13,-0.0031956614626758545,0.0
48,C=[Pt] + C.[Pt] <=> 2 C[Pt],-1.0893581043858277e-09,-1.0893333290222433e-09,-4.162823596215117e-09,-4.162789807102318e-09,2.275505072411698e-09,2.275546703873912e-09,3.3306713349921384e-14,7.2988906157460956e-09,7.298938359870667e-09,4.365458070504533e-10,6.5186532306391055e-09,0.0,0.0,1.7816393364628238e-07,0.0
49,C.[Pt] + C#[Pt] <=> C=[Pt] + C[Pt],-1.0002884912155915e-06,-1.0002658241515159e-06,-3.8274904545628946e-06,-3.827467788499702e-06,2.0949627179251684e-06,2.094985386085021e-06,2.2670769553513153e-11,6.709245677635706e-06,6.70926835356402e-06,4.030900658402912e-07,6.169595557298395e-06,0.0,0.0,0.00012848632851197595,0.0
50,C.[Pt] + C~[Pt] <=> C[Pt] + C#[Pt],-5.161406509806981e-10,-5.161154864726177e-10,-1.970101785624983e-09,-1.9700909180294653e-09,1.075671684464597e-09,1.0756857769382764e-09,2.2204475566614253e-14,3.4548514417189935e-09,3.45487518167586e-09,2.0835806484523614e-10,2.863181125785914e-09,0.0,0.0,9.44021530342147e-09,0.0
51,C.[Pt] + O[Pt] <=> C[Pt] + O.[Pt],1.775741736509366e-08,1.7757021181736148e-08,6.794842820213865e-08,6.794803494887886e-08,-3.7192229394399395e-08,-3.719261542342616e-08,-3.8857832241574947e-13,-1.1910734221541663e-07,-1.1910772259822269e-07,-7.1574444232254625e-09,-1.103240009460245e-07,0.0,0.0,-3.606399200004801e-06,0.0
52,C#[Pt] + O[Pt] <=> C=[Pt] + O=[Pt],0.00017269096269102206,0.000172687124032483,0.0006607831948998647,0.0006607793562216344,-0.00036167767865135893,-0.0003616815172883399,-3.838654224767356e-09,-0.0011582933549059893,-0.0011582971934968335,-6.959009657624923e-05,-0.0010711826945849286,0.0,1.1102230246339799e-13,-0.0014758669121818903,0.0
53,C=[Pt] + O[Pt] <=> C[Pt] + O=[Pt],1.0630241894183464e-08,1.0630044991581393e-08,4.067992835799863e-08,4.06797240786745e-08,-2.2268479020435112e-08,-2.2268681209146546e-08,-1.9984028009952828e-13,-7.130620568284356e-08,-7.130640385277921e-08,-4.285040966823842e-09,-6.779676076235272e-08,0.0,0.0,2.890094274814121e-06,0.0
54,C~[Pt] + O[Pt] <=> C#[Pt] + O=[Pt],7.917728732563561e-09,7.917555503401447e-09,3.0293117537494676e-08,3.0292942821957755e-08,-1.657910167750744e-08,-1.6579273279379458e-08,-1.665335667496069e-13,-5.3098826438922437e-08,-5.3098990853740364e-08,-3.194701617155758e-09,-4.892625596789339e-08,0.0,0.0,-1.6221620989974027e-09,0.0
55,2 C=[Pt] <=> C[Pt] + C#[Pt],-1.54390581792684e-09,-1.5438685936933154e-09,-5.9027870490142835e-09,-5.902742236070206e-09,3.2282310149754644e-09,3.228286655446246e-09,4.4408951133228506e-14,1.0348722379584555e-08,1.0348772194171633e-08,6.241954791430948e-10,7.520119372717364e-09,0.0,0.0,2.4104660615279784e-07,0.0
56,C[Pt] + C~[Pt] <=> C=[Pt] + C#[Pt],-2.8599514469778034e-06,-2.859886284336206e-06,-1.0943318336129164e-05,-1.0943253181849741e-05,5.9898058127312394e-06,5.9898709711656e-06,6.517013578801284e-11,1.918264692390357e-05,1.9182712106450833e-05,1.1524836985666834e-06,1.4674633576806156e-05,0.0,-1.11022302463398e-14,0.0002416055820425473,0.0
57,C=[Pt] + C~[Pt] <=> 2 C#[Pt],-7.432486609851074e-11,-7.432491655599838e-11,-2.813262925135262e-10,-2.8132648349964797e-10,1.5228916644318719e-10,1.5230263205314744e-10,0.0,4.937641511702944e-10,4.937644863757225e-10,2.7899213715482873e-11,4.5235799212862866e-10,0.0,0.0,6.282315214775865e-10,0.0
58,C#[Pt] + O.[Pt] <=> C=[Pt] + O[Pt],5.836565887949951e-07,5.836433983397865e-07,2.233305245860557e-06,2.233292042706952e-06,-1.2223965438989715e-06,-1.2224097338140541e-06,-1.3189458486568867e-11,-3.914779879729715e-06,-3.914793063497633e-06,-2.3519986174776086e-07,-3.7564584656045756e-06,0.0,0.0,-3.3702580403142075e-05,0.0
59,C=[Pt] + O.[Pt] <=> C[Pt] + O[Pt],1.2682289445987712e-08,1.2682017391761544e-08,4.8530164628694076e-08,4.8529892448398514e-08,-2.6564351028550058e-08,-2.6564622944754095e-08,-2.6645370679937107e-13,-8.506823134428002e-08,-8.506848164601792e-08,-5.1116485366554874e-09,-7.98041967064395e-08,0.0,0.0,-7.046949818157004e-07,0.0
60,C~[Pt] + O.[Pt] <=> C#[Pt] + O[Pt],0.00020661532693433995,0.00020661062937086378,0.0007905918465749836,0.0007905871489820186,-0.0004327284666550151,-0.0004327331641862065,-4.6975455441595614e-09,-0.0013858359274753537,-0.0013858406249548398,-8.326066561828067e-05,-0.0013463675254897077,0.0,1.221245327097378e-13,-0.006533176592791958,0.0
61,CO + [Pt] <=> CO.[Pt],-4.709318431381622e-08,-4.709218293069601e-08,-1.801941770922812e-07,-1.8019318876220416e-07,9.862721846477022e-08,9.862820741405437e-08,9.992014004976415e-13,3.1586590600868427e-07,3.158669120407924e-07,1.8981453391491063e-08,2.9073362082076726e-07,0.0,0.0,-1.0039745519863054e-05,0.0
62,CO.[Pt] + [Pt] <=> C.[Pt] + O[Pt],-1.5564081126018383e-12,-1.5564091692124618e-12,-1.5134256083157158e-12,-1.5134266357464793e-12,-1.6034658219867039e-12,-1.5901046862892214e-12,0.0,4.15053708250085e-12,4.150539900207555e-12,-8.347796229829522e-13,1.1637604371103359e-12,0.0,0.0,3.1783292673230726e-10,0.0
63,CO.[Pt] + [Pt] <=> C[Pt] + O[Pt],-1.8026267730380307e-11,-1.8026279968009904e-11,-6.353946545880335e-11,-6.353950859432397e-11,3.1802072136069624e-11,3.180209372578443e-11,0.0,1.1330538344806444e-10,1.1330546036855265e-10,6.399977109535967e-12,1.0762628931350032e-10,0.0,0.0,5.012842090843393e-09,0.0
64,CO.[Pt] + [Pt] <=> C[Pt] + O[Pt],-3.2327361945352935e-11,-3.232738389167523e-11,-1.212937394793676e-10,-1.2129382182297187e-10,6.506062572711051e-11,6.507403211956729e-11,0.0,2.1336755837000503e-10,2.1336770322046365e-10,8.743218156505656e-12,1.9998001881652796e-10,0.0,0.0,1.991683437612471e-08,0.0
65,CO.[Pt] + [Pt] <=> C[Pt] + O.[Pt],-8.675061611223361e-13,-8.675067500528475e-13,1.5134256083157158e-12,1.5134266357464793e-12,-3.4875381628210806e-12,-3.487540530432662e-12,0.0,-1.861323330812237e-12,-1.861324594422976e-12,-4.1592528583712e-12,-2.442460176651322e-12,0.0,0.0,-8.369717200150008e-11,0.0
66,CO.[Pt] + [Pt] <=> C[Pt] + O[Pt],-3.3271412767750774e-11,-3.3271435354968035e-11,-1.2146461011256455e-10,-1.2146469257216906e-10,6.328345110774191e-11,6.32834940694601e-11,0.0,2.1452286250637126e-10,2.1452300814114e-10,1.2111627161524587e-11,2.0065528721830802e-10,0.0,0.0,1.9917017187567013e-08,0.0
67,CO.[Pt] + [Pt] <=> C[Pt] + O[Pt],-1.7987995399742556e-11,-1.7988007611389926e-11,-6.450366403184321e-11,-6.449150276842255e-11,3.293786042664354e-11,3.293788278741958e-11,0.0,1.1486718348426322e-10,1.148672614650225e-10,3.4855710573674144e-12,1.0728147140620836e-10,0.0,0.0,5.010846399264909e-09,0.0
68,CO + 2 [Pt] <=> OC[Pt] + [Pt],-5.40348155257946e-08,-5.403371679557476e-08,-2.0675618789337806e-07,-2.0675509554512034e-07,1.1316619049031843e-07,1.1316729620757923e-07,1.0991215405474056e-12,3.6242581800837913e-07,3.624269198325759e-07,2.177532898230611e-08,3.334348647409063e-07,0.0,0.0,-1.0379454410261511e-05,0.0
69,C=O + [Pt] <=> OC[Pt],-7.144168385713356e-13,-7.144173235729333e-13,-3.5394631162222386e-13,-3.539465519084508e-13,-1.10906386020747e-12,-1.1090646131260955e-12,0.0,1.0911205732347596e-12,1.0911213139720893e-12,1.0837489842234818e-12,-3.017156688804574e-13,0.0,0.0,9.140572115198407e-14,0.0
70,OC[Pt] + [Pt] <=> C=[Pt] + O[Pt],-2.1126326512038067e-11,-2.1126340854228168e-11,-7.299837551077658e-11,-7.299842506773946e-11,3.565039010883772e-11,3.565041431108943e-11,0.0,1.2731879473176576e-10,1.2731888116564517e-10,9.34367367479164e-12,1.2539877895183963e-10,0.0,0.0,2.6794063727018266e-10,0.0
71,C=[Pt] + O.[Pt] <=> OC[Pt] + [Pt],-1.133116135748322e-10,-1.1334996285616986e-10,-4.3052076538490774e-10,-4.305576728163593e-10,2.3398575007340977e-10,2.339458222483335e-10,-3.3306713349921384e-14,7.558042449149872e-10,7.557833634780005e-10,4.127033293975367e-11,9.252613845667361e-10,0.0,0.0,-3.4019685984082604e-10,0.0
72,OC[Pt] + [Pt] <=> CO.[Pt] + [Pt],-5.104819593214713e-08,-5.104714620418694e-08,-1.953311549005243e-07,-1.953301036162815e-07,1.06914330699253e-07,1.0691537872336914e-07,1.054712589414177e-12,3.423999900538176e-07,3.424010568883925e-07,2.0566685250279145e-08,3.1476311873517513e-07,0.0,0.0,-1.0058986805022718e-05,0.0
73,CO.[Pt] + [Pt] <=> OC[Pt] + [H][H].[Pt],-1.4033187900508378e-12,-1.4033197427325474e-12,-2.0260375079065226e-12,-2.026038883338029e-12,-7.215596198940167e-13,-7.215601097446886e-13,0.0,4.621216545464864e-12,4.62121968270532e-12,-2.7093724605587044e-12,2.0401726181440456e-12,0.0,0.0,-4.874971794772484e-11,0.0
74,CO.[Pt] + O=C=[Pt] <=> OC[Pt] + O=C[Pt],2.9342120155608426e-13,2.9342140075316903e-13,4.3938162822069165e-13,4.515869800211269e-13,1.3362215183222532e-13,1.4698446679984398e-13,0.0,1.4762219520234983e-12,1.4762229541975327e-12,-5.272292355681803e-12,3.4481790729195136e-13,0.0,0.0,-3.5983385560164395e-11,0.0
75,CO.[Pt] + O=[Pt] <=> OC[Pt] + O[Pt],8.25406597420811e-12,8.25407157770871e-12,3.452807295100936e-11,3.452809639134508e-11,-2.0511000306246585e-11,-2.0511014230705503e-11,0.0,-5.902748355989611e-11,-5.902752363233322e-11,-3.8370572144128675e-12,-5.5530050486807995e-11,0.0,0.0,-9.613779533602229e-09,0.0
76,C=[Pt] + CO.[Pt] <=> OC[Pt] + C[Pt],-8.164763869386693e-13,-8.164769412262095e-13,1.830756784252882e-13,1.952808562253522e-13,-1.9241589863840445e-12,-1.924160292652503e-12,0.0,1.0055424890594843e-12,1.0055431716997687e-12,5.125839790246197e-13,5.746965121532523e-14,0.0,0.0,-4.722628926185843e-13,0.0
77,C=[Pt] + CO.[Pt] <=> OC[Pt] + C[Pt],-1.173684806224337e-12,-1.1736856030126761e-12,-8.665582112130308e-13,-8.665587995000003e-13,-1.509930315704146e-12,-1.5099313407620336e-12,0.0,3.829619266843568e-12,3.829621866686353e-12,1.0251679580492394e-12,4.3102238411493917e-13,0.0,0.0,3.808571714666003e-13,0.0
78,C[Pt] + CO.[Pt] <=> OC[Pt] + C.[Pt],-7.654466127550025e-13,-7.654471323995713e-13,2.807160402521086e-13,2.8071623082394376e-13,-1.910796771200822e-12,-1.910798068397972e-12,0.0,1.5618000361987735e-12,1.5618010964698534e-12,-3.588087853172338e-12,9.33881832249035e-13,0.0,0.0,-8.531200640851847e-13,0.0
79,CO.[Pt] + C#[Pt] <=> C=[Pt] + OC[Pt],5.23055185382585e-13,5.230555404730404e-13,7.323027137011528e-14,7.323032108450706e-14,1.0155283539249125e-12,1.0155290433443766e-12,0.0,2.075268541250425e-12,2.0752699501037775e-12,-1.4645256543560563e-14,1.4942109315984558e-12,0.0,0.0,-8.768855515847006e-11,0.0
80,CO.[Pt] + C~[Pt] <=> OC[Pt] + C#[Pt],-2.4877014914537578e-12,-2.487703180298607e-12,-5.113913950679717e-12,-5.11391742240141e-12,3.875042403134534e-13,3.8750450338140684e-13,0.0,9.777296117025198e-12,9.777302754612643e-12,-7.908438533522705e-13,7.959546693322543e-12,0.0,0.0,-1.0901655676059967e-10,0.0
81,CO.[Pt] + O[Pt] <=> OC[Pt] + O.[Pt],1.5308932255100048e-13,1.5308942647991427e-13,-2.4410090456705092e-14,-2.4410107028169024e-14,3.6077980994700836e-13,3.741422791268756e-13,0.0,3.209178156572822e-13,3.2091803352120273e-13,-1.244846806202648e-12,4.022875585072766e-13,0.0,0.0,-1.233977235551785e-12,0.0
82,C=[Pt] + CO.[Pt] <=> OC[Pt] + C[Pt],-9.440508223978363e-13,-9.440514632928046e-13,3.9056144730728147e-13,4.027667659647889e-13,-2.3918365177968333e-12,-2.3784759173065662e-12,0.0,2.7812877356964457e-13,2.781289623850424e-13,-1.6402687328787832e-12,3.017156688804574e-13,0.0,0.0,-0.0,0.0
83,C=[Pt] + CO.[Pt] <=> OC[Pt] + C[Pt],-6.378721772958354e-13,-6.378726103329761e-13,1.2205045228352546e-14,1.2205053514084512e-14,-1.3495837335054757e-12,-1.3495846497076583e-12,0.0,9.19964404884209e-13,9.199650294274478e-13,-1.1569752669412846e-12,2.8734825607662613e-13,0.0,0.0,8.531200640851847e-13,0.0
84,C=O + [Pt] <=> C=O.[Pt],-1.737702867088506e-07,-1.7376633505035404e-07,-6.64909871362854e-07,-6.649059289360149e-07,3.639346289517672e-07,3.6393859071718193e-07,3.952396650857338e-12,1.1655281714771573e-06,1.1655321291194036e-06,7.002119761375768e-08,1.057401382340959e-06,0.0,0.0,-1.9119856178233966e-05,0.0
85,O=C[Pt] + [Pt] <=> C=O.[Pt] + [Pt],-1.867508579423854e-08,-1.8674651961508962e-08,-7.14528506335103e-08,-7.145242314416389e-08,3.910659387705414e-08,3.9107021292372855e-08,4.32987273548978e-13,1.2525236212770645e-07,1.2525281086583566e-07,7.521144724228246e-09,1.1407392442265009e-07,0.0,0.0,-1.508132227883067e-06,0.0
86,C=O.[Pt] + C[Pt] <=> C.[Pt] + O=C[Pt],-1.4543485642345046e-12,-1.4543495515591855e-12,-2.4410090456705092e-14,-2.4410107028169024e-14,-3.019860631408292e-12,-3.019862681524067e-12,0.0,1.3478548257605854e-12,1.3478557407890515e-12,-1.786721298314389e-12,1.7240895364597568e-13,0.0,0.0,-1.5234286858664012e-12,0.0
87,C=O.[Pt] + [Pt] <=> C=[Pt] + O=[Pt],-2.474944047907841e-12,-2.4494308236786283e-12,-1.303498830388052e-11,-1.3022792099528173e-11,9.099668539774544e-12,9.113036941590328e-12,2.2204475566614253e-14,2.4047441653252347e-11,2.4090247049658287e-11,-2.680081947471583e-12,2.0920389783658765e-10,0.0,0.0,1.5034717700815514e-10,0.0
88,C=O.[Pt] + C#[Pt] <=> C=[Pt] + O=C[Pt],3.750688402499512e-12,3.750690948757899e-12,1.7026038093551803e-11,1.7038254705661978e-11,-1.076994543767736e-11,-1.0756590524897674e-11,0.0,-2.813379517262174e-11,-2.813381427202544e-11,-1.069103727679921e-12,-2.8131394269901697e-11,0.0,0.0,-3.8056772001628567e-10,0.0
89,C=O.[Pt] + C=[Pt] <=> C[Pt] + O=C[Pt],-6.378721772958354e-14,-6.378726103329761e-14,8.421481207563257e-13,8.421486924718312e-13,-1.05561499947458e-12,-1.0556157161079704e-12,0.0,1.4762219520234983e-12,1.4762229541975327e-12,-2.182143224990524e-12,-1.8677636644980697e-13,0.0,0.0,-5.636686137705685e-13,0.0
90,C=O.[Pt] + C~[Pt] <=> O=C[Pt] + C#[Pt],-9.083299804692695e-12,-9.08330597114158e-12,-3.080553415636183e-11,-3.080555506954931e-11,1.4698436701544786e-11,1.471180890423893e-11,0.0,5.511228620887727e-11,5.511232362337455e-11,2.548274638579538e-12,4.880610129461495e-11,0.0,0.0,-1.2015282045428306e-10,0.0
91,C=O.[Pt] + [Pt] <=> O=C[Pt] + [H][H].[Pt],-2.2963398382650073e-13,-2.296341397198714e-13,-4.1619204228682186e-12,-4.161923248302818e-12,4.075475630882872e-12,4.088840621886569e-12,0.0,1.0697260521909408e-11,1.0697267784040092e-11,-7.176175706344676e-12,9.812942945016782e-12,0.0,0.0,7.417574271483508e-11,0.0
92,C=O.[Pt] + O=[Pt] <=> O=C[Pt] + O[Pt],1.079356268645829e-08,1.0793314864922222e-08,4.1305290465408954e-08,4.130504999546862e-08,-2.2610992682226657e-08,-2.2611235190135708e-08,-2.442492312327568e-13,-7.240297440963388e-08,-7.24032161132124e-08,-4.346697496872232e-09,-2.2464929762309043e-08,0.0,0.0,-4.927091336973345e-08,0.0
93,C=O.[Pt] + O[Pt] <=> O=C[Pt] + O.[Pt],-2.806637580101676e-13,-2.8066394854650946e-13,-2.318958593386984e-13,-2.318960167676057e-13,-3.2069316439734076e-13,-3.206933821087505e-13,0.0,1.7757452466369616e-12,1.7757464521506552e-12,-1.991754889924237e-12,-5.315942737417583e-13,0.0,0.0,-1.180657231546461e-11,0.0
94,C=O.[Pt] + O=C=[Pt] <=> 2 O=C[Pt],-2.4621866043619246e-12,-2.462188275885288e-12,-2.5142393170406246e-12,-2.5142410239014094e-12,-2.4051987329800557e-12,-2.4052003658156288e-12,0.0,3.337545282835735e-12,3.3375475486205086e-12,2.489693612405296e-12,2.9884218631969115e-12,0.0,0.0,-5.103486097652444e-11,0.0
95,C=O.[Pt] + OC[Pt] <=> CO.[Pt] + O=C[Pt],-8.164763869386693e-13,-8.164769412262095e-13,-8.177380302996207e-13,-8.177385854436622e-13,-8.28457341359797e-13,-8.284579037809389e-13,0.0,2.8454712988279024e-12,2.8454732305546643e-12,1.244846806202648e-12,3.5918532009578265e-13,0.0,0.0,-5.636686137705685e-13,0.0
96,C=O.[Pt] + [Pt] <=> OC[Pt] + [Pt],-7.618745285621457e-10,-7.618495308772934e-10,-2.9129781446509024e-09,-2.912955712099522e-09,1.5931769162956224e-09,1.593191360092018e-09,2.2204475566614253e-14,5.107150301933121e-09,5.107175163598692e-09,3.054707609855862e-10,4.649050537302145e-09,0.0,0.0,1.2830986700988611e-08,0.0
97,C=O.[Pt] + [H][H].[Pt] <=> OC[Pt] + [Pt],8.037189433927525e-13,8.037194890195499e-13,1.4401953369456006e-12,1.4401963146619724e-12,1.0689772146578025e-13,1.0689779403625018e-13,0.0,-4.70679462964014e-13,-4.70679782497764e-13,-5.2283565860511215e-12,-1.1062907858950105e-12,0.0,0.0,-9.140572115198407e-14,0.0
98,C=O.[Pt] + O=C[Pt] <=> OC[Pt] + O=C=[Pt],-9.950805965815032e-13,-9.950812721194426e-13,-2.807160402521086e-13,-2.8071623082394376e-13,-1.7905368345518192e-12,-1.7905380501071904e-12,0.0,1.3478548257605854e-12,1.3478557407890515e-12,-1.8160118114015099e-12,1.4367412803831306e-13,0.0,0.0,-9.445257852371687e-13,0.0
99,C=O.[Pt] + O[Pt] <=> OC[Pt] + O=[Pt],4.809556216810598e-12,4.80955948191064e-12,2.3946298738027698e-11,2.3946314994633812e-11,-1.6141555941332818e-11,-1.6141566899473776e-11,0.0,-3.656323646388635e-11,-3.6563261285849033e-11,-3.7345404186079434e-12,-3.064569151057218e-11,0.0,0.0,-5.01116631928894e-10,0.0
100,C=O.[Pt] + C[Pt] <=> C=[Pt] + OC[Pt],1.0971401449488367e-12,1.097140889772719e-12,4.882018091341019e-12,4.882021405633804e-12,-3.0332228465915145e-12,-3.0332249057785984e-12,0.0,-8.258285122914062e-12,-8.25829072927895e-12,-9.519416753314367e-13,-6.3791312849011e-12,0.0,0.0,-3.727677651446497e-10,0.0
101,C=O.[Pt] + C.[Pt] <=> OC[Pt] + C[Pt],-1.4543485642345046e-12,-1.4543495515591855e-12,1.830756784252882e-13,1.952808562253522e-13,-3.233656074339853e-12,-3.2202960453420366e-12,0.0,9.627534469718468e-13,9.627541005636081e-13,1.3327183454640114e-12,-2.873482560766261e-14,0.0,0.0,-9.140572115198407e-14,0.0
102,C=O.[Pt] + C=[Pt] <=> OC[Pt] + C#[Pt],-2.806637580101676e-13,-2.8066394854650946e-13,5.736371257325697e-13,5.736375151619721e-13,-1.229323796856473e-12,-1.229324631416877e-12,0.0,-4.278904208763763e-13,-4.2789071136160365e-13,-1.581687706704541e-12,-9.051470066413723e-13,0.0,0.0,-3.170255095287981e-11,0.0
103,C=O.[Pt] + C#[Pt] <=> OC[Pt] + C~[Pt],-5.670173358418139e-10,-5.669922058727758e-10,-2.165760865680703e-09,-2.1657379258602403e-09,1.1833176899806378e-09,1.183345217757035e-09,2.2204475566614253e-14,3.797270751025314e-09,3.797294723442983e-09,2.2615205154566222e-10,3.4523599900454284e-09,0.0,0.0,1.1726028640842853e-08,0.0
104,C=O.[Pt] + O.[Pt] <=> OC[Pt] + O[Pt],-1.173684806224337e-12,-1.1736856030126761e-12,-6.346623518743324e-13,-6.224577292183101e-13,-1.7771746193685966e-12,-1.7638136015981279e-12,0.0,2.8026822567402647e-12,2.8026841594185037e-12,-1.1276847538541635e-12,7.04003227387734e-13,0.0,0.0,9.140572115198407e-14,0.0
105,2 C=O.[Pt] <=> OC[Pt] + O=C[Pt],-1.964646306071173e-12,-1.9646476398255666e-12,7.323027137011528e-14,7.323032108450706e-14,-4.209097782715098e-12,-4.209100640177351e-12,0.0,3.5300959722301043e-12,3.53009836873323e-12,1.1862657800284056e-12,5.603290993494209e-13,0.0,0.0,-7.617143429332006e-13,0.0
106,C=O.[Pt] + CO.[Pt] <=> 2 OC[Pt],-1.786042096428339e-12,-1.786043308932333e-12,-3.9056144730728147e-13,-3.905617124507044e-13,-3.3271915806224102e-12,-3.3271938393782867e-12,0.0,2.674315130477352e-12,2.674316946010023e-12,-9.080059057007549e-13,4.597572097226018e-13,0.0,0.0,-1.0511657932478168e-12,0.0
107,[CH]C + 2 [Pt] <=> C[Pt] + C#[Pt],1.4016348075027769e-09,1.449909958191268e-09,1.7491416468108884e-09,1.7974138209121978e-09,1.0211805709474155e-09,1.0694456182114103e-09,4.827252988181939e-11,-3.197646509730204e-09,-3.1493612137636753e-09,-5.720876563611063e-10,7.915091044624929e-08,0.0,0.0,5.789029006292325e-13,0.0
108,OC=[Pt] + [Pt] <=> O=C[Pt] + [Pt],-3.4758292813027363e-09,-3.47659708809782e-09,-1.3294174644349814e-08,-1.3294952587838743e-08,7.2734011418227874e-09,7.272631070565226e-09,-7.660544070481918e-13,2.3307447959388743e-08,2.3306693579012916e-08,1.4000865255643899e-09,2.5416413007187303e-08,0.0,0.0,6.073437907656723e-09,0.0
109,OC=[Pt] + [Pt] <=> C#[Pt] + O[Pt],-4.7488269582989714e-08,-4.7492435236227744e-08,-1.8169661815989142e-07,-1.8170078138237092e-07,9.944447826980648e-08,9.944030995534775e-08,-4.163339168740173e-12,3.1851354217142e-07,3.185093939178771e-07,1.9142419406161336e-08,3.3572214249186344e-07,0.0,0.0,3.5157717680998524e-06,0.0
110,C#[Pt] + O.[Pt] <=> OC=[Pt] + [Pt],-1.537606281605971e-06,-1.5382371098380864e-06,-5.8824593753158295e-06,-5.883090208129236e-06,3.2191857573759157e-06,3.2185549207972223e-06,-6.30829150847511e-10,1.031325285243095e-05,1.0312622039973067e-05,6.200944997605104e-07,1.2750019338543065e-05,0.0,0.0,-4.364196624975197e-07,0.0
111,CO.[Pt] + C#[Pt] <=> OC=[Pt] + C[Pt],1.03845590463762e-11,1.038456609622085e-11,4.318145001791131e-11,4.3181479332831e-11,-2.5521830999955035e-11,-2.5521848326154727e-11,0.0,-7.387528116430637e-11,-7.387533131658087e-11,-5.243001842594682e-12,-6.94377060809167e-11,0.0,0.0,-3.771811380476047e-09,0.0
112,OC[Pt] + [Pt] <=> OC=[Pt] + [Pt],7.798625239618883e-11,7.7973547887103e-11,2.9887714755189717e-10,2.988651453993874e-10,-1.638474825766747e-10,-1.6386095603331697e-10,-1.1102237783307127e-14,-5.227965162267566e-10,-5.227968711416074e-10,-3.4050221463778313e-11,-4.1856583721401745e-10,0.0,0.0,-4.971511470595838e-09,0.0
113,OC=[Pt] + [H][H].[Pt] <=> OC[Pt] + [Pt],-2.883182241377176e-12,-2.8831841987050522e-12,-6.859235418334131e-12,-6.859240074915495e-12,1.4698436701544784e-12,1.4698446679984398e-12,0.0,1.3820860594306955e-11,1.3820869976979798e-11,0.0,1.60627675146834e-11,0.0,0.0,-1.0283143629598208e-11,0.0
114,OC=[Pt] + O=C[Pt] <=> OC[Pt] + O=C=[Pt],-2.806637580101676e-13,-2.8066394854650946e-13,1.3913751560321903e-12,1.3913761006056342e-12,-2.11122999894916e-12,-2.0978692079614096e-12,0.0,-5.77652068183108e-13,-5.77652460338165e-13,-1.991754889924237e-12,-3.045891514412237e-12,0.0,0.0,-3.7506814246030796e-11,0.0
115,OC[Pt] + O=[Pt] <=> OC=[Pt] + O[Pt],1.1379639642957703e-10,1.1379647368340294e-10,4.3884460623064416e-10,4.388571092059368e-10,-2.420698902592594e-10,-2.42056692370834e-10,0.0,-7.676354150522191e-10,-7.676145416471489e-10,-4.8197539284857816e-11,-6.963310289504881e-10,0.0,0.0,-1.0711516541776982e-08,0.0
116,OC=[Pt] + C[Pt] <=> C=[Pt] + OC[Pt],1.285950309428404e-11,1.2859511824312799e-11,5.555736587946079e-11,5.55574035961127e-11,-3.389993991983556e-11,-3.3899962933745837e-11,0.0,-9.544095837647574e-11,-9.54410231692057e-11,-4.701127350482941e-12,-8.670733627112193e-11,0.0,0.0,-4.570286057599204e-09,0.0
117,OC=[Pt] + C.[Pt] <=> OC[Pt] + C[Pt],1.0205954836733366e-13,1.0205961765327618e-13,3.5028479805371808e-12,3.5028503585422546e-12,-3.6345225298365287e-12,-3.6211627729779746e-12,0.0,-4.770978192771596e-12,-4.7709814316818805e-12,1.4645256543560564e-12,-6.278559395274281e-12,0.0,0.0,-6.331369618460764e-11,0.0
118,OC=[Pt] + C=[Pt] <=> OC[Pt] + C#[Pt],1.3650464594130877e-12,1.365047386112569e-12,5.101708905451365e-12,5.101712368887325e-12,-2.7258918973773965e-12,-2.712531523669848e-12,0.0,-6.1830165816636374e-12,-6.183020779175173e-12,-4.203188628001882e-12,-6.853255907427533e-12,0.0,0.0,-1.176848659831795e-10,0.0
119,OC=[Pt] + C=[Pt] <=> OC[Pt] + C#[Pt],8.675061611223361e-13,8.675067500528475e-13,7.76240876523222e-12,7.76241403495775e-12,-6.694469806794488e-12,-6.694474351520167e-12,0.0,-1.2045115347669993e-11,-1.2045123524829143e-11,-3.3098279788446873e-12,-1.2082994168022128e-11,0.0,0.0,-2.39178303681025e-10,0.0
120,OC[Pt] + C~[Pt] <=> OC=[Pt] + C#[Pt],6.355248076833867e-10,6.355124816747441e-10,2.4347234473779077e-09,2.4347128952036344e-09,-1.3342706349055027e-09,-1.33428490293622e-09,-1.1102237783307127e-14,-4.267115827668619e-09,-4.267118724518025e-09,-2.569510260567701e-10,-3.697511154717202e-09,0.0,0.0,-4.056109071546377e-08,0.0
121,OC=[Pt] + O.[Pt] <=> OC[Pt] + O[Pt],1.5870259771120385e-11,1.5870270545084446e-11,6.51505314289459e-11,6.515057565818312e-11,-3.809567548736744e-11,-3.8095701349668654e-11,0.0,-1.1319841084284535e-10,-1.1319848769071224e-10,-6.414622366079527e-12,-1.0399133387413099e-10,0.0,0.0,-3.893975126795673e-09,0.0
122,OC=[Pt] + C=O.[Pt] <=> OC[Pt] + O=C[Pt],-2.1177356286221735e-12,-2.1177370663054805e-12,-1.183889387150197e-12,-1.1838901908661976e-12,-3.1534827832405174e-12,-3.1534849240693802e-12,0.0,4.963528882165965e-12,4.963532251794602e-12,-2.0356906595549185e-12,7.04003227387734e-13,0.0,0.0,-9.445257852371687e-13,0.0
123,OC=[Pt] + CO.[Pt] <=> 2 OC[Pt],-1.4033187900508378e-12,-1.4033197427325474e-12,3.0512613070881367e-13,3.0512633785211276e-13,-3.2603805047062976e-12,-3.2603827181056304e-12,0.0,3.6370685774491986e-13,3.637071046573631e-13,-3.426990031193172e-12,-2.442460176651322e-13,0.0,0.0,-2.46795447110357e-12,0.0
124,C=O.[Pt] + OC[Pt] <=> OC=[Pt] + OC[Pt],-1.0971401449488367e-12,-1.097140889772719e-12,2.563059497954035e-13,2.5630612379577475e-13,-2.5922697455451712e-12,-2.5922715053790665e-12,0.0,8.985698838403902e-13,8.985704938593676e-13,-9.665869318749972e-13,4.597572097226018e-13,0.0,0.0,-0.0,0.0
125,OC=[Pt] + C=[Pt] <=> OC[Pt] + C#[Pt],8.164763869386693e-13,8.164769412262095e-13,4.113100241954808e-12,4.113103034246481e-12,-2.8060651884767315e-12,-2.806067093451567e-12,0.0,-6.482539876277101e-12,-6.482544277128295e-12,-1.4352351412689352e-12,-6.479703174527919e-12,0.0,0.0,-1.195891518405125e-10,0.0
126,OC=[Pt] + C=[Pt] <=> OC[Pt] + C#[Pt],1.8625867577038394e-12,1.86258802217229e-12,9.410089871059813e-12,9.410096259359158e-12,-6.400501072763593e-12,-6.400505417920479e-12,0.0,-1.6345414077477574e-11,-1.634542517401326e-11,-6.443912879166648e-13,-1.2399077249706416e-11,0.0,0.0,-2.384165893380918e-10,0.0
127,OC#[Pt] + [Pt] <=> O=C=[Pt] + [Pt],-8.586234210876288e-07,-8.586572499082974e-07,-3.2853565766022103e-06,-3.285390405840787e-06,1.7981902170068074e-06,1.7981563886436688e-06,-3.3828518525736816e-11,5.759080659873437e-06,5.75904685101816e-06,3.460367010213643e-07,5.845956408974554e-06,0.0,0.0,9.217346894282192e-05,0.0
128,OC#[Pt] + [Pt] <=> C~[Pt] + O[Pt],-0.0002639501888914644,-0.0002639577957251622,-0.001009956809313779,-0.0010099644160827476,0.0005527859070170564,0.0005527783001258546,-7.606853648561844e-09,0.0017704003091773117,0.0017703927022047392,0.00010637488439857722,0.0017497920599704076,0.0,-1.776356839414368e-13,0.021392994548237225,0.0
129,C~[Pt] + O.[Pt] <=> OC#[Pt] + [Pt],-1.5473667133447276e-05,-1.5479863088875877e-05,-5.919827783202795e-05,-5.920447377340888e-05,3.2396508370934636e-05,3.239031242685096e-05,-6.195947964345825e-09,0.00010378724740133362,0.00010378105146488807,6.24024303920088e-06,0.00012792070538928085,0.0,-1.11022302463398e-14,-6.695277731739889e-07,0.0
130,CO.[Pt] + C~[Pt] <=> C[Pt] + OC#[Pt],-6.327691998774686e-11,-6.327696294503124e-11,-2.396338580134739e-10,-2.396340206955353e-10,1.2978719607464044e-10,1.2978728418426224e-10,0.0,4.2121533031070486e-10,4.2121561626436266e-10,2.5541327411969624e-11,6.832135810605901e-10,0.0,0.0,-3.593860589737204e-07,0.0
131,OC[Pt] + C~[Pt] <=> C=[Pt] + OC#[Pt],1.3522890158671709e-12,1.3522899339059094e-12,2.099267779276638e-12,2.099269204422536e-12,5.211263921456787e-13,5.211267459267196e-13,0.0,-2.9310493830031778e-12,-2.931051372826985e-12,-5.008677737897713e-12,-2.112009682163202e-12,0.0,0.0,-1.2659692379549795e-11,0.0
132,OC=[Pt] + [Pt] <=> OC#[Pt] + [Pt],-3.2812144800097774e-11,-3.282492452773495e-11,-1.2336859716818755e-10,-1.2338088597388032e-10,6.633003616951664e-11,6.63167189752387e-11,-1.1102237783307127e-14,2.1676928721597223e-10,2.167694343757884e-10,1.0442067915558682e-11,2.6400121027040026e-10,0.0,0.0,-1.325382956703769e-12,0.0
133,OC#[Pt] + [H][H].[Pt] <=> OC=[Pt] + [Pt],-6.839001405884546e-08,-6.841825445667164e-08,-2.6163439182606193e-07,-2.6166262886182207e-07,1.4317601542829277e-07,1.4314777134964043e-07,-2.8232990682950024e-11,4.587049709303096e-07,4.5867674202439726e-07,2.758218784708442e-08,5.460549741569249e-07,0.0,0.0,1.099301417092269e-07,0.0
134,OC#[Pt] + O=C[Pt] <=> OC=[Pt] + O=C=[Pt],-3.1712708315310668e-09,-3.174322015513229e-09,-1.2125614794006428e-08,-1.2128649879086343e-08,6.632041537458473e-09,6.628999452672964e-09,-3.0420131526261527e-12,2.1265062796982666e-08,2.126203920930706e-08,1.2803176175511516e-09,3.046767926593271e-08,0.0,0.0,-4.272684263815202e-08,0.0
135,OC#[Pt] + O[Pt] <=> OC=[Pt] + O=[Pt],2.350698029469804e-08,2.3508565419682114e-08,8.994536152638434e-08,8.99469482199659e-08,-4.923047621062269e-08,-4.9228879440731784e-08,1.5876200030129192e-12,-1.5767062408456334e-07,-1.5766901956077474e-07,-9.474851237652311e-09,-6.30889331392701e-08,0.0,0.0,-7.275322137483441e-07,0.0
136,OC=[Pt] + C=[Pt] <=> C[Pt] + OC#[Pt],-7.654466127550025e-13,-7.654471323995713e-13,2.074857688819933e-12,2.0748590973943667e-12,-3.8750424031345345e-12,-3.875045033814069e-12,0.0,-1.5190109941111358e-12,-1.519012025333693e-12,-1.5231066805302986e-12,-2.2844186358091775e-12,0.0,0.0,4.2713893494322154e-10,0.0
137,C.[Pt] + OC#[Pt] <=> OC=[Pt] + C[Pt],-1.5554130320052568e-09,-1.5553758155837223e-09,-5.949471347012732e-09,-5.9494265657615795e-09,3.2552360518607573e-09,3.255278348440399e-09,4.4408951133228506e-14,1.0429294145835576e-08,1.0429344015121023e-08,6.224526936144111e-10,1.0541097793327757e-08,0.0,0.0,-2.8938441945243813e-09,0.0
138,OC=[Pt] + C#[Pt] <=> C=[Pt] + OC#[Pt],7.441416820333215e-10,7.441294297622433e-10,2.844068459291624e-09,2.844058185012515e-09,-1.5548674453653234e-09,-1.5548685009300223e-09,-1.1102237783307127e-14,-4.9836611264681985e-09,-4.983664509764166e-09,-3.0605657124732865e-10,1.4128856281636492e-08,0.0,0.0,3.345671205379279e-07,0.0
139,OC=[Pt] + C~[Pt] <=> OC#[Pt] + C#[Pt],5.102977418366683e-14,5.102980882663809e-14,-1.5134256083157158e-12,-1.5134266357464793e-12,1.7504501890021517e-12,1.7504513773435966e-12,0.0,4.599822024421045e-12,4.599825147137239e-12,-2.8118892563636285e-12,5.229738260594596e-12,0.0,0.0,-9.445257852371687e-13,0.0
140,OC=[Pt] + C~[Pt] <=> OC#[Pt] + C#[Pt],-1.3267741287753375e-12,-1.3267750294925903e-12,-3.820179156474347e-12,-3.8079766963943676e-12,1.4030325942383658e-12,1.4030335467257834e-12,0.0,7.595054970555679e-12,7.595060126668464e-12,2.34324104696969e-13,6.551540238547075e-12,0.0,0.0,-1.7062401281703693e-12,0.0
141,OC#[Pt] + O.[Pt] <=> OC=[Pt] + O[Pt],1.5492639442161249e-10,1.5492649959767323e-10,5.944955480278242e-10,5.944959516175425e-10,-3.263052947742942e-10,-3.2630551629565364e-10,0.0,-1.0420415419602393e-09,-1.0420208548433453e-09,-6.5654685084782e-11,-9.283647457323637e-10,0.0,0.0,-2.3319122894557002e-08,0.0
142,C=O.[Pt] + OC#[Pt] <=> OC=[Pt] + O=C[Pt],-1.3012592416835041e-12,-1.3012601250792713e-12,-4.882018091341018e-13,-4.882021405633804e-13,-2.2047655052317178e-12,-2.2047670019976597e-12,0.0,2.460369920039164e-12,2.460371590329221e-12,1.3473636020075719e-12,1.4367412803831306e-13,0.0,0.0,-1.9956915784849855e-12,0.0
143,CO.[Pt] + OC#[Pt] <=> OC=[Pt] + OC[Pt],-6.889019514795022e-13,-6.889024191596143e-13,2.563059497954035e-13,2.5630612379577475e-13,-1.7237257586357066e-12,-1.7103647045800028e-12,0.0,2.7812877356964457e-13,2.781289623850424e-13,-1.6256234763352227e-12,-2.8734825607662613e-13,0.0,0.0,-6.703086217812165e-13,0.0
144,OC=[Pt] + C=O.[Pt] <=> OC[Pt] + OC#[Pt],-1.786042096428339e-13,-1.7860433089323332e-13,-4.0276649253563404e-13,-4.027667659647889e-13,5.3448860732890125e-14,5.344889701812509e-14,0.0,9.841479680156654e-13,9.841486361316884e-13,-1.6842045025094648e-12,-4.310223841149392e-14,0.0,0.0,-9.140572115198407e-14,0.0
145,2 OC=[Pt] <=> OC[Pt] + OC#[Pt],-7.526891692090858e-13,-7.526896801929119e-13,-5.12611899590807e-13,-5.126122475915495e-13,-1.0155283539249125e-12,-1.0155290433443766e-12,0.0,1.5190109941111358e-12,1.519012025333693e-12,-2.929051308712113e-13,-5.459616865455897e-13,0.0,0.0,-1.325382956703769e-12,0.0
146,OC=[Pt] + C~[Pt] <=> OC#[Pt] + C#[Pt],-1.7350123222446721e-12,-1.735013500105695e-12,-2.8559805834344958e-12,-2.8559825222957757e-12,-5.077641769624563e-13,-5.077645216721883e-13,0.0,5.2844466978232474e-12,5.284450285315805e-12,-1.2594920627462085e-12,6.264191982470449e-12,0.0,0.0,-7.617143429332006e-13,0.0
147,OC=[Pt] + C~[Pt] <=> OC#[Pt] + C#[Pt],-1.7094974351528387e-12,-1.709498595692376e-12,-3.3685924830253028e-12,-3.368594769887325e-12,1.2025993664900278e-13,1.2026001829078144e-13,0.0,7.552265928468041e-12,7.552271055532305e-12,-1.4352351412689352e-12,6.350396459293438e-12,0.0,0.0,-6.703086217812165e-13,0.0
148,C.[Pt] + C~[Pt] <=> CC#[Pt] + [Pt],-4.975402982907516e-13,-4.975406360597213e-13,1.0984540705517291e-13,1.098454816267606e-13,-1.1625127209403603e-12,-1.1625135101442206e-12,0.0,1.0055424890594843e-12,1.0055431716997687e-12,1.0983942407670423e-12,-5.028594481340957e-13,0.0,0.0,-6.383166193780221e-12,0.0
149,CC#[Pt] + [Pt] <=> C[Pt] + C~[Pt],-5.23055185382585e-13,-5.230555404730404e-13,3.7835640207892895e-13,3.7835665893661983e-13,-1.509930315704146e-12,-1.5099313407620336e-12,0.0,-1.283671262629129e-13,-1.283672134084811e-13,3.9542192667613525e-13,-8.476773554260471e-13,0.0,0.0,4.098023164980619e-12,0.0
150,CO.[Pt] + C~[Pt] <=> CC#[Pt] + O[Pt],-9.56808265943753e-13,-9.568089154994642e-13,-1.1228641610084343e-12,-1.122864923295775e-12,-7.750084806269068e-13,-7.750090067628137e-13,0.0,3.144994593441366e-12,3.1449967285077868e-12,-2.387176816600372e-12,9.769840706605288e-13,0.0,0.0,4.561145485484005e-11,0.0
151,[CH]C + 2 [Pt] <=> CC#[Pt] + [Pt],1.411241162492852e-09,1.4594780473462627e-09,1.7907242359038856e-09,1.8389598230741415e-09,9.957789998841095e-10,1.0440173054550372e-09,4.823922316846947e-11,-3.2700669634635307e-09,-3.221824505732763e-09,-5.721462373872806e-10,7.938915088536242e-08,0.0,0.0,6.703086217812165e-13,0.0
152,O=CO + 2 [Pt] <=> O=C[Pt] + O[Pt],-1.537316598335374e-08,-1.537289575590341e-08,-5.8823509212839306e-08,-5.882323181541143e-08,3.219673852372129e-08,3.219702762585135e-08,2.7755594458267816e-13,1.0311493773516207e-07,1.0311522168294049e-07,6.190330262114897e-09,1.5568900630223222e-07,0.0,0.0,-1.4541335516324762e-07,0.0
153,O=CO + 2 [Pt] <=> OC=[Pt] + O=[Pt],9.589804758563163e-08,9.589607149631614e-08,3.669478947173144e-07,3.6694591030523195e-07,-2.0085024912199117e-07,-2.0085221609945161e-07,-1.976198325428669e-12,-6.432255691632182e-07,-6.432275248466823e-07,-3.8644614184571784e-08,-5.675839962817795e-07,0.0,0.0,3.3435961431662604e-06,0.0
154,O=CO.[Pt] + [Pt] <=> O=C[Pt] + O[Pt],-7.526891692090858e-13,-7.526896801929119e-13,-5.37021990047512e-13,-5.370223546197185e-13,-9.888039235584674e-13,-9.754423705807828e-13,0.0,2.053874020206606e-12,2.0538754145356975e-12,6.004555182859832e-13,1.077555960287348e-12,0.0,0.0,-0.0,0.0
155,O=CO.[Pt] + [Pt] <=> O=C[Pt] + O[Pt],-1.390561346504921e-12,-1.3905622905258879e-12,-5.980472161892748e-13,-5.980476221901411e-13,-2.258214365964608e-12,-2.258215899015785e-12,0.0,2.674315130477352e-12,2.674316946010023e-12,-1.4205898847253747e-12,1.1924952627179984e-12,0.0,0.0,-3.808571714666003e-13,0.0
156,[Pt] + O=CO.[Pt] <=> O=C[Pt] + O.[Pt],-1.1481699191325037e-12,-1.148170698599357e-12,-7.933279398429155e-13,-7.933284784154932e-13,-1.5232925308873687e-12,-1.5232935650165648e-12,0.0,2.5887370463020766e-12,2.5887388037377023e-12,-4.979387224810592e-13,-3.3045049448812006e-13,0.0,0.0,-6.703086217812165e-13,0.0
157,C[Pt] + O=CO.[Pt] <=> CO.[Pt] + O=C[Pt],5.102977418366683e-14,5.102980882663809e-14,6.956875780160951e-13,6.956880503028171e-13,-6.681107591611266e-13,-6.681112127265635e-13,0.0,-1.2194876994976725e-12,-1.2194885273805703e-12,-4.5400295285037747e-13,-2.442460176651322e-13,0.0,0.0,-9.445257852371687e-13,0.0
158,C=[Pt] + O=CO.[Pt] <=> OC[Pt] + O=C[Pt],-1.7350123222446721e-12,-1.735013500105695e-12,-8.665582112130308e-13,-8.665587995000003e-13,-2.6991674670109514e-12,-2.6991692994153167e-12,0.0,1.1766986574100348e-12,1.17669945624441e-12,2.182143224990524e-12,-4.453897969187705e-13,0.0,0.0,4.722628926185843e-13,0.0
159,C=O.[Pt] + O[Pt] <=> [Pt] + O=CO.[Pt],-1.2757443545916708e-13,-1.2757452206659522e-13,4.2717658299233913e-13,4.271768729929579e-13,-7.349218350772392e-13,-7.349223339992199e-13,0.0,-3.42312336701101e-13,-3.4231256908928294e-13,-4.3935769630681693e-13,-1.8964984901057326e-12,0.0,0.0,8.470263493417191e-12,0.0
160,O=CO.[Pt] + [Pt] <=> OC=[Pt] + O=[Pt],1.3012592416835041e-12,1.3012601250792713e-12,2.1724980506467534e-12,2.172499525507043e-12,3.340553795805633e-13,3.3405560636328177e-13,0.0,-1.5831945572425923e-12,-1.5831956320379334e-12,-3.2366016961268846e-12,-6.896358145839027e-13,0.0,0.0,-2.8945145031461623e-13,0.0
161,C#[Pt] + O=CO.[Pt] <=> OC=[Pt] + O=C[Pt],-2.09222074153034e-12,-2.0922221618921618e-12,-3.8323842017027e-12,-3.832386803422537e-12,-2.0043322774833798e-13,-1.870711395634378e-13,0.0,7.659238533687136e-12,7.659243733372706e-12,-1.3180730889204507e-12,7.571626547619098e-12,0.0,0.0,-5.636686137705685e-13,0.0
162,C~[Pt] + O=CO.[Pt] <=> OC#[Pt] + O=C[Pt],-5.887177473134183e-10,-5.886926320763037e-10,-2.2473882081679245e-09,-2.2473653237624373e-09,1.2272125668575237e-09,1.2272267622089155e-09,2.2204475566614253e-14,3.941020537918732e-09,3.941044607924914e-09,2.337382944352266e-10,4.2318352368916886e-09,0.0,0.0,-2.885373931030964e-11,0.0
163,O=CO + [Pt] <=> O=CO.[Pt],3.827233063775012e-14,3.827235661997857e-14,-1.049633889638319e-12,-1.0374295486971834e-12,1.229323796856473e-12,1.229324631416877e-12,0.0,1.1060967379654328e-11,1.1060974888697455e-11,-1.9038833506628735e-12,7.772770326872737e-12,0.0,0.0,-9.445257852371687e-13,0.0
164,O=CO.[Pt] + [Pt] <=> O=C[Pt] + O[Pt],-1.3395315723212543e-12,-1.3395324816992498e-12,-5.614320805042172e-13,-5.614324616478875e-13,-2.191403290048495e-12,-2.1914047777431285e-12,0.0,2.075268541250425e-12,2.0752699501037775e-12,4.100671832196958e-13,1.0919233730911793e-12,0.0,0.0,-9.140572115198407e-14,0.0
165,O=CO.[Pt] + [Pt] <=> O=C[Pt] + O[Pt],-4.3375308056116803e-13,-4.3375337502642376e-13,-8.055329850712681e-13,-8.055335319295778e-13,-1.3362215183222531e-14,-1.3362224254531272e-14,0.0,1.968295936031331e-12,1.9682972722633768e-12,-2.5336293820359777e-12,2.442460176651322e-13,0.0,0.0,-6.703086217812165e-13,0.0
