,Reaction,SYNGAS Selec,SYNGAS Yield,CO Selectivity,CO % Yield,H2 Selectivity,H2 % Yield,CH4 Conversion,H2O+CO2 Selectivity,H2O+CO2 yield,Exit Temp,Peak Temp,Dist to peak temp,O2 Conversion,Max CH4 Conv,Dist to 50 CH4 Conv
0,[H][H] + 2 [Pt] <=> 2 [Pt],0.0008371342063285134,0.00041684529846936467,-7.931437128027874e-05,-0.0004995994274561276,0.18125108473145243,0.1808300375700949,-0.00042028538951444,-0.000981452598303924,-0.0014017338629287515,-8.989380080948062e-11,-8.997500568826057e-11,0.050025012506243166,-0.001486503339466921,-0.24561173696620384,0.0
1,O=C=O + [Pt] <=> O=C=O.[Pt],-0.000456394169814847,-0.0011032366999704447,-0.0004554683749875006,-0.001102310911119353,-0.000638648041578741,-0.0012854893928332385,-0.0006468454823177751,-0.0004496148030148909,-0.0010964573770251384,-7.574791092600138e-11,-7.582911580478133e-11,0.050025012506243166,-0.001971498691945384,-0.24561173696620384,0.0
2,[C-]#[O+] + [Pt] <=> O=C=[Pt],-0.0002417895282159482,-0.0008218695226360278,-0.00023950759918215322,-0.0008195876068416542,-0.0006910147686823925,-0.001271092157237693,-0.0005800813969928195,-0.0007679218078340672,-0.0013479987502639226,-8.680801541583991e-11,-8.688922029461986e-11,0.050025012506243166,-0.0018001929940447742,-0.1866649200943149,0.0
3,[O][O] + 2 [Pt] <=> 2 O=[Pt],-0.0015974776133971477,-0.9255746734868422,-0.0007203452619415143,-0.9247056457677564,-0.17427155505176997,-1.0966532563388294,-0.923991956438099,0.0002495370416429242,-0.9237447250986474,-6.038576685010652e-08,-6.038573436815497e-08,0.0,-0.9240611259368938,-0.6003842459173871,0.0
4,O=C=[Pt] + O=[Pt] <=> O=C=O.[Pt] + [Pt],0.0001298069214507925,-0.0004579366908961425,0.00012881658640432518,-0.0004589270201195741,0.0003247663143218609,-0.0002629784438783129,-0.0005877428494132609,0.0006220527681340661,3.430626264232725e-05,1.3350082071435062e-11,1.3268877192655033e-11,0.050025012506243166,-0.0010500816805714267,0.47048292725526153,0.0
5,C=[Pt] + [Pt] <=> C[Pt] + [Pt],-2.1293955407707105e-05,0.0022607238847086953,-2.2351490946568582e-05,0.002259666325031171,0.00018689466436811115,0.002468917255371824,0.002282018326047098,-1.7804429438838928e-05,0.002264213490301926,1.434240569012689e-10,1.4334285202248878e-10,0.050025012506243166,0.0020326792983102614,-0.2521613832853026,0.0
6,C[Pt] + [Pt] <=> C + 2 [Pt],-2.627297941872075e-05,-0.0004388968080927416,-2.596599497749167e-05,-0.0004385898249532077,-8.670656693530729e-05,-0.0004993301462579644,-0.0004126239370939986,-2.0800013791150307e-05,-0.0004334238650607996,-2.9022623675978655e-11,-2.9103828554758654e-11,0.050025012506243166,-0.000691526247982429,-0.24670334468605362,0.0
7,C=[Pt] + [Pt] <=> C#[Pt] + [Pt],-0.0001945074870265779,-0.0006432488269511152,-0.0001940083623124514,-0.0006427497044753628,-0.00029276620434541583,-0.0007415071033523978,-0.000448742212769557,-0.0001886255893587936,-0.0006373669556940787,-4.3314682341261936e-11,-4.339588722004192e-11,0.0,-0.001111633078502259,-0.23687887520740547,0.0
8,O=C=[Pt] + [Pt] <=> C~[Pt] + O=[Pt],-0.00019376189551239626,-0.00286541462473834,-0.00019217371188344476,-0.0028638264835500263,-0.0005064149887256717,-0.0031780593649339607,-0.0026716579058797723,-0.00018798328868510584,-0.0028596361723048553,-1.8768071583637904e-10,-1.8748582412730685e-10,0.0,-0.0032388642230606365,-0.2510697755654528,0.0
9,C#[Pt] + [Pt] <=> C~[Pt] + [Pt],-0.00016200430922207868,-0.0006906436693145726,-0.0001614658879529303,-0.0006901052508923173,-0.00026799902744698966,-0.0007966378272072824,-0.0005286402165087467,-0.00015604977569504683,-0.0006846891672586069,-4.6968901886362774e-11,-4.7050106765142756e-11,0.050025012506243166,-0.0011368469041757338,-0.23797048292725526,0.0
10,C~[Pt] + [H][H] <=> C=[Pt],0.0010077376174753734,-0.0007401856402701,0.0010082317147899825,-0.0007396915516041582,0.0009104686042337322,-0.0008374529533507741,-0.0017479056434474528,0.0010132445692969034,-0.0007346787847107252,-8.476165247058344e-11,-8.484285734936339e-11,0.0,-0.0011453751099075894,0.7117282333420661,0.0
11,C + O=[Pt] + [Pt] <=> C[Pt] + O[Pt],4.578224637582827e-07,-0.00035744145618696647,6.889373720304641e-07,-0.00035721034209174355,-4.503993229476098e-05,-0.00040293904811024176,-0.00035789927701041337,5.773003994405353e-06,-0.0003521262936772613,-2.4491391440053616e-11,-2.4572596318833618e-11,0.0,-0.0005224452994117544,-0.24452012924635402,0.0
12,O=C=[Pt] + O[Pt] <=> O=C=O.[Pt] + [Pt],-0.00027442202380545774,-0.0008851475544753139,-0.00027369557490048455,-0.0008844211100149252,-0.0004174322483661097,-0.001028156905648422,-0.0006107272066422167,-0.0002680623619775965,-0.0008787879314959317,-6.030274298204183e-11,-6.022153810326176e-11,0.0,-0.001543605238759814,-0.24670334468605362,0.0
13,O[Pt] + [Pt] <=> [Pt] + O=[Pt],-1.730563756613672e-05,-0.00035112600635364124,-1.7112194620884436e-05,-0.00035093256407612964,-5.5387214303251065e-05,-0.00038920745597722774,-0.00033382042656004106,-1.2067932746501645e-05,-0.00034588831903224716,-2.306218557352529e-11,-2.314339045230529e-11,0.050025012506243166,-0.0004964898906502327,-0.25325299100515236,0.0
14,C + O[Pt] + [Pt] <=> C[Pt] + O.[Pt],-0.0001145074049463858,0.004523949473458731,-7.964173392033005e-05,0.004558816761710374,-0.006978235062041936,-0.0023400965550497937,0.00463846218979104,-4.565962089988446e-05,0.004592800450986008,2.990126046437846e-10,2.9893139976500435e-10,0.050025012506243166,0.004417981364351624,0.024015369836695485,0.0
15,O + [Pt] <=> O.[Pt],-0.0001890397914783955,-0.0007176790086371555,-0.00018847106338738806,-0.0007171102835591262,-0.000301000771734001,-0.0008296393970216608,-0.0005286402165087467,-0.00018302357793360875,-0.0007116628269060119,-5.7622981982301217e-11,-5.770418686108119e-11,0.0,-0.0011987690936725213,-0.1299013186621256,0.0
16,O.[Pt] + [Pt] <=> [Pt] + O[Pt],4.631445794504308e-05,-0.00034551428979082274,4.653565920641274e-05,-0.00034529308940597323,2.7683232375957574e-06,-0.00038906025387308433,-0.000391828566259323,5.159684538332158e-05,-0.0003402319230464249,-2.250999239782116e-11,-2.2591197276601163e-11,0.050025012506243166,-0.0005020517639421743,-0.24233691380665445,0.0
17,O.[Pt] + O=[Pt] <=> 2 O[Pt],-0.00014137745027871645,-0.0005572842789871231,-0.00014096184871064928,-0.000556868679145822,-0.00022319363027385888,-0.0006391001187131793,-0.0004159074167096953,-0.00013568115085879303,-0.0005515880032702531,-3.7305521311540554e-11,-3.738672619032055e-11,0.050025012506243166,-0.0008943492279365023,-0.24888656012575322,0.0
18,[H] + [Pt] <=> [Pt],0.0001571500841148013,-0.0001547809686002779,0.00015716008045232863,-0.00015477097231045823,0.0001551821851329662,-0.00015674886145405773,-0.00031193056252013326,0.00016200668624026694,-0.00014992438163386474,-1.0199332774770339e-11,-1.0248055702038343e-11,0.0,-0.00010382163508994969,-0.2314208366081565,0.0
19,C + [Pt] <=> C.[Pt],0.0001638072540969997,-3.10128549536288e-05,0.00016391323617560966,-3.090687308167362e-05,0.00014294340357046286,-5.1876664825160916e-05,-0.0001948197899163371,0.00016096170504584497,-3.3858398460452554e-05,-2.6147970967165995e-12,-2.6960019754966163e-12,0.050025012506243166,-0.00017130569790061015,0.15937472709807005,0.0
20,[CH3] + [Pt] <=> C[Pt],-0.001212289794409692,-0.00013751049968124883,-0.0012137885189467577,-0.0001390092403417736,-0.0009172478009798531,0.00015753466481746307,0.0010747923243173937,-0.0009137145056237432,0.00016106799815497182,-3.719183448124853e-12,-3.800388326904869e-12,0.0,0.000784224136422701,-0.08623700986813379,0.0
21,[H][H] + [Pt] <=> [H][H].[Pt],-7.748107475558383e-05,-0.0006028374046008644,-7.769569774205219e-05,-0.0006030520264723353,-3.522995168091506e-05,-0.0005605865034996772,-0.00052535673689305,-7.303683829679225e-05,-0.0005983931914975638,-3.96604627961611e-11,-3.9741667674941087e-11,0.050025012506243166,-0.0009811144515408092,-0.25325299100515236,0.0
22,[OH] + [Pt] <=> O[Pt],-0.0002904980852672594,-0.0007403334844475768,-0.0002899073938234892,-0.0007397427956827682,-0.00040678281611029746,-0.0008566176922287941,-0.00044983670595860495,-0.0002844175034077516,-0.0007342529299499445,-5.2831894134280114e-11,-5.289685803730409e-11,0.0,-0.0012655115733732033,-0.2510697755654528,0.0
23,[CH]=O + [Pt] <=> O=C[Pt],-0.00017351881334952513,-0.0007087250603629285,-0.00017295639559883845,-0.0007081626456526764,-0.0002842375280001206,-0.0008194431824523279,-0.0005352071757077717,-0.00016750689338645633,-0.0007027131725894982,-4.724499847421484e-11,-4.7098829692410764e-11,0.0,-0.0012065557162943984,-0.2521613832853026,0.0
24,O=C=O + 2 [Pt] <=> O=C=[Pt] + O=[Pt],-0.00034922212796625483,-0.0010223330964685892,-0.0003486160427121935,-0.001021727015288538,-0.00046853731638584167,-0.0011416474817745078,-0.0006731133191624276,-0.0002631892329811156,-0.0009363007805916955,-6.502886692703891e-11,-6.511007180581888e-11,0.050025012506243166,-0.0017434618862959047,-0.24015369836695485,0.0
25,O + 2 [Pt] <=> [Pt] + O[Pt],-0.004992075943444709,0.6347860642887163,-0.00032763079355839844,0.639480353028832,-0.9232443347813262,-0.2893412650613894,0.6398100800372526,0.004260299613838408,0.6440976374774507,4.207390427545476e-08,4.20738393115517e-08,0.0,0.6416518176390984,0.38970395598637675,0.0
26,CC + 2 [Pt] <=> 2 C[Pt],-0.00032434040831079213,-0.0008792466618722847,-0.00032364560917528363,-0.0008785518665993242,-0.00046111999445509847,-0.0010160254890258676,-0.0005549080533533993,-0.0003144301166279214,-0.0008693364251808075,-5.812645223073733e-11,-5.8158934182249293e-11,0.0,-0.0015206161624382064,-0.2543445987250022,0.0
27,C=O + 2 [Pt] <=> O=C[Pt] + [Pt],0.0005696906642922628,0.0015000151858961125,0.0005687921882242249,0.0014991167014639087,0.0007465665091471614,0.0016768926762549233,0.0009303192216637128,0.0005440365561852179,0.0014743608391276034,9.803052966323848e-11,9.79493247844584e-11,0.050025012506243166,0.0020048699317628278,1.1898524146362763,0.0
28,C=O + 2 [Pt] <=> C=[Pt] + O=[Pt],0.00012744036005710063,-0.0003891610895753295,0.00012758511013233825,-0.00038901634026505404,9.894456319170728e-05,-0.00041765673924716655,-0.0005166007912835606,0.00013585759371363912,-0.0003807438994216837,-2.48486929066857e-11,-2.4783729003661665e-11,0.0,-0.0004193652474317832,-0.24888656012575322,0.0
29,CO + 2 [Pt] <=> C[Pt] + O[Pt],-5.0121702642434894e-05,-0.0002985715349174952,-4.98799888108212e-05,-0.00029832982170427137,-9.770598380230016e-05,-0.0003461556978612498,-0.0002484499568108744,-4.801586181727416e-05,-0.00029646569933485645,-1.9602857737496495e-11,-1.9505411882960458e-11,0.0,-0.0005027933470521527,-0.08623700986813379,0.0
30,CC=O + 2 [Pt] <=> C[Pt] + O=C[Pt],-0.00035445191192800564,-0.000729861749495454,-0.00035388169004672024,-0.0007292915297740469,-0.0004667069631989181,-0.0008421163793753537,-0.00037541116822939214,-0.0003484295593515023,-0.0007238394195487381,-5.002220532849147e-12,-5.067184435873158e-12,0.0,-0.001074553923134923,0.21941315168980874,0.0
31,C=C + 2 [Pt] <=> 2 C=[Pt],0.0002782158992669908,0.00047741421626025434,0.00027787955715150817,0.0004770778734502762,0.00034442889851915104,0.0005436273473765071,0.00019919776278581893,0.0002721025804018839,0.0004713008852030356,3.186479443327931e-11,3.1783589554499266e-11,0.050025012506243166,0.0007100658256441655,0.28163479172124706,0.0
32,C.[Pt] + [Pt] <=> C[Pt] + [Pt],-0.00017588012376688398,-0.0008084960817960501,-0.0001752166317709676,-0.0008078325940089093,-0.00030649652217354183,-0.0009391116539179836,-0.0006326170706821245,-0.00017041897468521278,-0.0008030349672725828,-5.481329317651257e-11,-5.489449805529255e-11,0.050025012506243166,-0.0014319969810479873,-0.22050475940965855,0.0
33,O=C[Pt] + [Pt] <=> O=C=[Pt] + [Pt],-0.0004006164625685419,-0.0010901444173809203,-0.0003996983489551534,-0.0010892263101061224,-0.0005813581956368333,-0.001270884904192597,-0.0006895307171923585,-0.0003938506965462955,-0.0010833786980216664,-7.517947677454124e-11,-7.52606816533212e-11,0.050025012506243166,-0.0019129136264325343,-0.2521613832853026,0.0
34,C[Pt] + [H][H].[Pt] <=> C.[Pt] + [Pt],-0.00014955265093760518,-0.0005523255468523933,-0.00014915068322231246,-0.0005519235807595318,-0.00022868484142796685,-0.0006314574186454412,-0.00040277349827927693,-0.000143886566003318,-0.0005466594847464766,-3.866976327504487e-11,-3.875096815382486e-11,0.050025012506243166,-0.0008802591488907736,-0.19867260501266265,0.0
35,C#[Pt] + [H][H].[Pt] <=> C=[Pt] + [Pt],-0.0003308180621286983,-0.0008594565297937456,-0.0003301176694559159,-0.000858756140826598,-0.00046869880305473196,-0.000997336541837671,-0.0005286402165087467,-0.0003245193530969978,-0.00085315785407437,-5.877609126097748e-11,-5.885729613975746e-11,0.050025012506243166,-0.0014965147114187336,-0.2510697755654528,0.0
36,C=[Pt] + [H][H].[Pt] <=> C[Pt] + [Pt],-0.0009728824822988845,-0.0012191410568675664,-0.000971839221068735,-0.0012180977982148556,-0.001178261032057677,-0.0014245191008682768,-0.00024626097040040987,-0.0009658541674735377,-0.001212112759351214,-8.203316854357482e-11,-8.198444561630675e-11,0.0,-0.0022266032809884558,0.10042791022618112,0.0
37,C~[Pt] + [H][H].[Pt] <=> C#[Pt] + [Pt],-0.0002494285320028903,-0.0008656266676690627,-0.0002487292414891642,-0.0008649273814942378,-0.0003870923002362522,-0.0010032895876320171,-0.0006161996726521936,-0.0002431276047201831,-0.0008593257792257888,-5.908466980034155e-11,-5.916587467912152e-11,0.0,-0.0015220993286362318,-0.21395511309055978,0.0
38,[H][H].[Pt] + O=[Pt] <=> [Pt] + O[Pt],0.003918113744000574,0.003714530032156169,-0.00019103342519234627,-0.00039460877183640757,0.81285327082119,0.8126480403136265,-0.00020357573552582653,-0.004252989331297418,-0.004456556408777182,-2.78890035682096e-10,-2.787925898275597e-10,0.0,-0.0033979337996794985,-0.24670334468605362,0.0
39,[H][H].[Pt] + O[Pt] <=> O.[Pt] + [Pt],-6.498235702859669e-05,-0.0004283538639226512,-6.463880314814338e-05,-0.00042801031129597716,-0.00013261507958154357,-0.0004959863407203363,-0.0003633717430203903,-6.153708726763227e-05,-0.00042490860668319944,-3.1556215893915235e-11,-3.163742077269523e-11,0.050025012506243166,-0.0007004252452802395,-0.1462754344598725,0.0
40,O=C=[Pt] + [H][H].[Pt] <=> O=C[Pt] + [Pt],-8.783018122627134e-05,7.196568594574361e-05,-8.779525959446693e-05,7.200060760552213e-05,-9.470492449406795e-05,6.509093166810833e-05,0.00015979600751074805,-9.273327024193749e-05,6.706258908839656e-05,4.173930769292957e-12,4.092725890512935e-12,0.050025012506243166,-9.75181786880297e-05,0.26089424504410097,0.0
41,C.[Pt] + O=C=[Pt] <=> C[Pt] + O=C[Pt],-0.0004642019308562488,-0.000928264894251977,-0.000463431384378214,-0.0009274943513559537,-0.000615893294939347,-0.0010799555543827236,-0.0004640651175942556,-0.00045774178076720583,-0.0009218047741429375,-6.45416376543588e-11,-6.371334789080257e-11,0.0,-0.001645572916085783,-0.23469565976770587,0.0
42,O=C[Pt] + C#[Pt] <=> C=[Pt] + O=C=[Pt],-0.0001231289754840963,-0.0004197362679719738,-0.00012277432504073096,-0.000419381618582642,-0.00019294619117808838,-0.0004895532765841147,-0.0002966076576954347,-0.00012049502563689597,-0.0004171023259353987,-2.998084124558288e-11,-2.996460026982685e-11,0.0,-0.0007412123161974683,-0.10042791022618112,0.0
43,C=[Pt] + O=C[Pt] <=> C[Pt] + O=C=[Pt],0.0002943717046169074,-0.0006458007234057285,0.0002948639377816792,-0.0006453084948791508,0.0001974696725611941,-0.0007427018444231894,-0.0009401696604298816,0.00030023245228205555,-0.0006399400308385948,-6.23328649515423e-11,-6.241406983032227e-11,0.050025012506243166,-0.0013081526020544123,0.17902366605536635,0.0
44,O=C[Pt] + C~[Pt] <=> C#[Pt] + O=C=[Pt],-0.00014553600951656206,-0.0005855216363180017,-0.00014509346764976337,-0.0005850790964144781,-0.00023265571040049495,-0.0006726409539146924,-0.0004399862671438833,-0.0001397841578140641,-0.0005797698099340001,-3.7614099850904625e-11,-3.7695304729684614e-11,0.050025012506243166,-0.0009670243724950807,-0.22268797484935812,0.0
45,O=C[Pt] + O=[Pt] <=> O=C=[Pt] + O[Pt],-0.00020596566357872686,-0.0005288404930988038,-0.0002055795905314904,-0.0005284544213101195,-0.0002819687973145492,-0.0006048433814610562,-0.0003228754945400872,-0.0002003308647263213,-0.0005232057124510492,-3.4885615923896e-11,-3.4934338851163983e-11,0.0,-0.0008724725262688966,-0.24670334468605362,0.0
46,O=C[Pt] + O[Pt] <=> O=C=[Pt] + O.[Pt],-0.0002809264694874343,-0.0007570296747873935,-0.0002803308745366259,-0.0007564340826825329,-0.00039817651537281184,-0.0008742791624456747,-0.00047610454280325745,-0.0002748517939409174,-0.0007509550281616466,-5.3432810237252257e-11,-5.3481533164520225e-11,0.0,-0.0013100065598403246,-0.06331324775128809,0.0
47,C.[Pt] + O=[Pt] <=> C[Pt] + O[Pt],-0.00023771733367896288,-0.0007160097258980658,-0.00023715600305336906,-0.0007154483979719376,-0.00034822203388509246,-0.000826513897583139,-0.00047829352921372197,-0.0002317259183485128,-0.000710018339236193,-4.825193897108707e-11,-4.833314384986705e-11,0.050025012506243166,-0.001237331415281746,-0.249978167845603,0.0
48,C=[Pt] + C.[Pt] <=> 2 C[Pt],-9.230844274135178e-05,-0.00043269551430915297,-9.20001475565306e-05,-0.0004323872201754023,-0.00015300006554431976,-0.0004933869305197522,-0.0003403873857752503,-8.683012340831279e-05,-0.00042721721362149004,-2.864908123359057e-11,-2.8632840257834546e-11,0.0,-0.0007122905749960326,-0.24561173696620384,0.0
49,C.[Pt] + C#[Pt] <=> C=[Pt] + C[Pt],-0.00019838232946703957,-0.0006547850892086134,-0.00019787488229151373,-0.0006542776443557869,-0.00029827942262851344,-0.0007546817264612914,-0.00045640366517381417,-0.0001924855605008271,-0.0006488883471673319,-4.6303021880366617e-11,-4.6384226759146606e-11,0.050025012506243166,-0.0010997677487864662,-0.2510697755654528,0.0
50,C.[Pt] + C~[Pt] <=> C[Pt] + C#[Pt],-0.00022535170717223808,-0.0008404555004897452,-0.0002246911321865617,-0.0008397949295656962,-0.0003553938572322633,-0.0009704968506422846,-0.0006151051794631456,-0.00021914964276830554,-0.0008342534742390883,-5.705454783084109e-11,-5.708702978235305e-11,0.0,-0.0014067831553964442,-0.24342852152650424,0.0
51,C[Pt] + O.[Pt] <=> C.[Pt] + O[Pt],-0.00019463227287833904,-0.0006072554068625213,-0.0001941055788103898,-0.0006067287149955988,-0.0002983183504394145,-0.0007109410566074034,-0.0004126239370939986,-0.00019117617318357988,-0.0006037993214357174,-4.329844136550593e-11,-4.337964624428592e-11,0.0,-0.0011398132366156478,-0.1255348877827264,0.0
52,C#[Pt] + O[Pt] <=> C=[Pt] + O=[Pt],-0.00026554998776266904,-0.0010404491169458425,-0.00026467740274025683,-0.0010395765387066183,-0.00043732886915839533,-0.0012122266672335447,-0.0007749011869415251,-0.0002589006555772345,-0.001033799836296552,-7.246723382328862e-11,-7.254843870206859e-11,0.050025012506243166,-0.0018699018061853702,-0.2521613832853026,0.0
53,C=[Pt] + O[Pt] <=> C[Pt] + O=[Pt],-0.0004951960016021962,-0.0006506132666194081,-0.00049453838180898,-0.0006499556478662354,-0.0006246563853875764,-0.0007800734492091255,-0.00015541803464126625,-0.0004888719995847488,-0.0006442892744366094,-4.6725287250022717e-11,-4.68064921288027e-11,0.050025012506243166,-0.0014323677726139422,-0.2477949524059034,0.0
54,C~[Pt] + O[Pt] <=> C#[Pt] + O=[Pt],-0.00021240582239548725,-0.0005188632679738048,-0.00021198947475295526,-0.00051844692160701,-0.00029436887491661023,-0.000600826069322941,-0.0003064580965101563,-0.00020814621684527344,-0.000514603675485278,-3.7159352529736524e-11,-3.714311155398049e-11,0.0,-0.0009036190168002679,-0.18229848921491573,0.0
55,2 C=[Pt] <=> C[Pt] + C#[Pt],5.6873836702671295e-05,-7.227643454925458e-05,5.699836966021079e-05,-7.215190176444002e-05,3.235802164995629e-05,-9.679221794810863e-05,-0.00012915019779661375,5.486344715308695e-05,-7.428682151084328e-05,-3.069544417884704e-12,-3.1507492966647202e-12,0.050025012506243166,-0.0002806892062825013,0.12007684918347743,0.0
56,C[Pt] + C~[Pt] <=> C=[Pt] + C#[Pt],-0.00036447763829336146,-0.0011776831233425986,-0.0003634724055842916,-0.001176677898804661,-0.0005623698159095145,-0.001375573691693748,-0.0008132084490113638,-0.0003575332267741954,-0.0011707387683071821,-7.964574510744227e-11,-7.967822705895422e-11,0.0,-0.0021335346009822287,-0.24888656012575322,0.0
57,C=[Pt] + C~[Pt] <=> 2 C#[Pt],0.00027730270753581937,6.387594136563348e-05,0.00027732199054491147,6.389522430688945e-05,0.0002735066143966859,6.007985630845321e-05,-0.0002134261743405482,0.00027380670447488557,6.0379945760041265e-05,4.856051751045114e-12,4.774846872265091e-12,0.050025012506243166,4.5236569555168225e-05,0.1866649200943149,0.0
58,C#[Pt] + O.[Pt] <=> C=[Pt] + O[Pt],-0.00024684720862680996,-0.0007886200061994775,-0.00024621069758982376,-0.0007879834986053746,-0.0003721520786191562,-0.0009139241973267119,-0.0005417741349229808,-0.00024068995222485762,-0.0007824627831520409,-5.4001244388712386e-11,-5.408244926749236e-11,0.050025012506243166,-0.0013522767969775102,-0.2521613832853026,0.0
59,C=[Pt] + O.[Pt] <=> C[Pt] + O[Pt],-3.972841124563563e-05,-0.0004950374023164754,-3.93785773068934e-05,-0.0004946875699962944,-0.00010859743995814723,-0.0005639061174855326,-0.0004553091719685819,-3.416194224829244e-05,-0.0004894709586847043,-3.279053005137152e-11,-3.287173493015152e-11,0.050025012506243166,-0.0008316854553297363,-0.2543445987250022,0.0
60,C~[Pt] + O.[Pt] <=> C#[Pt] + O[Pt],-0.00014976274511970835,-0.0007637725118233371,-0.00014916618776380963,-0.0007631759581283027,-0.00026720225332902493,-0.0008812112989464181,-0.0006140106862579135,-0.0001436805158767069,-0.0007576903199252931,-5.1922399491943906e-11,-5.200360437072389e-11,0.050025012506243166,-0.001299995187888512,-0.2521613832853026,0.0
61,CO + 2 [Pt] <=> CO[Pt] + [Pt],-0.0005021174401683847,-0.0009990148587911481,-0.0005012717117384417,-0.00099816913457328,-0.0006686092775200908,-0.001165505868858836,-0.0004968999136541173,-0.0004955054134899356,-0.0009924028649756559,-6.681537426019933e-11,-6.689657913897929e-11,0.0,-0.0016941466096468203,-0.17902366605536635,0.0
62,C=O + [Pt] <=> CO[Pt],7.110532755102292e-05,-0.00020142367347052753,7.113755004586288e-05,-0.00020139145108225763,6.476194065359692e-05,-0.00020776704309301698,-0.00027252880724506237,8.395127812486823e-05,-0.00018857775791792018,-1.1937117180662738e-11,-1.2018322059442747e-11,0.050025012506243166,-0.00024398084245918862,-0.249978167845603,0.0
63,C.[Pt] + O=[Pt] <=> CO[Pt] + [Pt],-0.0022074821061506063,0.0016483323259662713,-0.002208048929259843,0.0016477654810038,-0.002095896143046223,0.001759922591715289,0.0038558995504128887,-0.0022043860365788086,0.0016514285149237399,8.708411200369197e-11,8.700290712491189e-11,0.050025012506243166,0.0018302271099002118,0.30565016155794256,0.0
64,CO[Pt] + [Pt] <=> C[Pt] + O=[Pt],0.00010684490802971537,-0.00021274744837417636,0.00010693122918858082,-0.00021266112750818758,8.985154643010332e-05,-0.00022974075566212386,-0.0003195920149405747,0.00011184822443607083,-0.00020774414796020753,-1.2180731817002794e-11,-1.211576791397877e-11,0.0,-0.0002721610005506458,-0.21722993625010917,0.0
65,C=O + [Pt] <=> C=O.[Pt],-0.03724880832830625,-0.03606719597072586,-0.037340673333788016,-0.03615906206210855,-0.01916407454345295,-0.017982248414803875,0.0011820526581064683,-0.018208734221491517,-0.017026896800219633,-1.025016702888663e-09,-1.0250979077674423e-09,0.050025012506243166,-0.010532704879224027,0.8700113527202864,0.0
66,O=C[Pt] + [Pt] <=> C=O.[Pt] + [Pt],-0.00031081022982329973,-0.0011196381920883906,-0.00030980800876000104,-0.0011186359791361454,-0.0005081095277211168,-0.0013169358941772342,-0.0008088304761904348,-0.00030652115335085597,-0.0011153491503025584,-7.625138117443749e-11,-7.633258605321744e-11,0.050025012506243166,-0.0020753203270134023,-0.14190900358047331,0.0
67,C=O.[Pt] + C[Pt] <=> C.[Pt] + O=C[Pt],-7.271875169848329e-05,-0.00042623979880194193,-7.24015315430229e-05,-0.00042592257979390654,-0.00013516736419998183,-0.0004886881905594435,-0.0003535213041894844,-6.844685412825117e-05,-0.00042196791634429816,-2.6667682191358118e-11,-2.6748887070138116e-11,0.050025012506243166,-0.0006844812084485989,-0.19430617413326348,0.0
68,C=O.[Pt] + [Pt] <=> C=[Pt] + O=[Pt],3.126864990729952e-05,-0.00035289858407069213,3.149045100708986e-05,-0.0003526767838264354,-1.2395570864400253e-05,-0.0003965626370997745,-0.0003841671138550659,3.656144804798825e-05,-0.00034760580627587264,-2.4475150464297613e-11,-2.4556355343077615e-11,0.0,-0.0005168834260978814,-0.21286350537070997,0.0
69,C=O.[Pt] + C#[Pt] <=> C=[Pt] + O=C[Pt],-0.0002026014270658467,-0.0007881541037167947,-0.0002019590264006379,-0.0007875117068400281,-0.00032906574325904624,-0.0009146176794123366,-0.0005855538630027964,-0.00019641951199606732,-0.000781972224859316,-5.525179952192467e-11,-5.521931757041262e-11,0.0,-0.0013930638678947389,-0.255436206444852,0.0
70,C=O.[Pt] + C=[Pt] <=> C[Pt] + O=C[Pt],0.0002250898950044637,0.0003192165222681462,0.0002248174203196025,0.0003189440473254926,0.00027872982120494136,0.0003728564989535891,9.412641539102465e-05,0.00022303245071807933,0.00031715907604019304,2.4751247052149677e-11,2.467004217336964e-11,0.050025012506243166,0.0005372769615455299,0.07968736354903502,0.0
71,C=O.[Pt] + C~[Pt] <=> O=C[Pt] + C#[Pt],-0.00022922278561856804,-0.000990988307986131,-0.0002284007651875279,-0.000990166293836002,-0.00039104741738473533,-0.0011528117070338623,-0.0007617672685111068,-0.000222677636378368,-0.0009844432086104807,-6.787103768433957e-11,-6.795224256311954e-11,0.0,-0.0017794286670311705,-0.2543445987250022,0.0
72,C=O.[Pt] + [Pt] <=> O=C[Pt] + [H][H].[Pt],-0.00030001061403125734,-0.0009129249682600559,-0.00029925998681062,-0.0009121743456484276,-0.00044778063122177304,-0.0010606940797711754,-0.0006129161930526812,-0.00029360166860418807,-0.0009065160621328042,-6.156953909101012e-11,-6.165074396979009e-11,0.050025012506243166,-0.0016452021245198282,-0.24888656012575322,0.0
73,C=O.[Pt] + O=[Pt] <=> O=C[Pt] + O[Pt],0.03729545623474222,0.03637026455333106,0.037387140569977925,0.03646194804060216,0.01924628956604878,0.018321264811754334,-0.000924846755605183,0.018268329429404404,0.017343313719738608,1.042037245480955e-09,1.0419560406021742e-09,0.050025012506243166,0.010682875458523148,-0.249978167845603,0.0
74,C=O.[Pt] + O[Pt] <=> O=C[Pt] + O.[Pt],-0.00017753421577589417,-0.000740102722772436,-0.00017695544173398006,-0.0007395239520087425,-0.0002914728632850342,-0.0008540407293183416,-0.0005625695057576564,-0.00017149260729279784,-0.0007340611482897074,-4.8852855074059204e-11,-4.8934059952839186e-11,0.050025012506243166,-0.0012117467980642478,-0.24233691380665445,0.0
75,C=O.[Pt] + O=C=[Pt] <=> 2 O=C[Pt],-0.00018474294371229627,-0.0008633274752377998,-0.00018404428459647257,-0.0008626288208778563,-0.0003222824128925425,-0.0010008660111061661,-0.0006785857851724046,-0.00017844865099643785,-0.0008570332252539319,-5.7541777103521196e-11,-5.762298198230117e-11,0.050025012506243166,-0.0015154250806683567,-0.255436206444852,0.0
76,C=O.[Pt] + [Pt] <=> CO[Pt] + [Pt],0.001466753059335273,1.21303158435031,0.0009034416777254376,1.2124614481861924,0.11236138939321437,1.3252697613913635,1.2115470608873884,-2.0753996240026093e-06,1.2115449603433095,7.918656399989277e-08,7.918648279501393e-08,0.0,1.2103118347327322,0.9595231857479696,0.0
77,C=O.[Pt] + [H][H].[Pt] <=> CO[Pt] + [Pt],-9.55272360357028e-05,-0.00047093804564121646,-9.517894992044126e-05,-0.0004705897608436606,-0.0001640915564855771,-0.0005395021086979121,-0.00037541116822939214,-9.039874356977902e-05,-0.0004658095724433189,-3.339144615434366e-11,-3.331024127556362e-11,0.0,-0.0007653137671950094,-0.23906209064710507,0.0
78,C=O.[Pt] + O=C[Pt] <=> CO[Pt] + O=C=[Pt],-0.0002508265677996515,-0.0007334968591529205,-0.0002502699817236694,-0.000732940275767485,-0.0003603972460224172,-0.0008430670085256553,-0.0004826715020184667,-0.00024484052336610324,-0.0007275108436061664,-5.0704326310243627e-11,-5.078553118902361e-11,0.050025012506243166,-0.0012254660855440214,-0.2543445987250022,0.0
79,C=O.[Pt] + O[Pt] <=> CO[Pt] + O=[Pt],-0.0002692094321698209,0.06881501549176731,-0.00030064701260920174,0.06878355619286426,0.00591965726625009,0.07500815773228764,0.06908441090569253,-0.0003473642587638561,0.06873680667236712,4.4882586140746534e-09,4.488226132123138e-09,0.0,0.0678834053077846,-0.17574884289581696,0.0
80,C=O.[Pt] + C[Pt] <=> C=[Pt] + CO[Pt],-0.00019145182940325745,-0.0011261472343211216,-0.00019065931793057998,-0.0011253547302635721,-0.0003474672669065698,-0.0012821612135607097,-0.0009346971944199046,-0.0001858659090975045,-0.0011205613662350431,-7.605648946536544e-11,-7.604024848960938e-11,0.0,-0.0016633709106594727,-0.22377958256920794,0.0
81,C=O.[Pt] + C.[Pt] <=> CO[Pt] + C[Pt],-2.0587221946356386e-05,-0.00023072987342073447,-2.0398499585904804e-05,-0.00023054115146135213,-5.7739494657592364e-05,-0.0002678820680824751,-0.00021014269474103572,-1.8576721533108668e-05,-0.0002287193772392387,-1.6533313319611793e-11,-1.6614518198391798e-11,0.050025012506243166,-0.0003696791792167439,-0.08623700986813379,0.0
82,C=O.[Pt] + C=[Pt] <=> CO[Pt] + C#[Pt],-6.574492775946243e-05,-0.0003667303603727239,-6.55058911706333e-05,-0.00036649132451179605,-0.00011280216161564897,-0.000413787452608341,-0.0003009856305001794,-6.042158951238453e-05,-0.0003614070381493175,-2.2704884106893208e-11,-2.278608898567321e-11,0.050025012506243166,-0.0005639739534389616,-0.249978167845603,0.0
83,C=O.[Pt] + C#[Pt] <=> CO[Pt] + C~[Pt],-0.0003581128067028312,0.002101204610899044,-0.00035878494896946547,0.002100532452088881,-0.0002257934977619559,0.00223352717399023,0.00245932622476064,-0.00035541353047233734,0.002103903953506941,1.3335465193254658e-10,1.3327344705376646e-10,0.050025012506243166,0.001406041572264534,-0.2521613832853026,0.0
84,C=O.[Pt] + O.[Pt] <=> CO[Pt] + O[Pt],-0.00020355455663342574,-0.0009817376391476123,-0.00020274778757114974,-0.000980930876370075,-0.00036237677181706694,-0.0011405586184024053,-0.0007781846665410377,-0.0001970428316538476,-0.0009752259648352189,-6.663672352688328e-11,-6.668544645415125e-11,0.0,-0.0017371584298939847,-0.2477949524059034,0.0
85,2 C=O.[Pt] <=> CO[Pt] + O=C[Pt],-0.0003386331733410144,-0.0008694605786825611,-0.00033791631038325687,-0.000868743719534918,-0.00047975628928892356,-0.0010105829455271758,-0.000530829202903027,-0.00033229499255979,-0.0008631224315493363,-6.329108252114652e-11,-6.337228739992649e-11,0.050025012506243166,-0.0015332230752639778,-0.24233691380665445,0.0
86,[CH]C + 2 [Pt] <=> C[Pt] + C#[Pt],-0.00017712470205290924,-0.0004901492033298375,-0.0001767916983361956,-0.0004898162006699161,-0.00024268049736880337,-0.0005557047934408204,-0.0003130250557253655,-0.000171610670375608,-0.00048463518892475374,-3.1556215893915235e-11,-3.1117709548503116e-11,0.0,-0.0007860780942086131,-0.22377958256920794,0.0
87,C.[Pt] + C~[Pt] <=> CC#[Pt] + [Pt],-0.00029430670417088776,-0.0005909134889223531,-0.0002938612461597642,-0.0005904680322422681,-0.00038200048272230745,-0.0006786070073855585,-0.0002966076576954347,-0.0002885389501688397,-0.0005851457520414246,-4.2892416971605836e-11,-4.2973621850385825e-11,0.0,-0.0009173383042800414,-0.19758099729281287,0.0
88,CC#[Pt] + [Pt] <=> C[Pt] + C~[Pt],-0.00033144498095677904,-0.0008130203936066023,-0.00033077556646913457,-0.0008123509823492325,-0.00046322729364834135,-0.0009448020716690361,-0.0004815770088132344,-0.00032542091952441374,-0.0008069963611910382,-5.7525536127765195e-11,-5.760674100654517e-11,0.050025012506243166,-0.0014004796989725925,-0.249978167845603,0.0
89,CO[Pt] + C~[Pt] <=> CC#[Pt] + O=[Pt],-0.00039816714598333403,-0.001083317162300752,-0.000397266004548828,-0.0010824160270459591,-0.0005755677006968928,-0.0012607165015690335,-0.0006851527443714295,-0.0003914373529906743,-0.001076587415424937,-7.511451287151723e-11,-7.519571775029718e-11,0.050025012506243166,-0.0019366442858641205,-0.2259627980089075,0.0
90,[CH]C + 2 [Pt] <=> CC#[Pt] + [Pt],-0.00024335936786265083,-0.0008880142949277108,-0.00024263185668232161,-0.0008872867884491621,-0.00038657871367096293,-0.001031232717476516,-0.0006446564959073106,-0.00023710065901477641,-0.0008817556264445811,-6.124471957589005e-11,-6.132592445467002e-11,0.050025012506243166,-0.0015169082468883138,-0.2521613832853026,0.0
91,C=C + 2 [Pt] <=> C=C[Pt] + [Pt],-0.00012565262439004428,-0.0006542921766531481,-0.00012514103798796328,-0.00065378059294771,-0.00022636457428721772,-0.0007550035941517129,-0.0005286402165087467,-0.0001197409464708788,-0.000648380529987044,-4.513367162593435e-11,-4.5214876504714334e-11,0.050025012506243166,-0.001105329622100339,-0.24561173696620384,0.0
92,C#C.[Pt] + [Pt] <=> C=C[Pt] + [Pt],-0.000333774514046557,-0.0010057910969813579,-0.00033292875589732853,-0.00100494534452085,-0.0005002722014290765,-0.0011722876654631671,-0.0006720188259571954,-0.00032718392851176806,-0.0009992005557414346,-6.852067671457971e-11,-6.860188159335968e-11,0.0,-0.001785732123455022,-0.249978167845603,0.0
93,C#C.[Pt] + [H][H].[Pt] <=> C=C[Pt] + [Pt],-0.0002962160422497267,-0.0007263505964366971,-0.0002955111604832436,-0.000725645717728718,-0.00043498051583229746,-0.0008651144731671769,-0.00043013582832916166,-0.00029561867657393456,-0.0007257532333537164,-4.834938482562309e-11,-4.802456531050298e-11,0.0,-0.001441266769911753,0.04693913195354118,0.0
94,C#C.[Pt] + O=C[Pt] <=> C=C[Pt] + O=C=[Pt],0.0009490576157742778,0.0012248725203081031,0.0009483879309128922,0.00122420283358253,0.001080893154849549,0.0013567084229817298,0.00027581228690931196,0.0009257713496866035,0.0012015861899783722,7.89149011984221e-11,7.886617827115403e-11,0.0,0.0015962576393928358,1.1003405816085932,0.0
95,C#C.[Pt] + O[Pt] <=> C=C[Pt] + O=[Pt],-6.399016245100949e-05,-0.000537905415602908,-6.360053232509502e-05,-0.0005375157873287257,-0.00014069355075268492,-0.0006146084403878911,-0.00047391555640897726,-5.834574247271347e-05,-0.0005322610223749602,-3.6087448129840274e-11,-3.616865300862027e-11,0.050025012506243166,-0.0008861918137486702,-0.23578726748755569,0.0
96,C#C.[Pt] + C[Pt] <=> C=C[Pt] + C=[Pt],-0.00037616309165961734,-0.0009551478175017883,-0.00037537162072302923,-0.0009543563511713318,-0.0005319736870720369,-0.0011109575108144323,-0.0005789869037875873,-0.0003696695517476951,-0.0009486543151992946,-6.616573522995917e-11,-6.624694010873914e-11,0.050025012506243166,-0.0016711575333032812,-0.24561173696620384,0.0
97,C#C.[Pt] + C.[Pt] <=> C=C[Pt] + C[Pt],-0.00030913728087261777,-0.0005313187139963332,-0.0003087419736911192,-0.0005309234076895206,-0.0003869582659332888,-0.0006091395261408253,-0.00022218211996622187,-0.0003034838938298277,-0.0005256653395084678,-3.8929618887140926e-11,-3.6347303741936306e-11,0.0,-0.0008428092019574824,-0.10916077198497948,0.0
98,C#C.[Pt] + C=[Pt] <=> C=C[Pt] + C#[Pt],7.045137828946583e-05,-0.00028744815086329667,7.061351957594452e-05,-0.00028728601015222166,3.853191206684207e-05,-0.00031936750285373395,-0.00035789927701041337,7.562142171749624e-05,-0.00028227812594646307,-2.148681092519293e-11,-2.156801580397293e-11,0.050025012506243166,-0.00041639891501380074,-0.24233691380665445,0.0
99,C#C.[Pt] + C#[Pt] <=> C=C[Pt] + C~[Pt],-0.00017366799069788694,-0.0006399212849489998,-0.00017316932088985278,-0.0006394226174793184,-0.000271837155032805,-0.0007380899915736869,-0.0004662541039885358,-0.00016779140866460222,-0.0006340447303195809,-4.2453910626193735e-11,-4.2535115504973724e-11,0.050025012506243166,-0.0010734415484589894,-0.2477949524059034,0.0
100,C#C.[Pt] + O.[Pt] <=> C=C[Pt] + O[Pt],0.0005280280200444327,0.0017286934024025096,0.00052688777058708,0.0017275531392457557,0.000752499871866075,0.0019531679493675924,0.0012006590425468636,0.0005031944420953772,0.0017038595262887297,1.1406037273441415e-10,1.1397916785563406e-10,0.050025012506243166,0.0024513029626320663,1.1265391668849882,0.0
101,C#C.[Pt] + C=O.[Pt] <=> C=C[Pt] + O=C[Pt],-0.00042200100320288167,-0.0009889460892620648,-0.000421175019112527,-0.0009881201098400683,-0.000584605928714744,-0.001151550092882831,-0.0005669474785785853,-0.0004154390668292054,-0.000982384190098501,-6.675041035717532e-11,-6.683161523595527e-11,0.050025012506243166,-0.0017631138386555063,-0.24561173696620384,0.0
102,C#C.[Pt] + O=[Pt] <=> C#CO[Pt] + [Pt],-1.1724100816556173e-05,-0.00023609518086978247,-1.1454183303626217e-05,-0.00023582526398311827,-6.486061725051887e-05,-0.00028923157809887393,-0.0002243711063605021,-1.320673467681715e-05,-0.00023757781141359446,-1.718295234985194e-11,-1.7215434301363934e-11,0.0,-0.0005669402858788757,0.10697755654527989,0.0
103,C#C.[Pt] + C[Pt] <=> C#CC.[Pt] + [Pt],-0.00028187989144225504,-0.0009276290603068326,-0.00028109226155373335,-0.0009268414355214994,-0.0004369343295624855,-0.001082682497168803,-0.0006457509891125429,-0.00027647922454238766,-0.0009222284282851389,-6.686409718746734e-11,-6.694530206624731e-11,0.0,-0.0016896971109869494,-0.20194742817221203,0.0
104,C#CC.[Pt] + O=[Pt] <=> C#CO[Pt] + C[Pt],-8.861074221316241e-05,-0.0003009422352075597,-8.84386099545547e-05,-0.0003007701033231052,-0.00012249705266746452,-0.0003348284737258135,-0.0002123316811515002,-8.342301997309485e-05,-0.00029575452398995306,-2.0073846034420603e-11,-2.0155050913200608e-11,0.050025012506243166,-0.0004160281234478457,-0.24561173696620384,0.0
105,C#C.[Pt] + C=[Pt] <=> C#CC[Pt] + [Pt],-0.00022424161265447413,-0.0006510930041940187,-0.00022373799565258027,-0.0006505893893516856,-0.00032338469022940886,-0.0007502356585903496,-0.0004268523487296492,-0.000218351521401982,-0.0006452029380981156,-4.4094249177550115e-11,-4.41754540563301e-11,0.050025012506243166,-0.0011327681970818178,-0.24888656012575322,0.0
106,C#CO[Pt] + C=[Pt] <=> C#CC[Pt] + O=[Pt],-0.0004042252228099477,-0.0008157530032037607,-0.0004035672341303436,-0.0008150950172319222,-0.0005337582268255558,-0.0009452854741700152,-0.0004115294439049506,-0.00039800727066712703,-0.0008095350766588052,-5.6096330261236866e-11,-5.617753514001684e-11,0.0,-0.0014201316513321942,-0.2477949524059034,0.0
107,C#CC.[Pt] + [Pt] <=> C#CC[Pt] + [Pt],-0.00011686833379758927,-0.0005710824817395848,-0.00011644363774229313,-0.0005706577876250733,-0.0002004748723868793,-0.0006546886405818651,-0.0004542146787795339,-0.00011114857060734261,-0.0005653627445320315,-3.863728132353286e-11,-3.866976327504484e-11,0.0,-0.0009647996231870767,-0.24561173696620384,0.0
108,C#CC[Pt] + [H][H].[Pt] <=> C#CC.[Pt] + [Pt],-0.00022089687115810566,-0.00083490620108498,-0.00022021268651967662,-0.0008342220206544903,-0.00035558686518299,-0.0009695953681059777,-0.0006140106862579135,-0.00021462242599541966,-0.0008286317944601887,-5.746057222474118e-11,-5.7541777103521157e-11,0.050025012506243166,-0.0014501657671876318,-0.249978167845603,0.0
109,C#CC.[Pt] + O=C=[Pt] <=> C#CC[Pt] + O=C[Pt],1.152470210133689e-05,-0.00034637461614960425,1.1744748869611524e-05,-0.000346154570172245,-3.179415704261287e-05,-0.0003896933202678678,-0.00035789927701041337,1.6808185754109437e-05,-0.0003410911514241756,-2.1827871416069007e-11,-2.190907629484901e-11,0.050025012506243166,-0.0005331982544735455,-0.2510697755654528,0.0
110,C#CC.[Pt] + O=[Pt] <=> C#CC[Pt] + O[Pt],-2.7240384098228912e-06,0.00039238799675759086,-2.7984924002063884e-06,0.0003923135424581638,1.1933126874696205e-05,0.00040704521993930833,0.00039511204592357254,-1.6347878354775792e-05,0.00037876410297946347,2.803192415486243e-11,2.795071927608239e-11,0.050025012506243166,0.0001894744840183232,0.6898960789450703,0.0
111,C#CC.[Pt] + C=[Pt] <=> C#CC[Pt] + C[Pt],9.25136948591776e-05,-0.0006900496684544457,9.306213382868666e-05,-0.0006895012337942648,-1.5453126741182137e-05,-0.0007980156451636562,-0.0007825626393457824,9.848925255757143e-05,-0.0006840741575370187,-4.4841334062326287e-11,-4.4857575038082255e-11,0.0,-0.0011234984082399838,-0.22705440572875732,0.0
112,C#CC.[Pt] + C=[Pt] <=> C#CC[Pt] + C[Pt],-0.0001739722018215955,-0.0006872886204716433,-0.00017343621506564244,-0.0006867526364787153,-0.00027948765622427406,-0.0007928035332490893,-0.0005133173116840482,-0.00016803025983076736,-0.0006813467089916986,-4.583203358344251e-11,-4.59132384622225e-11,0.0,-0.001143521152143609,-0.2543445987250022,0.0
113,C#CC.[Pt] + C[Pt] <=> C#CC[Pt] + C.[Pt],5.6577295747508376e-05,-0.00030570015903268253,5.690597732419058e-05,-0.00030537147864246776,-8.127633878727014e-06,-0.00037040485425527797,-0.0003622772498151581,5.538843997059567e-05,-0.0003068890105081395,-2.564450071872988e-11,-2.5693223645997873e-11,0.0,-0.0007174816567439506,0.09933630250633133,0.0
114,C#CC.[Pt] + C#[Pt] <=> C#CC[Pt] + C=[Pt],-0.00010534572310564675,-0.0008309939515097606,-0.00010466293200391725,-0.0008303111653784266,-0.00023976138382277221,-0.0009654086368485153,-0.0007256489928517326,-9.907395576229287e-05,-0.0008247222296826642,-5.6778451242989023e-11,-5.6794692218744985e-11,0.0,-0.0014483118094236512,-0.2521613832853026,0.0
115,C#CC.[Pt] + C~[Pt] <=> C#CC[Pt] + C#[Pt],-0.0001920091011671814,-0.0008454202880681938,-0.00019132645472871501,-0.000844737646115707,-0.0003263962819860225,-0.000979806590801293,-0.0006534124415168,-0.00018574283512082414,-0.0008391540629731604,-5.746057222474118e-11,-5.7541777103521157e-11,0.050025012506243166,-0.0015046721256065656,-0.2521613832853026,0.0
116,C#CC.[Pt] + O[Pt] <=> C#CC[Pt] + O.[Pt],-4.144982383586169e-05,-0.0005788457632069971,-4.10039204074025e-05,-0.0005783998621828602,-0.0001292312901147787,-0.0006666267577471499,-0.0005373961621182361,-3.616273860166188e-05,-0.000573558706388645,-3.871848620231288e-11,-3.868600425080084e-11,0.0,-0.0009559006258892662,-0.23687887520740547,0.0
117,C#CC[Pt] + C=O.[Pt] <=> C#CC.[Pt] + O=C[Pt],-0.00023277147202283155,-0.0007077804159538922,-0.0002322087285377995,-0.0007072176751450899,-0.00034355431176164133,-0.0008185627294599258,-0.0004750100496142095,-0.00022739110916071946,-0.0007024000786549195,-4.8186975068063053e-11,-4.825193897108703e-11,0.0,-0.0012362190406058125,-0.2259627980089075,0.0
118,C#CC.[Pt] + C=O.[Pt] <=> C#CC[Pt] + CO[Pt],0.001457621575498627,-0.0008178629587483199,0.001458278369468285,-0.0008172061797305843,0.0013283237644139791,-0.0009471578277392626,-0.002275451366783336,0.0014638302869386245,-0.0008116543885892317,-6.460660155738281e-11,-6.468780643616278e-11,0.050025012506243166,-0.0015284027850600835,-0.03929787791459261,0.0
119,C#C.[Pt] + C#CC.[Pt] <=> C=C[Pt] + C#CC[Pt],-0.00032763526664170243,-0.0010215416831544245,-0.0003267743163828498,-0.001020680738873266,-0.0004971237033796879,-0.0011910289437915306,-0.0006939086899971032,-0.00032099828685545,-0.0010149047494238152,-6.93002435508679e-11,-6.938144842964787e-11,0.050025012506243166,-0.0017590351315615903,-0.18993974325386428,0.0
120,C#CC.[Pt] + C=[Pt] <=> C#CC[Pt] + C[Pt],-0.00016589329633521507,-0.0006595089114858304,-0.00016537596890434325,-0.0006589915866322211,-0.00026773543747494013,-0.0007613505499373156,-0.0004936164340384205,-0.00015998189598536835,-0.0006535975403370146,-4.6189335050074595e-11,-4.627053992885458e-11,0.050025012506243166,-0.0011283186984438784,-0.24452012924635402,0.0
121,C#CC.[Pt] + C=[Pt] <=> C#CC[Pt] + C[Pt],-0.00013910880137549275,-0.0007750084670773292,-0.00013848191271590554,-0.0007743815824044754,-0.00026251939028774587,-0.0008984182712252417,-0.0006359005502978212,-0.00013296364924684774,-0.0007688633540266144,-5.252331559491605e-11,-5.2604520473696025e-11,0.050025012506243166,-0.0013530183800874887,-0.24561173696620384,0.0
122,C#C.[Pt] + C#[Pt] <=> C#CC=[Pt] + [Pt],2.3475336194901197e-05,-0.00034646345287120514,2.373811621589078e-05,-0.00034620067384356175,-2.825607862188871e-05,-0.00039819467632193773,-0.0003699387022194152,2.6652100232087016e-05,-0.00034328670058540343,-2.257495630084518e-11,-2.2656161179625178e-11,0.050025012506243166,-0.0006017946919382079,-0.14081739586062353,0.0
123,C#CO[Pt] + C#[Pt] <=> C#CC=[Pt] + O=[Pt],-1.5957826655091486e-05,-0.00039355792104325506,-1.5686711772092094e-05,-0.00039328680719328803,-6.933005976849853e-05,-0.000446929952634912,-0.00037760015463985665,-1.0562214970139596e-05,-0.00038816232972672585,-2.7560935857938322e-11,-2.764214073671832e-11,0.050025012506243166,-0.0005862214466725223,-0.24888656012575322,0.0
124,C#CC.[Pt] + C#[Pt] <=> C#CC=[Pt] + C[Pt],8.450073191843047e-05,-0.00028543828289581707,8.465987734614909e-05,-0.00028527913807200824,5.317103691076381e-05,-0.0003167678620154416,-0.0003699387022194152,8.966178246054149e-05,-0.00028027725145165507,-1.8368543580040212e-11,-1.8449748458820217e-11,0.050025012506243166,-0.00039303904710430654,-0.24888656012575322,0.0
125,C#CC[Pt] + [Pt] <=> C#CC=[Pt] + [Pt],-0.00014330996132865884,-0.0005362324576956713,-0.00014291590806072755,-0.0005358384059814435,-0.00022088409794295347,-0.0006138062895128663,-0.00039292305946455523,-0.00013765398341989492,-0.0005305765020192851,-3.634730374193634e-11,-3.642850862071633e-11,0.0,-0.0009295744255617895,-0.23687887520740547,0.0
126,C#CC=[Pt] + [H][H].[Pt] <=> C#CC[Pt] + [Pt],-9.19880241119249e-05,-0.00034481572115438447,-9.169228392077119e-05,-0.00034451998171234434,-0.0001502080448622523,-0.00040303559471851705,-0.0002528279296156191,-9.004365506263271e-05,-0.00034287135701903214,-2.5693223645997892e-11,-2.577442852477789e-11,0.050025012506243166,-0.0006470312615153077,-0.06877128635053707,0.0
127,C#CC=[Pt] + O=C[Pt] <=> C#CC[Pt] + O=C=[Pt],0.00014921943786520435,-0.0002371372389014733,0.0001493313892434377,-0.00023702528796644784,0.00012718046018621984,-0.0002591761314447937,-0.00038635610024934607,0.00015428118709479865,-0.00023207550923220202,-1.3317600119923055e-11,-1.3398804998703063e-11,0.050025012506243166,-0.00039118508934032605,-0.16374115797746921,0.0
128,C#CC[Pt] + O=[Pt] <=> C#CC=[Pt] + O[Pt],0.0003829061313910804,-0.0007072132718145215,0.00038346248110145956,-0.0007066569281710626,0.0002733819835023748,-0.0008167362257756722,-0.0010901152290935395,0.0003889053605496825,-0.0007012141080675699,-6.696154304200335e-11,-6.701026596927132e-11,0.0,-0.0016852476123490098,0.13426774954152476,0.0
129,C#CC[Pt] + C=[Pt] <=> C#CC=[Pt] + C[Pt],-0.0005709683644088,-0.0006771335987926772,-0.0005704444472862575,-0.0006766096822398939,-0.0006741077649410713,-0.0007802728898407547,-0.00010616584056765797,-0.0005650358667452544,-0.0006712011074481129,-5.1824953637407885e-11,-5.190615851618787e-11,0.050025012506243166,-0.001218421046032123,0.3929787791459261,0.0
130,C#CC=[Pt] + C.[Pt] <=> C#CC[Pt] + C[Pt],-0.00029165822098862603,-0.0006572178842118004,-0.0002911471534136543,-0.0006567068185170882,-0.00039226803429688497,-0.0007578273297315121,-0.0003655607294146705,-0.00028575657982929555,-0.0006513162646411462,-4.5328563335006395e-11,-4.5393527238030377e-11,0.0,-0.001083452920410802,-0.21941315168980874,0.0
131,C#CC=[Pt] + C=[Pt] <=> C#CC[Pt] + C#[Pt],-0.001174888877983803,-0.0007447581032255721,-0.0011742979927987424,-0.0007441672154961201,-0.001291211749935393,-0.0008610814755141316,0.00043013582837771446,-0.0011688199626134006,-0.0007386891617504546,-2.5352163155121813e-11,-2.5433368033901815e-11,0.0,-0.0014453454769837372,0.32639070823508864,0.0
132,C#CC=[Pt] + C=[Pt] <=> C#CC[Pt] + C#[Pt],-0.0002272137075772524,-0.0009441051259327415,-0.0002264344971845861,-0.0009433259211325888,-0.00038061066677691144,-0.0010975009854447867,-0.0007168930472422432,-0.00022074385158126012,-0.0009376353163351587,-7.128164259310035e-11,-7.13466064961243e-11,0.0,-0.0016162803833183923,-0.24342852152650424,0.0
133,C#CC[Pt] + C~[Pt] <=> C#CC=[Pt] + C#[Pt],0.00012299176798136945,-0.00024366390558689004,0.0001231061275985949,-0.0002435495464006402,0.00010047869803831915,-0.00026617689299650353,-0.0003666552226199028,0.00012805772228380083,-0.00023859796986981167,-1.503914355005945e-11,-1.5071625501571447e-11,0.0,-0.0003088693643739585,-0.2543445987250022,0.0
134,C#CC=[Pt] + O.[Pt] <=> C#CC[Pt] + O[Pt],-6.018917040866836e-05,-0.0006161913823060771,-5.9723944561011774e-05,-0.0006157261590535934,-0.00015177448645678753,-0.0007077761891480142,-0.0005560025465586315,-5.438409632204554e-05,-0.0006103863405144635,-4.1268319396005463e-11,-4.134952427478545e-11,0.050025012506243166,-0.0010497108890054718,-0.17247401973626758,0.0
135,C#CC=[Pt] + C=O.[Pt] <=> C#CC[Pt] + O=C[Pt],0.0004716763216610701,0.0007650018833539471,0.000471220531349722,0.0007645460916937919,0.0005614041388168201,0.0008547299636847318,0.00029332417814447505,0.0004590763648331476,0.000752401889558436,5.3124231697888185e-11,5.3043026819108125e-11,0.050025012506243166,0.0009736986204410241,0.5992926381975373,0.0
136,C#CC[Pt] + C=O.[Pt] <=> C#CC=[Pt] + CO[Pt],-0.00028422331033861793,-0.0008478857072398116,-0.0002835304700949164,-0.0008471928709110438,-0.00042061726490912304,-0.0009842788930021812,-0.0005636639989628886,-0.00027793063225265433,-0.0008415930646214925,-5.944197126697364e-11,-5.931204346092556e-11,0.0,-0.0014616603053594014,-0.24015369836695485,0.0
137,C#C.[Pt] + C#CC[Pt] <=> C=C[Pt] + C#CC=[Pt],-0.00023256129034074718,-0.0007261765764194496,-0.00023199293855065702,-0.0007256082274501184,-0.00034444819275311904,-0.0008380629265506435,-0.0004936164340384205,-0.0002265447150912076,-0.0007201600308770035,-4.756981798933491e-11,-4.765102286811489e-11,0.050025012506243166,-0.001241410122375662,-0.21722993625010917,0.0
138,C#CC=[Pt] + C#CC.[Pt] <=> 2 C#CC[Pt],-0.0002995350150533781,-0.000770165682150039,-0.0002989161698081556,-0.0007695468398153129,-0.0004213621627312182,-0.0008919922564714261,-0.0004706320768094648,-0.0002934096706825376,-0.0007640403666092151,-5.1240278510191755e-11,-5.130524241321573e-11,0.0,-0.0013467149236636373,-0.23687887520740547,0.0
139,C#CC=[Pt] + C=[Pt] <=> C#CC[Pt] + C#[Pt],-0.0002352635666117303,-0.0007048000455558246,-0.0002347026368941682,-0.0007042391184758646,-0.0003456893435942805,-0.0008152253040653608,-0.00046953758360423255,-0.00022925782775928694,-0.0006987943349082952,-4.7845914577186975e-11,-4.792711945596696e-11,0.050025012506243166,-0.0011965443443425856,-0.2543445987250022,0.0
140,C#CC=[Pt] + C=[Pt] <=> C#CC[Pt] + C#[Pt],-0.00015339922409941041,-0.000585723375652772,-0.00015296579411396076,-0.0005852899475499114,-0.00023872514248470916,-0.0006710489251588077,-0.0004323248147396261,-0.00014766484561821072,-0.0005799890219696012,-3.944933011133305e-11,-3.9530534990113037e-11,0.050025012506243166,-0.0009644288316211217,-0.1910313509737141,0.0
141,C#C.[Pt] + C~[Pt] <=> C#CC#[Pt] + [Pt],-0.000404626316341549,-0.0010470912262421372,-0.0004037490452996982,-0.001046213960841658,-0.0005773276956439807,-0.001219791496011672,-0.0006424675094968462,-0.00039795062063449925,-0.0010404155734336554,-7.349041529591686e-11,-7.357162017469681e-11,0.0,-0.0018962280064909152,-0.22487119028905772,0.0
142,C#CO[Pt] + C~[Pt] <=> C#CC#[Pt] + O=[Pt],-0.00032058380895670765,-0.0010954825116847712,-0.00031966836793671143,-0.0010945670777697295,-0.0005007994085881614,-0.0012756967148432564,-0.0007749011869415251,-0.00031383500213992376,-0.0010887337571734508,-7.27758123626527e-11,-7.280829431416465e-11,0.0,-0.001963341277757552,-0.2543445987250022,0.0
143,C#CC.[Pt] + C~[Pt] <=> C#CC#[Pt] + C[Pt],-0.00027047837633147715,-0.0010223931722590344,-0.0002696201997746706,-0.001021535002153473,-0.00043942077741501484,-0.001191334303038308,-0.0007519168296963851,-0.000263839888744915,-0.0010157547345962916,-7.373402993225691e-11,-7.381523481103688e-11,0.050025012506243166,-0.001874722096367333,-0.22705440572875732,0.0
144,C#CC[Pt] + C~[Pt] <=> C#CC#[Pt] + C=[Pt],-9.286660264905918e-05,-0.0006302622656978436,-9.238570400970961e-05,-0.0006297813696476516,-0.00018753729813909348,-0.0007249324524467578,-0.0005373961621182361,-8.703315794353052e-05,-0.0006244288523454827,-4.071612622030134e-11,-4.0748608171813316e-11,0.0,-0.0010400703086196142,-0.2510697755654528,0.0
145,C#CC=[Pt] + [Pt] <=> C#CC#[Pt] + [Pt],-0.0001783773255418982,-0.0007146780378049266,-0.00017780898829840172,-0.0007141097036276803,-0.00029026136259322134,-0.0008265614748475237,-0.0005363016689130039,-0.00017234920635704096,-0.0007086499509618611,-4.8592999461963146e-11,-4.865796336498712e-11,0.0,-0.00121990421225208,-0.2543445987250022,0.0
146,C#CC#[Pt] + [H][H].[Pt] <=> C#CC=[Pt] + [Pt],-0.00012136013928400152,-0.0005657238399405426,-0.00012093054807161914,-0.0005652942506600098,-0.00020593034791816016,-0.0006502936727943045,-0.000444364239948628,-0.00011563289476196255,-0.0005599966208829961,-3.829622083265678e-11,-3.8215015953876736e-11,0.0,-0.0009395857975136021,-0.23578726748755569,0.0
147,C#CC=[Pt] + O=C=[Pt] <=> C#CC#[Pt] + O=C[Pt],-7.125573683334276e-05,-0.00045761156178514506,-7.093569714547663e-05,-0.00045729152333470616,-0.00013425940865239086,-0.0005206149901823031,-0.00038635610024934607,-6.575984896283359e-05,-0.00045211569514168657,-3.048431149401899e-11,-3.056551637279899e-11,0.050025012506243166,-0.0007452910232913844,-0.24015369836695485,0.0
148,C#CC#[Pt] + O[Pt] <=> C#CC=[Pt] + O=[Pt],-8.701907177538082e-05,-0.00039894936285930223,-8.675520993329829e-05,-0.0003986855018491345,-0.0001389634558493094,-0.00045089358490562476,-0.00031193056252013326,-8.163804095409497e-05,-0.00039356834881848875,-2.668392316711412e-11,-2.6245416821701998e-11,0.0,-0.0006132892301099774,-0.2543445987250022,0.0
149,C#CC=[Pt] + C=[Pt] <=> C#CC#[Pt] + C[Pt],0.00021161451670069254,0.0005443411542259494,0.0002112787517167871,0.0005440053881049368,0.0002777139010532706,0.0006104407584887539,0.0003327259334195459,0.00020300300540500367,0.0005357296142613555,3.5616459832916167e-11,3.5535254954136126e-11,0.0,0.000702649994566312,0.40935289494367305,0.0
150,C#CC#[Pt] + C.[Pt] <=> C#CC=[Pt] + C[Pt],-0.0010646384496759262,-0.0013568650233741937,-0.0010634658220975278,-0.0013556923992243616,-0.0012954843241164548,-0.0015877102232294868,-0.00029222968489069,-0.00105733412678367,-0.001349560721829793,-8.203316854357482e-11,-8.211437342235477e-11,0.050025012506243166,-0.003021209580950856,-0.10588594882543009,0.0
151,C#CC=[Pt] + C#[Pt] <=> C#CC#[Pt] + C=[Pt],-5.5867340483721816e-05,-0.0003787426546445535,-5.562914296861102e-05,-0.000378504457906044,-0.00010275939307870828,-0.00042563455585314583,-0.0003228754945400872,-5.0543551392207765e-05,-0.0003734188827431251,-2.4523873391565624e-11,-2.4605078270345625e-11,0.050025012506243166,-0.0005124339274599418,-0.15391668849882106,0.0
152,C#CC=[Pt] + C~[Pt] <=> C#CC#[Pt] + C#[Pt],-0.00020228562347682688,-0.0006948065679993416,-0.00020173507214222015,-0.0006942560194063756,-0.00031066829053611513,-0.000803188701281809,-0.0004925219408331883,-0.00019630055316002386,-0.000688821527175921,-4.6838974080314745e-11,-4.692017895909473e-11,0.050025012506243166,-0.0011539033156613766,-0.2521613832853026,0.0
153,C#CC=[Pt] + C~[Pt] <=> C#CC#[Pt] + C#[Pt],-0.00020228562347682688,-0.0006948065679993416,-0.00020173507214222015,-0.0006942560194063756,-0.00031066829053611513,-0.000803188701281809,-0.0004925219408331883,-0.00019630055316002386,-0.000688821527175921,-4.6838974080314745e-11,-4.692017895909473e-11,0.050025012506243166,-0.0011539033156613766,-0.2521613832853026,0.0
154,C#CC#[Pt] + O.[Pt] <=> C#CC=[Pt] + O[Pt],-0.00020075930158756607,-0.0006505951044623501,-0.00020025858904544066,-0.0006500943941806597,-0.00029933060090533037,-0.0007491659603812934,-0.00044983670595860495,-0.00019487741813422395,-0.0006447132474633535,-4.6075648219782566e-11,-4.615685309856255e-11,0.050025012506243166,-0.0010790034217728625,-0.23687887520740547,0.0
155,C#CC#[Pt] + C=O.[Pt] <=> C#CC=[Pt] + O=C[Pt],-0.00014563764407384802,-0.0004893080089271335,-0.00014528258364110191,-0.0004889529497390018,-0.00021553557163547427,-0.0005592056962966962,-0.0003436708653747627,-0.00014006414284780416,-0.00048373452685966103,-3.186479443327931e-11,-3.19459993120593e-11,0.050025012506243166,-0.000779403846240738,-0.20740546677146102,0.0
156,C#CC=[Pt] + C=O.[Pt] <=> C#CC#[Pt] + CO[Pt],-0.00032731860701560797,-0.0007607364962813024,-0.00032670268220905775,-0.0007601205741603408,-0.00044857083070755236,-0.0008819881944676549,-0.00043341930792867414,-0.00032119272461574223,-0.0007546106404401852,-5.3432810237252257e-11,-5.351401511603223e-11,0.050025012506243166,-0.0013248382219960316,-0.24124530608680464,0.0
157,C#C.[Pt] + C#CC=[Pt] <=> C=C[Pt] + C#CC#[Pt],-0.0002052789807340445,-0.0008072490060355033,-0.0002046273461095719,-0.0008065973753521159,-0.00033356111259278987,-0.0009355303656906172,-0.0006019712610327273,-0.0001990835202738337,-0.0008010535828782509,-5.315671364940019e-11,-5.288061706154809e-11,0.0,-0.0013993673243185905,-0.24124530608680464,0.0
158,C#CC.[Pt] + C#CC#[Pt] <=> C#CC=[Pt] + C#CC[Pt],-6.106591097471629e-05,-0.00050214640196547,-6.070560075699439e-05,-0.0005017860933577975,-0.00013199732057425363,-0.0005730774987169404,-0.00044108076034911554,-5.547933739578671e-05,-0.000496559853039637,-3.303414468771158e-11,-3.311534956649157e-11,0.050025012506243166,-0.0008205617087239218,-0.24015369836695485,0.0
159,2 C#CC=[Pt] <=> C#CC[Pt] + C#CC#[Pt],-9.73660333178262e-05,-0.000404918323578856,-9.709386201410497e-05,-0.00040464615312436875,-0.0001509462353368882,-0.0004584983608318756,-0.00030755258971538855,-9.196836544005007e-05,-0.0003995206723145711,-2.8437948548762522e-11,-2.8502912451786514e-11,0.0,-0.000691526247982429,-0.24233691380665445,0.0
160,C#CC=[Pt] + C~[Pt] <=> C#CC#[Pt] + C#[Pt],-0.0001304729578647671,-0.00045444252291538384,-0.00013011047473729612,-0.00045408004096383474,-0.00020183213142334892,-0.0005258014652923337,-0.0003239699877453194,-0.00012692328681901326,-0.00045089286337601276,-2.8437948548762522e-11,-2.8519153427542518e-11,0.050025012506243166,-0.0008413260357375254,-0.1473670421797223,0.0
161,C#CC=[Pt] + C~[Pt] <=> C#CC#[Pt] + C#[Pt],-0.0001304729578647671,-0.00045444252291538384,-0.00013011047473729612,-0.00045408004096383474,-0.00020183213142334892,-0.0005258014652923337,-0.0003239699877453194,-0.00012692328681901326,-0.00045089286337601276,-2.8437948548762522e-11,-2.8519153427542518e-11,0.050025012506243166,-0.0008413260357375254,-0.1473670421797223,0.0
162,[Pt] + C#CO.[Pt] <=> C#C.[Pt] + O[Pt],-9.137566518182069e-05,-0.000391266528443393,-9.11155951337831e-05,-0.00039100645919087614,-0.00014257358943800633,-0.0004424642991771841,-0.0002998911372949471,-8.600298058416619e-05,-0.00038589385996621917,-2.5270958276341795e-11,-2.5352163155121794e-11,0.050025012506243166,-0.000622188227407788,-0.23687887520740547,0.0
163,C#CO.[Pt] + [Pt] <=> C#CO[Pt] + [Pt],-2.4097091857117653e-05,-0.00015981421615762211,-2.3931975798665966e-05,-0.00015964910033547622,-5.6602178230887085e-05,-0.00019231925843729347,-0.00013571715701182294,-2.481111768022316e-05,-0.00016052824102105493,-1.037798350808638e-11,-1.0459188386866392e-11,0.0,-0.00039378063021428504,0.05676360143218933,0.0
164,C[Pt] + C#CO.[Pt] <=> C#CO[Pt] + C.[Pt],-4.579465239892245e-05,-0.0004945366596715848,-4.544607579328942e-05,-0.0004941880846223642,-0.00011441615852711405,-0.0005631578578752951,-0.000448742212769557,-4.024028655716788e-05,-0.0004889823187595784,-3.22708188271794e-11,-3.166990272420724e-11,0.0,-0.0008146290438660253,-0.2477949524059034,0.0
165,C#[Pt] + C#CO.[Pt] <=> C#CO[Pt] + C=[Pt],-0.0001544350635503275,-0.0007739172591176966,-0.00015382460938224044,-0.0007733068087360148,-0.00027461032468876985,-0.0008940917757969229,-0.0006194831522678903,-0.00014833150118984521,-0.000767813734570784,-5.793156052166529e-11,-5.8012765400445264e-11,0.050025012506243166,-0.001252163077437453,-0.24888656012575322,0.0
166,C=[Pt] + C#CO.[Pt] <=> C#CO[Pt] + C[Pt],-7.003582636630594e-05,-0.000402761526684658,-6.97696893885791e-05,-0.0004024953906157455,-0.0001224280985324727,-0.0004551536245549403,-0.00033272593335480883,-6.464562920637953e-05,-0.00039737134747535783,-2.6310380724726035e-11,-2.6391585603506034e-11,0.050025012506243166,-0.0006244129767377235,-0.24233691380665445,0.0
167,C~[Pt] + C#CO.[Pt] <=> C#CO[Pt] + C#[Pt],-0.00023332530025023664,-0.000393120934855368,-0.00023306837494994665,-0.0003928640099823415,-0.0002839041420949935,-0.00044369969589347553,-0.00015979600744601093,-0.00022796293104857072,-0.0003877585742288602,-2.712242951252622e-11,-2.720363439130622e-11,0.050025012506243166,-0.0006325703909036241,-0.16264955025761943,0.0
168,[Pt] + C#CO.[Pt] <=> C#CO[Pt] + [H][H].[Pt],-0.00023360518892056798,-0.0006703069562992054,-0.0002330917895918024,-0.0006697935592184942,-0.0003346740366418711,-0.000771375362662258,-0.00043670278754437083,-0.00022769421235132155,-0.0006643960055533734,-4.4224176983598144e-11,-4.427289991086612e-11,0.0,-0.0011361053210657552,-0.24888656012575322,0.0
169,O=[Pt] + C#CO.[Pt] <=> C#CO[Pt] + O[Pt],4.747903129195147e-05,-0.00037171206404758067,4.772166331782342e-05,-0.0003714694330492455,-2.860084721706113e-07,-0.00041947690358820774,-0.00041919089630920774,5.281931365666812e-05,-0.00036637180407333417,-2.4637560221857652e-11,-2.471876510063765e-11,0.050025012506243166,-0.0005502546659591881,-0.22705440572875732,0.0
170,O=[Pt] + C#CO.[Pt] <=> C#CO[Pt] + O[Pt],0.00020061174892836768,0.0006165200000415672,0.00020025221461545574,0.000616160464230184,0.00027139041231233227,0.0006872989577851677,0.0004159074167582481,0.000189669352568739,0.0006055775581756876,4.0342583777913255e-11,4.02613788991332e-11,0.050025012506243166,0.0007719880151409529,0.5239717055279015,0.0
171,O[Pt] + C#CO.[Pt] <=> C#CO[Pt] + O.[Pt],4.951983837428988e-05,-0.0004331519026631431,4.9809662731333045e-05,-0.0004328620797173013,-7.535579843293024e-06,-0.0004902070455020875,-0.0004826715020184667,5.494908593328797e-05,-0.00042772268130957734,-2.939616611836674e-11,-2.9477370997146736e-11,0.050025012506243166,-0.000684852000014554,-0.2521613832853026,0.0
172,O=C=[Pt] + C#CO.[Pt] <=> C#CO[Pt] + O=C[Pt],-0.00023149249084631186,-0.0007141628755098975,-0.00023092323483763993,-0.0007135936222631157,-0.0003435573976495094,-0.0008262272414206917,-0.0004826715020184667,-0.00022547181194268034,-0.0007081422256807137,-4.739116725601887e-11,-4.747237213479885e-11,0.050025012506243166,-0.0011943195950345818,-0.255436206444852,0.0
173,C=O.[Pt] + C#CO.[Pt] <=> C#CO[Pt] + CO[Pt],-0.00043677878872459884,-0.0011120781447021561,-0.00043583577319831796,-0.001111135135562342,-0.000622422763598016,-0.0012977208659395744,-0.0006753023055567079,-0.0004299752252398268,-0.001105274627161253,-7.545557336239331e-11,-7.553677824117326e-11,0.050025012506243166,-0.001971498691945384,-0.249978167845603,0.0
174,O=C[Pt] + C#CO.[Pt] <=> C#CO[Pt] + C=O.[Pt],-0.00035131454369666145,-0.001114173625361014,-0.00035037067050654294,-0.0011132297593893126,-0.0005371273592359652,-0.0012999850234296623,-0.0007628617617163391,-0.0003445011120102289,-0.0011073602456712563,-7.556926019268533e-11,-7.563422409570929e-11,0.0,-0.002025634258798363,-0.2510697755654528,0.0
175,C#C.[Pt] + C#CO.[Pt] <=> C=C[Pt] + C#CO[Pt],-0.00032763526664170243,-0.0010215416831544245,-0.0003267743163828498,-0.001020680738873266,-0.0004971237033796879,-0.0011910289437915306,-0.0006939086899971032,-0.00032099828685545,-0.0010149047494238152,-6.93002435508679e-11,-6.938144842964787e-11,0.050025012506243166,-0.0017590351315615903,-0.18993974325386428,0.0
176,C[Pt] + C#CO.[Pt] <=> C#CC.[Pt] + O[Pt],-2.9879534911290067e-05,-0.0006635909094498911,-2.9371716353136417e-05,-0.0006630830941154531,-0.00012984974101553279,-0.000763560482041768,-0.0006337115638873567,-2.398652094043234e-05,-0.0006576979328255279,-5.7736668812593245e-11,-5.7801632715617214e-11,0.0,-0.0010953182501485265,-0.2281460134486071,0.0
177,C#CC[Pt] + C#CO.[Pt] <=> C#CO[Pt] + C#CC.[Pt],1.3862450368743049e-05,-0.000571691493798419,1.4281456332826101e-05,-0.0005712724903085199,-6.862392516974479e-05,-0.0006541773863458684,-0.0005855538630027964,1.9571338457671614e-05,-0.0005659826391433958,-3.7727786681196654e-11,-3.780899155997664e-11,0.050025012506243166,-0.0009788897022328053,-0.24124530608680464,0.0
178,C=[Pt] + C#CO.[Pt] <=> C#CC[Pt] + O[Pt],-0.0004398761224199241,-0.0011239313645935987,-0.0004389350362348813,-0.0011229902848581758,-0.0006251402832474725,-0.0013091942581121843,-0.0006840582511823815,-0.0004330835018431342,-0.0011171387904831888,-7.904482900447013e-11,-7.912603388325009e-11,0.050025012506243166,-0.0019718694834894076,-0.2510697755654528,0.0
179,C#CC=[Pt] + C#CO.[Pt] <=> C#CO[Pt] + C#CC[Pt],-9.22533765848266e-05,-0.0004567192765656748,-9.193298098184561e-05,-0.000456398882141015,-0.00015532711321613146,-0.0005197927833107808,-0.00036446623620943827,-8.675754442867641e-05,-0.00045122346443699575,-3.1117709548503135e-11,-3.119891442728313e-11,0.050025012506243166,-0.0007200771976179096,-0.249978167845603,0.0
180,C#[Pt] + C#CO.[Pt] <=> C#CC=[Pt] + O[Pt],-0.00017137837768923066,-0.0006102693994576863,-0.00017090882046827302,-0.0006097998443188402,-0.0002638163776940546,-0.0007027069937855317,-0.0004388917739386511,-0.00016557528146500476,-0.0006044663287163944,-4.1788030620197585e-11,-4.1674343789905524e-11,0.0,-0.0010278341873378662,-0.25325299100515236,0.0
181,C#CC#[Pt] + C#CO.[Pt] <=> C#CO[Pt] + C#CC=[Pt],-0.00022454294685837748,-0.0007170637817644981,-0.00022396845751170285,-0.0007164892952689274,-0.000337638099443295,-0.0008301583773552762,-0.0004925219408331883,-0.00021851037119577683,-0.0007110312358186706,-4.737492628026287e-11,-4.743989018328684e-11,0.0,-0.0012336234997318534,-0.24561173696620384,0.0
182,C~[Pt] + C#CO.[Pt] <=> C#CC#[Pt] + O[Pt],-0.00012108003916017376,-0.0005873335786017058,-0.0001206308054919534,-0.0005868843470569777,-0.00020951710282079557,-0.0006757702299371764,-0.0004662541039885358,-0.0001153100422743137,-0.0005815636086212551,-4.1446970129321506e-11,-4.1528175008101495e-11,0.050025012506243166,-0.0010226431055899482,-0.24670334468605362,0.0
183,O=[Pt] + C#CO.[Pt] <=> C#CO[Pt] + O[Pt],-0.00013512409705660524,-0.0006287398640928808,-0.00013464110935283081,-0.0006282568787969059,-0.00023020604865858042,-0.0007238213463797739,-0.0004936164340384205,-0.00012928070891331242,-0.000622896504805215,-4.1658102814149556e-11,-4.164186183839352e-11,0.0,-0.0010385871423996573,-0.24888656012575322,0.0
184,O=[Pt] + C#CO.[Pt] <=> C#CO[Pt] + O[Pt],7.276556141703952e-06,-0.0003298273745476458,7.490757781759044e-06,-0.0003296131736406917,-3.489161885217407e-05,-0.00037199540741440117,-0.00033710390615955354,1.2126934753077798e-05,-0.0003249770122834912,-2.1957799222117036e-11,-2.2039004100897038e-11,0.050025012506243166,-0.0005239284656317115,-0.23906209064710507,0.0
185,2 C#C.[Pt] <=> C#CC=C[Pt] + [Pt],-0.0001591810711670503,-0.0006517022279919701,-0.00015867489943731066,-0.0006511960587734695,-0.00025882707721860244,-0.0007513477432836679,-0.0004925219408331883,-0.0001532813556283139,-0.0006458025415152855,-4.386687551696606e-11,-4.394808039574605e-11,0.0,-0.001063430176507177,-0.2510697755654528,0.0
186,C#C.[Pt] + C#CO[Pt] <=> C#CC=C[Pt] + O=[Pt],0.000184276224872804,-0.00020426957777791444,0.00018435479436749278,-0.00020419100859432666,0.0001688088716546884,-0.00021973687091550028,-0.0003885450866598106,0.00018926413749304461,-0.0001992816845521484,-1.3626178659287125e-11,-1.3707383538067133e-11,0.050025012506243166,-0.0002224749323356065,-0.24888656012575322,0.0
187,C#C.[Pt] + C#CC.[Pt] <=> C#CC=C[Pt] + C[Pt],0.0003873341799569649,0.000689415473773398,0.00038688405660040973,0.0006889653490549992,0.00047594638943838,0.0007780279509201865,0.0003020801237539644,0.0003772785640483211,0.0006793598274890878,4.5978202365246545e-11,4.6091889195538534e-11,0.0,0.0009670243724731491,0.47157453497511137,0.0
188,C#C.[Pt] + C#CC[Pt] <=> C#CC=C[Pt] + C=[Pt],-2.5055277633362226e-05,-0.0005230495596988484,-2.467060932343098e-05,-0.0005226648933300161,-0.00010078187203839392,-0.0005987757770061911,-0.0004979944068431653,-1.9417758622015156e-05,-0.0005174120687737225,-3.7597858875148625e-11,-3.730552131154053e-11,0.0,-0.0008465171174854434,-0.249978167845603,0.0
189,C#C.[Pt] + C#CC=[Pt] <=> C#CC=C[Pt] + C#[Pt],1.217724534893656e-05,-0.0003719899152887416,1.241981377539391e-05,-0.0003717473478029615,-3.557527474364997e-05,-0.0004197422519411438,-0.0003841671138550659,1.7510665980604398e-05,-0.00036665651514333384,-2.476748802790568e-11,-2.4686283149125643e-11,0.0,-0.0005877046128924793,-0.25325299100515236,0.0
190,C#C.[Pt] + C#CC#[Pt] <=> C#CC=C[Pt] + C~[Pt],8.62092866802316e-06,-0.0005057909205442267,8.991925011139398e-06,-0.0005054199261315464,-6.441417444594488e-05,-0.0005788256479717649,-0.0005144118048730961,1.4222845445084538e-05,-0.0005001890325935107,-3.491809787540801e-11,-2.9055105627490643e-11,0.0,-0.0008146290438660253,-0.24452012924635402,0.0
191,C#C.[Pt] + C#CO.[Pt] <=> C#CC=C[Pt] + O[Pt],-0.00032763526664170243,-0.0010215416831544245,-0.0003267743163828498,-0.001020680738873266,-0.0004971237033796879,-0.0011910289437915306,-0.0006939086899971032,-0.00032099828685545,-0.0010149047494238152,-6.93002435508679e-11,-6.938144842964787e-11,0.050025012506243166,-0.0017590351315615903,-0.18993974325386428,0.0
192,C#CC#C.[Pt] + [Pt] <=> C#CC=C[Pt] + [Pt],-0.00026116628976223516,-0.0008401516814264455,-0.00026048370920923365,-0.0008394691048526187,-0.0003955405009618601,-0.0009745251146316044,-0.0005789869037875873,-0.0002549042828413628,-0.0008338897107784249,-5.7736668812593245e-11,-5.77366688125932e-11,0.0,-0.0014687053448932314,-0.2521613832853026,0.0
193,C#CC#C.[Pt] + [H][H].[Pt] <=> C#CC=C[Pt] + [Pt],0.00012905197667275055,-0.00020695786991346862,0.00012913797595270776,-0.00020687187092536066,0.00011212198225640995,-0.0002238878074494084,-0.00033600941297050557,0.00013377751283632505,-0.00020223234963936536,-1.120627327164257e-11,-1.128747815042258e-11,0.050025012506243166,-0.0002213625576816045,-0.24561173696620384,0.0
194,C#CC#C.[Pt] + O=C[Pt] <=> C#CC=C[Pt] + O=C=[Pt],-8.128566161086025e-05,-0.0004457516015625338,-8.098011948909012e-05,-0.00044544606056957876,-0.00014143531234540982,-0.0005059010330933257,-0.00036446623620943827,-7.581668688549279e-05,-0.0004402826467716165,-3.074416710611505e-11,-3.0825371984895045e-11,0.050025012506243166,-0.0007256390709317827,-0.23469565976770587,0.0
195,C#CC#C.[Pt] + O[Pt] <=> C#CC=C[Pt] + O=[Pt],-0.0002284203448065699,-0.0007789491678287038,-0.0002277950693397138,-0.0007783238958059024,-0.0003515133592376065,-0.0009020415046014252,-0.0005505300805486546,-0.00022227442435590906,-0.0007728032812249848,-5.273444827974409e-11,-5.2815653158524075e-11,0.050025012506243166,-0.0013552431293954927,-0.24452012924635402,0.0
196,C#CC#C.[Pt] + C[Pt] <=> C#CC=C[Pt] + C=[Pt],-8.477025620506347e-05,-0.0005783862718045919,-8.434324844873992e-05,-0.0005779592661596023,-0.0001688318804764715,-0.0006624474811367906,-0.0004936164340384205,-7.904846523678876e-05,-0.0005726645090854828,-3.853983546899684e-11,-3.860479937202082e-11,0.0,-0.0009432937130634946,-0.25325299100515236,0.0
197,C#CC#C.[Pt] + C.[Pt] <=> C#CC=C[Pt] + C[Pt],-0.00024221811056409205,-0.0009525424780503765,-0.00024143006461687917,-0.0009517544377149629,-0.0003973544557421817,-0.0011076777212532369,-0.0007103260880270341,-0.00023572664722694908,-0.0009460510608349275,-6.886173720545579e-11,-6.894294208423576e-11,0.050025012506243166,-0.001644460541431781,-0.2095886822111606,0.0
198,C#CC#C.[Pt] + C=[Pt] <=> C#CC=C[Pt] + C#[Pt],-5.4109421783581904e-05,-0.00042295343121542773,-5.368856881249192e-05,-0.0004225325798157646,-0.00013695940179764193,-0.0005058031056646966,-0.000368844209014183,-5.397381368430632e-05,-0.0004228178236206806,-2.9802190512266834e-11,-2.988339539104683e-11,0.050025012506243166,-0.0008565284894591875,0.0414810933542922,0.0
199,C#CC#C.[Pt] + C#[Pt] <=> C#CC=C[Pt] + C~[Pt],-0.00036077748599476955,-0.000953990661230741,-0.0003599939250300644,-0.0009532071049141651,-0.0005150309084052539,-0.0011082431685874037,-0.0005932153154232379,-0.00035429872347926176,-0.0009475119371575962,-6.603580742391114e-11,-6.611701230269111e-11,0.050025012506243166,-0.0016730114910672618,-0.24888656012575322,0.0
200,C#CC#C.[Pt] + O.[Pt] <=> C#CC=C[Pt] + O[Pt],0.00018524982013285918,0.0002870378765096808,0.00018509132468022196,0.0002868793808763343,0.00021645155962125213,0.00031823964772893364,0.00010178786781146609,0.0001798316326313129,0.0002816196834865034,2.0025123107152592e-11,1.9943918228372558e-11,0.050025012506243166,0.00034372377043329067,0.26635228364334995,0.0
201,C#CC#C.[Pt] + C=O.[Pt] <=> C#CC=C[Pt] + O=C[Pt],-0.0002231746197833858,-0.0008306169911572424,-0.00022250183147536816,-0.000829944206944022,-0.00035562110791008205,-0.0009630626747636748,-0.0006074437270427042,-0.00021692947017351686,-0.0008243718794980271,-5.481329317651257e-11,-5.489449805529255e-11,0.050025012506243166,-0.0014268058993000693,-0.2477949524059034,0.0
202,C#CC#C.[Pt] + C#CO.[Pt] <=> C#CO[Pt] + C#CC=C[Pt],-0.00032763526664170243,-0.0010215416831544245,-0.0003267743163828498,-0.001020680738873266,-0.0004971237033796879,-0.0011910289437915306,-0.0006939086899971032,-0.00032099828685545,-0.0010149047494238152,-6.93002435508679e-11,-6.938144842964787e-11,0.050025012506243166,-0.0017590351315615903,-0.18993974325386428,0.0
203,C#CC.[Pt] + C#CC#C.[Pt] <=> C#CC[Pt] + C#CC=C[Pt],-0.00032763526664170243,-0.0010215416831544245,-0.0003267743163828498,-0.001020680738873266,-0.0004971237033796879,-0.0011910289437915306,-0.0006939086899971032,-0.00032099828685545,-0.0010149047494238152,-6.93002435508679e-11,-6.938144842964787e-11,0.050025012506243166,-0.0017590351315615903,-0.18993974325386428,0.0
204,C#CC[Pt] + C#CC#C.[Pt] <=> C#CC=[Pt] + C#CC=C[Pt],-1.636328384720903e-05,-0.0003950578697188954,-1.609983930305719e-05,-0.0003947944261912433,-6.822551766841514e-05,-0.0004469199071519384,-0.0003786946478450889,-1.0983226376339081e-05,-0.00038967783263069297,-2.6196693894434007e-11,-2.6277898773214005e-11,0.050025012506243166,-0.0005873338213484558,-0.249978167845603,0.0
205,C#CC=[Pt] + C#CC#C.[Pt] <=> C#CC#[Pt] + C#CC=C[Pt],-0.0002151548314531204,-0.0006102660272218161,-0.00021466333649974788,-0.0006097745342145474,-0.0003119115381043988,-0.0007070223515801564,-0.00039511204587501975,-0.0002104905002428869,-0.0006056017144429986,-4.2535115504973757e-11,-4.258383843224173e-11,0.0,-0.0010463737650215342,-0.19539778185311327,0.0
206,C#C.[Pt] + CC#[Pt] <=> C#CC(C)=[Pt] + [Pt],-0.00025166665503870584,-0.0006686675154990077,-0.0002511366179458258,-0.0006681374806198286,-0.00035601084762507086,-0.0007730112729597493,-0.00041700190991492754,-0.000245731159687439,-0.0006627320449052869,-4.458147845023022e-11,-4.466268332901021e-11,0.050025012506243166,-0.0011179365349261107,-0.2477949524059034,0.0
207,C#CC(C)=[Pt] + O=[Pt] <=> CC#[Pt] + C#CO[Pt],-0.0001821264599711832,-0.0007096712224675335,-0.0001815658993321136,-0.0007091106647968039,-0.00029247958007864083,-0.0008200237604156809,-0.0005275457233035144,-0.0001761248008860883,-0.0007036695950512839,-4.71150706681668e-11,-4.719627554694679e-11,0.050025012506243166,-0.0011817126821868785,-0.24888656012575322,0.0
208,CC#[Pt] + C#CC.[Pt] <=> C#CC(C)=[Pt] + C[Pt],-0.0003901425368399367,-0.0010402689623278726,-0.0003892752073456175,-0.0010394016384772885,-0.0005608868046359928,-0.0012110121200702001,-0.0006501289619172876,-0.00038348752269520495,-0.0010336139914468908,-7.06320035628602e-11,-7.024222014471606e-11,0.0,-0.0016833936545850295,-0.19430617413326348,0.0
209,C#CC(C)=[Pt] + C=[Pt] <=> CC#[Pt] + C#CC[Pt],-0.0001258895280420098,-0.0006950252765203611,-0.000125340061247489,-0.0006944758128697773,-0.00023405868988435297,-0.0008031938227578981,-0.0005691364649728656,-0.00011990510880076768,-0.0006890408913536271,-4.4987502844130316e-11,-4.50524667471543e-11,0.0,-0.0012017354261124353,-0.24124530608680464,0.0
210,C#CC(C)=[Pt] + C#[Pt] <=> CC#[Pt] + C#CC=[Pt],4.885225876837445e-05,3.900181518392467e-05,4.887511808735925e-05,3.902467447371807e-05,4.4352126304592787e-05,3.4501683140219795e-05,-9.850438782353105e-06,4.58110329132426e-05,3.5960589609191936e-05,2.890893684568663e-12,2.8096888057886423e-12,0.0,-6.674247970068195e-05,0.16155794253776962,0.0
211,C#CC#[Pt] + C.[Pt] <=> C#CC(C)=[Pt] + [Pt],-0.000262441009244638,-0.0008064027029886486,-0.0002617610328591421,-0.000805722730318408,-0.0003963025576814285,-0.0009402635232726267,-0.0005439631213334453,-0.00025738787341123817,-0.0008013495946556594,-5.591767952792082e-11,-5.59988844067008e-11,0.050025012506243166,-0.0014431207276757332,-0.19539778185311327,0.0
212,C#CC(C)=[Pt] + [Pt] <=> C#CC#[Pt] + C[Pt],0.00018761139259018016,0.0010522626443105266,0.00018719856859192622,0.0010518498167522883,0.0002688807738611125,0.0011335327282757388,0.0008646496295439894,0.0001602614243503317,0.00102491243959122,6.728636255712344e-11,6.730260353287938e-11,0.0,0.0010007664038784794,1.319753733298402,0.0
213,C#CC(C)=[Pt] + O=[Pt] <=> C#CC#[Pt] + CO[Pt],-0.0006854388180061772,-0.0011812408400141807,-0.000684438140855237,-0.0011802401678333966,-0.0008824341775573608,-0.001378235222860866,-0.000495805420448885,-0.0006784959544923278,-0.0011742980109227539,-5.6226258067284895e-11,-5.6242499043040856e-11,0.0,-0.0016073813860425135,0.20303903589206182,0.0
214,C#CC(C)=[Pt] + C~[Pt] <=> CC#[Pt] + C#CC#[Pt],-0.00029094309960359403,-0.000814109327973249,-0.00029027729764313537,-0.0008134435295065561,-0.00042201424260869476,-0.0009451797852726678,-0.0005231677504987697,-0.0002847171534703791,-0.0008078834144186007,-5.359521999481229e-11,-5.367642487359227e-11,0.0,-0.0014690761364372549,-0.22487119028905772,0.0
215,CC#[Pt] + C#CO.[Pt] <=> C#CC(C)=[Pt] + O[Pt],-0.00012205932495488518,-0.0004799581651136688,-0.0001216782669786232,-0.00047957710851186314,-0.00019707518033820214,-0.0005549737520154225,-0.00035789927701041337,-0.00011849355996398162,-0.0004763924128926781,-3.2644361269567486e-11,-3.261187931805545e-11,0.0,-0.0008594948218771701,-0.1473670421797223,0.0
216,C#C.[Pt] + C#CC(C)=[Pt] <=> CC#[Pt] + C#CC=C[Pt],-0.00012904010862102195,-0.0006325063317971052,-0.00012854703032822858,-0.0006320132560000875,-0.00022610851568475893,-0.0007295742501582033,-0.0005034668728531422,-0.0001231893690179397,-0.0006266556216639295,-4.3087308680677885e-11,-4.315227258370187e-11,0.0,-0.0010682504667110715,-0.25325299100515236,0.0
217,C#CC#C.[Pt] + O=[Pt] <=> C#CC#CO[Pt] + [Pt],-1.705871220519229e-05,-0.00027973703582255684,-1.6908130568751074e-05,-0.0002795864545909467,-4.670252249667179e-05,-0.00030938076825764825,-0.00026267836843034073,-1.1917979765073532e-05,-0.0002745963168854875,-1.7897555283116105e-11,-1.797876016189611e-11,0.050025012506243166,-0.0003956345880001971,-0.24015369836695485,0.0
218,C#C.[Pt] + C#CC#[Pt] <=> C#CC(=[Pt])C#C + [Pt],-0.00011277791750738822,-0.0005264958812271262,-0.00011239564546146325,-0.0005261136107693956,-0.0001880327778863774,-0.0006017504302621881,-0.0004137184302992308,-0.0001071510888642533,-0.0005208690758600957,-3.511298958448005e-11,-3.512923056023603e-11,0.0,-0.0008391012864075899,-0.23906209064710507,0.0
219,C#CC(=[Pt])C#C + O=[Pt] <=> C#CO[Pt] + C#CC#[Pt],-0.0004001564060781246,-0.001144408805166147,-0.0003992139817232891,-0.0011434663878496626,-0.0005856840026146032,-0.001329935020919529,-0.0007442553772759436,-0.00039336052441571126,-0.001137612974083583,-7.906106998022614e-11,-7.909355193173807e-11,0.0,-0.0020319377152222145,-0.25325299100515236,0.0
220,C#CC.[Pt] + C#CC#[Pt] <=> C#CC(=[Pt])C#C + C[Pt],-5.965404527062215e-05,-0.000499640049939543,-5.929487449996836e-05,-0.0004992808807661407,-0.00013036114231167208,-0.0005703468359017888,-0.0004399862671438833,-5.4074319466540133e-05,-0.0004940603486903595,-3.4089808111851816e-11,-3.4138531039119804e-11,0.0,-0.0007901568013025291,-0.249978167845603,0.0
221,C#CC(=[Pt])C#C + C=[Pt] <=> C#CC[Pt] + C#CC#[Pt],-0.0002518364603840168,-0.0005659552182423712,-0.00025141588616876836,-0.000565534645363647,-0.00033463156489231495,-0.000648750062668542,-0.0003141195489305978,-0.0002461283760030502,-0.0005602471517939758,-3.5389086172332116e-11,-3.5470291051112105e-11,0.050025012506243166,-0.0008835962728747112,-0.20085582045236225,0.0
222,C#CC(=[Pt])C#C + C#[Pt] <=> C#CC=[Pt] + C#CC#[Pt],-0.0003497218680843028,-0.0010337777269676732,-0.0003488552783511762,-0.0010329111431582661,-0.0005203205038516915,-0.001204375195728805,-0.0006840582511823815,-0.0003430748193071765,-0.0010271307236607635,-7.160646210822043e-11,-7.168766698700038e-11,0.050025012506243166,-0.0018179909886403953,-0.2565278141647018,0.0
223,C#CC(=[Pt])C#C + C~[Pt] <=> 2 C#CC#[Pt],6.917769461640809e-05,-0.00033906855208928844,6.942629920971444e-05,-0.0003388199485173919,2.0236883360835395e-05,-0.00038800916354438754,-0.00040824596428925387,7.258082871015879e-05,-0.00033566543188759564,-2.2347582640261126e-11,-2.2428787519041127e-11,0.050025012506243166,-0.0005624907872409362,-0.15391668849882106,0.0
224,C#CC#[Pt] + C#CO.[Pt] <=> C#CC(=[Pt])C#C + O[Pt],-8.467673389304514e-05,-0.0005728202885777604,-8.425271859573673e-05,-0.0005723962753631336,-0.00016814925644358328,-0.0006562924036805982,-0.0004881439680284436,-7.89573193548288e-05,-0.0005671009019646281,-3.6948219844908474e-11,-3.701318374793246e-11,0.0,-0.0009584961667632252,-0.2521613832853026,0.0
225,C#C.[Pt] + C#CC(=[Pt])C#C <=> C#CC#[Pt] + C#CC=C[Pt],-0.0002867433590038489,-0.0009313980064030925,-0.0002859726591253305,-0.0009306273115093015,-0.000438464921768087,-0.0010831185910961899,-0.0006446564959073106,-0.0002803027283653411,-0.000924957417281715,-6.273888934544239e-11,-6.282009422422236e-11,0.050025012506243166,-0.0016396402512278865,-0.249978167845603,0.0
226,CC#[Pt] + C#CC(=[Pt])C#C <=> C#CC#[Pt] + C#CC(C)=[Pt],-0.00026187417436179306,-0.0008704108009949605,-0.0002611650940839324,-0.0008697017250474682,-0.0004014651762520034,-0.0010100009534454008,-0.0006085382202479365,-0.0002559725992480311,-0.0008645092618027491,-5.898722394580553e-11,-5.90521878488295e-11,0.0,-0.0015272904104060815,-0.24124530608680464,0.0
227,[Pt] + C#CC#CO.[Pt] <=> C#CC#C.[Pt] + O[Pt],-0.000192904519339613,-0.0006602522149937393,-0.00019239275309929543,-0.0006597404511592612,-0.00029365187229501223,-0.0007609990971206943,-0.00046734859719376804,-0.00018735644791802804,-0.000654704169513475,-4.550721406832244e-11,-4.557217797134642e-11,0.0,-0.0011527909409854429,-0.24342852152650424,0.0
228,C#CC#CO.[Pt] + [Pt] <=> C#CC#CO[Pt] + [Pt],0.00013265787155138632,-0.00013768230792910816,0.00013267191671422314,-0.00013766826280980002,0.00012989291231998938,-0.00014044725969503203,-0.0002703398208507822,0.0001375117553156509,-0.00013282843728634928,-8.575235199169966e-12,-8.65644007794998e-12,0.050025012506243166,-0.00011828250570163332,-0.2477949524059034,0.0
229,C[Pt] + C#CC#CO.[Pt] <=> C#CC#CO[Pt] + C.[Pt],-5.1382590550071874e-05,-0.0002866985080226695,-5.1229083191721524e-05,-0.00028654500103300455,-8.160236459412485e-05,-0.0003169182109554538,-0.000235316038380456,-4.623429280198417e-05,-0.0002815502223863223,-1.9895195301104563e-11,-1.9976400179884565e-11,0.050025012506243166,-0.0004360508673514708,-0.2281460134486071,0.0
230,C#[Pt] + C#CC#CO.[Pt] <=> C#CC#CO[Pt] + C=[Pt],-0.00026759288188457755,-0.0004405223450038191,-0.00026729392602014017,-0.00044022338967521923,-0.0003264459472553845,-0.0004993753086091125,-0.00017292992587642934,-0.0002621411938904991,-0.0004350706664520035,-2.9802190512266834e-11,-2.988339539104683e-11,0.050025012506243166,-0.0006963465381863236,-0.20085582045236225,0.0
231,C=[Pt] + C#CC#CO.[Pt] <=> C#CC#CO[Pt] + C[Pt],0.00013600057523770493,-0.0002996083115241722,0.0001361756259077156,-0.0002994332616342444,0.00010153974100979913,-0.00033406899565956703,-0.0004356082943391386,0.00014119192702359348,-0.0002944169823697793,-1.9505411882960474e-11,-1.958661676174048e-11,0.0,-0.0003429821873452438,-0.24561173696620384,0.0
232,C~[Pt] + C#CC#CO.[Pt] <=> C#CC#CO[Pt] + C#[Pt],-4.3562851912346806e-05,-0.000369721683957716,-4.32753672841682e-05,-0.0003694342002906091,-0.00010015766610137333,-0.00042631631357238604,-0.0003261589741395996,-4.059571879509191e-05,-0.00036675456052632236,-2.4832451930929695e-11,-2.4913656809709694e-11,0.050025012506243166,-0.0006418401797673897,-0.12662649550257618,0.0
233,[Pt] + C#CC#CO.[Pt] <=> C#CC#CO[Pt] + [H][H].[Pt],-0.00036435842660093655,-0.0010440362285086735,-0.0003634804854247294,-0.0010431582932948805,-0.0005371917304633326,-0.0012168683576656112,-0.0006796802783776368,-0.0003576803636808201,-0.0010373582109721089,-7.095682307798027e-11,-7.102178698100423e-11,0.0,-0.0018702725977293936,-0.2510697755654528,0.0
234,O=[Pt] + C#CC#CO.[Pt] <=> C#CC#CO[Pt] + O[Pt],-0.0002091637294626267,-0.0008932205498391453,-0.00020842810667145748,-0.0008924849320926593,-0.00035397994299462903,-0.0010380357727465556,-0.0006840582511823815,-0.00020279294573472776,-0.0008868498097024932,-6.226790104851828e-11,-6.234910592729825e-11,0.050025012506243166,-0.001568448272889265,-0.2521613832853026,0.0
235,O=[Pt] + C#CC#CO.[Pt] <=> C#CC#CO[Pt] + O[Pt],-1.2803173376862135e-05,-0.0003893087866032558,-1.2541627825316697e-05,-0.0003890472420495884,-6.429156849945312e-05,-0.00044079698786861463,-0.0003765056614346244,-7.428971010999659e-06,-0.0003839346044834329,-2.6440308530774064e-11,-2.6521513409554063e-11,0.050025012506243166,-0.000544692792645315,-0.23906209064710507,0.0
236,O[Pt] + C#CC#CO.[Pt] <=> C#CC#CO[Pt] + O.[Pt],-0.00010649507558415942,-0.0004195197979580426,-0.00010620987911278097,-0.00041923460238479243,-0.00016263943870051847,-0.00047566398533181514,-0.0003130250557253655,-0.00010106776622379879,-0.00041409250559204655,-2.4751247052149677e-11,-2.4832451930929676e-11,0.050025012506243166,-0.0007586395192271345,-0.15719151165837045,0.0
237,O=C=[Pt] + C#CC#CO.[Pt] <=> C#CC#CO[Pt] + O=C[Pt],-0.0002512797978885912,-0.0007832021573757057,-0.00025064405092510057,-0.0007825664138186909,-0.00037643425186879777,-0.0009083559456397887,-0.0005319236961082592,-0.0002451108349978883,-0.0007770332273116363,-5.294558096457214e-11,-5.301054486759612e-11,0.0,-0.0013608050027093658,-0.23797048292725526,0.0
238,C=O.[Pt] + C#CC#CO.[Pt] <=> C#CC#CO[Pt] + CO[Pt],0.00019429626798271084,-0.00021504498484494782,0.00019438585091078857,-0.00021495540229520368,0.00017666078793440905,-0.00023268039270858107,-0.0004093404574944861,0.00019931362348544614,-0.00021002764989160294,-1.1449887907982626e-11,-1.1531092786762635e-11,0.050025012506243166,-0.00022432889009958698,-0.23797048292725526,0.0
239,O=C[Pt] + C#CC#CO.[Pt] <=> C#CC#CO[Pt] + C=O.[Pt],0.00012562674225438935,-0.00030560412101860763,0.00012580960891986592,-0.0003054212551573221,8.962723577067263e-05,-0.0003416034722768921,-0.0004312303215343939,0.00013083649679491375,-0.0003003943889556663,-2.0983340676756814e-11,-2.1064545555536816e-11,0.050025012506243166,-0.0004746131889606956,-0.20085582045236225,0.0
240,C#C.[Pt] + C#CC#CO.[Pt] <=> C=C[Pt] + C#CC#CO[Pt],-0.00032763526664170243,-0.0010215416831544245,-0.0003267743163828498,-0.001020680738873266,-0.0004971237033796879,-0.0011910289437915306,-0.0006939086899971032,-0.00032099828685545,-0.0010149047494238152,-6.93002435508679e-11,-6.938144842964787e-11,0.050025012506243166,-0.0017590351315615903,-0.18993974325386428,0.0
241,C#CC[Pt] + C#CC#CO.[Pt] <=> C#CC.[Pt] + C#CC#CO[Pt],-0.00026337434978702885,-0.0007132098709847228,-0.00026279444076646006,-0.0007126299645838437,-0.0003775364319534189,-0.0008273714396260066,-0.00044983670595860495,-0.00025901703219285976,-0.0007088525730042398,-4.721251652270283e-11,-4.7277480425726807e-11,0.0,-0.0012629160324992442,-0.16810758885686838,0.0
242,C#CC=[Pt] + C#CC#CO.[Pt] <=> C#CC[Pt] + C#CC#CO[Pt],-0.00030899158134089626,-0.0010193154745197818,-0.0003081491759973375,-0.001018473075165822,-0.00047482922870393374,-0.0011851519439048414,-0.0007103260880270341,-0.00030240314003923793,-0.0010127270800293052,-6.908911086603985e-11,-6.917031574481982e-11,0.050025012506243166,-0.0018202157379483992,-0.21177189765086019,0.0
243,C#CC#[Pt] + C#CC#CO.[Pt] <=> C#CC=[Pt] + C#CC#CO[Pt],-6.016388215513058e-05,-0.0004695040933713245,-5.982877988736698e-05,-0.0004691689924786967,-0.00012613280295262902,-0.0005354727441491378,-0.0004093404574944861,-5.463854500777493e-05,-0.00046397877885196375,-3.1751107602987285e-11,-3.162117979693923e-11,0.0,-0.000767538516524945,-0.2521613832853026,0.0
244,C#CC#CO[Pt] + C#CO.[Pt] <=> C#CO[Pt] + C#CC#CO.[Pt],-5.397948876181321e-05,-0.0005355562376193253,-5.35889627195895e-05,-0.0005351657134773219,-0.00013085924831397703,-0.0006124356269485457,-0.0004815770088132344,-4.832604588921267e-05,-0.0005299028219717081,-3.5307881293552095e-11,-3.538908617233209e-11,0.050025012506243166,-0.0008954616026124358,-0.2510697755654528,0.0
245,C#CC#C.[Pt] + C#CC#CO.[Pt] <=> C#CC=C[Pt] + C#CC#CO[Pt],-0.00032763526664170243,-0.0010215416831544245,-0.0003267743163828498,-0.001020680738873266,-0.0004971237033796879,-0.0011910289437915306,-0.0006939086899971032,-0.00032099828685545,-0.0010149047494238152,-6.93002435508679e-11,-6.938144842964787e-11,0.050025012506243166,-0.0017590351315615903,-0.18993974325386428,0.0
246,O=[Pt] + C#CC#CO.[Pt] <=> C#CC#CO[Pt] + O[Pt],8.935920888772005e-05,-0.00028167431809178993,8.951250894977793e-05,-0.0002815210186054686,5.9180244346663995e-05,-0.0003118531706606554,-0.0003710331954246475,9.450464224088356e-05,-0.000276528903831642,-1.9813990422324545e-11,-1.9895195301104547e-11,0.0,-0.00035039801842309733,-0.2543445987250022,0.0
247,O=[Pt] + C#CC#CO.[Pt] <=> C#CC#CO[Pt] + O[Pt],-0.00032249707076975435,-0.000752631511916102,-0.00032189533898301456,-0.0007520297827280166,-0.000440955227873693,-0.0008710891594925863,-0.00043013582832916166,-0.00031640562157318503,-0.0007465400889390697,-5.200360437072393e-11,-5.2084809249503903e-11,0.050025012506243166,-0.001245118037903623,-0.22705440572875732,0.0
248,C#C.[Pt] + C#CC#C.[Pt] <=> C#CC=C([Pt])C#C + [Pt],2.488342715279602e-06,-0.000388245740063572,2.7369707638243695e-06,-0.0003879971129993497,-4.645708579119585e-05,-0.0004371909773415916,-0.0003907340730540908,7.83120651754863e-06,-0.0003829028971473307,-2.6001802185361964e-11,-2.6083007064141962e-11,0.050025012506243166,-0.0005602660379110006,-0.2543445987250022,0.0
249,C#CO[Pt] + C#CC#C.[Pt] <=> C#CC=C([Pt])C#C + O=[Pt],-0.00012306894336727624,-0.0009143865544712278,-0.0001223222530491725,-0.0009136398700661482,-0.0002700639339758965,-0.0010613803818863674,-0.000791318584971456,-0.00011666874280847928,-0.0009079864045646925,-3.179983053025529e-11,-3.188103540903529e-11,0.050025012506243166,-0.0016355615441339705,-0.07422932494978604,0.0
250,C#CC.[Pt] + C#CC#C.[Pt] <=> C#CC=C([Pt])C#C + C[Pt],-0.00030791574678587454,-0.0009602316865161058,-0.00030713101507412016,-0.0009594469599285414,-0.00046239964451112996,-0.0011147145765244223,-0.0006523179483277521,-0.0003014492958037293,-0.0009537652777238351,-6.472028838767485e-11,-6.480149326645482e-11,0.050025012506243166,-0.0016904386940969278,-0.24233691380665445,0.0
251,C#CC[Pt] + C#CC#C.[Pt] <=> C#CC=C([Pt])C#C + C=[Pt],-1.2522944239722617e-05,-0.0003310204260891096,-1.2328355888213816e-05,-0.00033082583835485616,-5.0830006726729545e-05,-0.0003693273665656656,-0.0003184975217353425,-7.290556188921428e-06,-0.00032578805470155083,-2.0918376773732796e-11,-2.090213579797678e-11,0.0,-0.0004542196534911154,-0.2521613832853026,0.0
252,C#CC=[Pt] + C#CC#C.[Pt] <=> C#CC=C([Pt])C#C + C#[Pt],0.0003622222487824138,-0.0008920715039088542,0.00036294820870298413,-0.0008913455531179983,0.00021930828786951586,-0.0010349836722784059,-0.0012542892093766636,0.0003685757328527911,-0.0008857180995267305,-4.029386085064524e-11,-4.037506572942523e-11,0.050025012506243166,-0.0023170764201426554,1.366692865251943,0.0
253,C#CC#[Pt] + C#CC#C.[Pt] <=> C#CC=C([Pt])C#C + C~[Pt],-0.00028773170067288007,-0.0007156773112415026,-0.000287178116760493,-0.0007151237297300337,-0.00039671136722673985,-0.0008246565114436747,-0.00042794684191869715,-0.0002817500592335062,-0.0007096956954229849,-4.461396040174223e-11,-4.469516528052222e-11,0.0,-0.0012692194889011642,-0.08623700986813379,0.0
254,C#CC#C.[Pt] + C#CO.[Pt] <=> C#CC=C([Pt])C#C + O[Pt],-0.00032763526664170243,-0.0010215416831544245,-0.0003267743163828498,-0.001020680738873266,-0.0004971237033796879,-0.0011910289437915306,-0.0006939086899971032,-0.00032099828685545,-0.0010149047494238152,-6.93002435508679e-11,-6.938144842964787e-11,0.050025012506243166,-0.0017590351315615903,-0.18993974325386428,0.0
255,C#CC#C.[Pt] + C#CC(C)=[Pt] <=> CC#[Pt] + C#CC=C([Pt])C#C,-5.0164376103829907e-05,-0.0004069689809222895,-4.989593554799394e-05,-0.0004067005413278783,-0.0001030101364042308,-0.00045981455265432894,-0.0003568047838051811,-4.4778408488024063e-05,-0.0004015830325275083,-2.450763241580962e-11,-2.4588837294589622e-11,0.050025012506243166,-0.0005932664862063524,-0.24233691380665445,0.0
256,C#CC#C.[Pt] + C#CC(=[Pt])C#C <=> C#CC#[Pt] + C#CC=C([Pt])C#C,-0.00032763526664170243,-0.0010215416831544245,-0.0003267743163828498,-0.001020680738873266,-0.0004971237033796879,-0.0011910289437915306,-0.0006939086899971032,-0.00032099828685545,-0.0010149047494238152,-6.93002435508679e-11,-6.938144842964787e-11,0.050025012506243166,-0.0017590351315615903,-0.18993974325386428,0.0
257,C#C.[Pt] + [Pt] <=> C#C[Pt] + [Pt],4.359346421027917e-05,-0.00021689603137571407,4.368184672752508e-05,-0.00021680764909630176,2.619430028762085e-05,-0.00023429514998723032,-0.00026048938203606053,4.8602975519292854e-05,-0.00021188653312971602,-1.3463768901727088e-11,-1.3528732804751092e-11,0.0,-0.00024657638333314765,-0.2510697755654528,0.0
258,C#C[Pt] + [H][H].[Pt] <=> C#C.[Pt] + [Pt],-0.00016265809898505,-0.0008467152374882984,-0.0001619712427376909,-0.0008460283859528999,-0.00029787403111477384,-0.0009819302446572404,-0.0006840582511823815,-0.0001563837469702378,-0.000840440928397552,-5.848375369736942e-11,-5.856495857614939e-11,0.050025012506243166,-0.0014887280887968565,-0.23906209064710507,0.0
259,C#C.[Pt] + O=C=[Pt] <=> C#C[Pt] + O=C[Pt],-1.3652199344447273e-05,-0.00044050448980226557,-1.334843763898854e-05,-0.00044020072938421624,-7.345135309589355e-05,-0.0005003033882947435,-0.0004268523487296492,-8.184295738715164e-06,-0.00043503660953306603,-3.028941978494695e-11,-3.0370624663726944e-11,0.050025012506243166,-0.0006907846648724504,-0.2521613832853026,0.0
260,C#C.[Pt] + O=[Pt] <=> C#C[Pt] + O[Pt],-0.00017230323349333362,-0.0008169586186313297,-0.00017163529457704893,-0.0008162906840320581,-0.0003037950613921866,-0.0009484495988751828,-0.0006446564959073106,-0.000166273073711759,-0.0008109284977347498,-5.79965244246893e-11,-5.806148832771327e-11,0.0,-0.001447570226313673,-0.15609990393852066,0.0
261,C#C.[Pt] + C=[Pt] <=> C#C[Pt] + C[Pt],2.162617578252907e-05,-0.00019070555128093456,2.169781229678566e-05,-0.00019063391493076673,7.523664585660705e-06,-0.00020480803255680662,-0.0002123316811515002,2.629027586048439e-05,-0.00018604146111143066,-1.3626178659287125e-11,-1.3707383538067133e-11,0.050025012506243166,-0.00021060960259788186,-0.2084970744913108,0.0
262,C#C[Pt] + C.[Pt] <=> C#C.[Pt] + C[Pt],-3.1776359434859194e-06,-0.00022973772151614478,-3.005046370324838e-06,-0.00022956513235051592,-3.71539747961647e-05,-0.0002637139833933219,-0.00022656009277096658,-9.0515080612148e-07,-0.00022746524153034495,-1.5883674289371643e-11,-1.588367428937163e-11,0.0,-0.0003774658018605525,-0.10042791022618112,0.0
263,C#C.[Pt] + C#[Pt] <=> C#C[Pt] + C=[Pt],3.029267737084607e-06,-0.0002848224530586825,3.213158467917164e-06,-0.00028463856287794345,-3.317183835732614e-05,-0.00032102345496041367,-0.00028785171208594527,6.948841564474183e-06,-0.0002809028905308011,-1.8953218707256348e-11,-1.9001941634524343e-11,0.0,-0.0004683097325587756,-0.18993974325386428,0.0
264,C#C.[Pt] + C~[Pt] <=> C#C[Pt] + C#[Pt],-7.895925209446842e-05,-0.0005112837254681457,-7.859262745973701e-05,-0.0005109171024313667,-0.0001511337320485599,-0.0005834578934003381,-0.0004323248147396261,-7.336047363381973e-05,-0.0005056849712198254,-3.305038566346758e-11,-3.3131590542247575e-11,0.050025012506243166,-0.0008138874607560468,-0.21504672081040957,0.0
265,C#C[Pt] + O.[Pt] <=> C#C.[Pt] + O[Pt],-6.798503809935893e-05,-0.0005736405535971541,-6.755526794315779e-05,-0.0005732107856143787,-0.00015259047494135816,-0.0006582455626304698,-0.0005056558592636067,-6.225374781992374e-05,-0.0005679092922985885,-3.9384366208309033e-11,-3.946557108708902e-11,0.050025012506243166,-0.0009596085414172272,-0.2510697755654528,0.0
266,C#C[Pt] + C=O.[Pt] <=> C#C.[Pt] + O=C[Pt],-0.00013602845427955465,-0.0007117310953491159,-0.0001354641213575247,-0.0007111667656775269,-0.00024712419404800844,-0.0008228261955322741,-0.0005757034241880747,-0.00013001486069693865,-0.000705717536390269,-4.826817994684307e-11,-4.834938482562305e-11,0.050025012506243166,-0.0011998814683265233,-0.24888656012575322,0.0
267,C#C.[Pt] + C=O.[Pt] <=> C#C[Pt] + CO[Pt],4.57710604651675e-05,-0.0002563092015019049,4.589823923136203e-05,-0.0002561820231224038,2.0734386171687484e-05,-0.0002813458001646593,-0.0003020801237054116,5.08632420142354e-05,-0.00025121703533899923,-1.6143529901467703e-11,-1.622473478024771e-11,0.0,-0.0003567014748250173,-0.2521613832853026,0.0
268,2 C#C.[Pt] <=> C=C[Pt] + C#C[Pt],9.633719429088843e-05,-0.00026265692174460827,9.647730860331176e-05,-0.00026251680796072254,6.875400345188354e-05,-0.0002902400135764276,-0.00035899377019946133,0.00010145676610934492,-0.0002575373683214105,-1.6874373810487872e-11,-1.6647000149903805e-11,0.0,-0.00034928564374716377,-0.2510697755654528,0.0
269,C#CO[Pt] + [Pt] <=> C#C[Pt] + O=[Pt],-0.0002145399783538187,-0.0007935256399771454,-0.00021383871336281342,-0.0007928243790559007,-0.0003525924451758645,-0.0009315773075129482,-0.0005789869037875873,-0.00021088926459326518,-0.0007898749473592272,-5.3903798534176364e-11,-5.398500341295634e-11,0.050025012506243166,-0.001482424632373005,-0.11789363374377784,0.0
270,C#C[Pt] + C#CO.[Pt] <=> C#C.[Pt] + C#CO[Pt],-0.00032763526664170243,-0.0010215416831544245,-0.0003267743163828498,-0.001020680738873266,-0.0004971237033796879,-0.0011910289437915306,-0.0006939086899971032,-0.00032099828685545,-0.0010149047494238152,-6.93002435508679e-11,-6.938144842964787e-11,0.050025012506243166,-0.0017590351315615903,-0.18993974325386428,0.0
271,C#CC.[Pt] + [Pt] <=> C#C[Pt] + C[Pt],-0.00035110308471494346,-0.000985906912988589,-0.00035028540101255653,-0.0009850892344715667,-0.000512073979716397,-0.0011468767861424112,-0.000634806057092589,-0.00034456831365925055,-0.0009793721834216679,-6.702650694502737e-11,-6.634438596327517e-11,0.0,-0.0017664509626394438,-0.2510697755654528,0.0
272,C#CC.[Pt] + [Pt] <=> C#C[Pt] + C[Pt],-9.831442379948665e-05,-0.0005601901008882924,-9.790140424362053e-05,-0.0005597770832583682,-0.00017962230345937628,-0.0006414976050236411,-0.0004618761311837911,-9.262479114851358e-05,-0.0005545004945262651,-3.819877497812076e-11,-3.758161789939259e-11,0.0,-0.000929203634017766,-0.25325299100515236,0.0
273,C#C[Pt] + C.[Pt] <=> C#CC.[Pt] + [Pt],-0.00033672348614771506,-0.0011028661476640202,-0.00033580579386063375,-0.0011019484624322305,-0.0005173822751111028,-0.0012835235525408707,-0.0007661452413158515,-0.00032997414547572746,-0.0010961168587212417,-7.664116459258157e-11,-7.672236947136154e-11,0.050025012506243166,-0.0019674199848514684,-0.2543445987250022,0.0
274,C#CC.[Pt] + O=[Pt] <=> C#C[Pt] + CO[Pt],7.917407004510614e-06,-0.00015297310638905473,8.0254359338109e-06,-0.00015286507764074281,-1.3349390240225995e-05,-0.00017423986942806472,-0.00016089050065124319,9.869204235775012e-06,-0.00015102131229035229,-1.0978899611058518e-11,-1.1060104489838528e-11,0.050025012506243166,-0.00026400358636281373,-0.09060344074753297,0.0
275,C#CC.[Pt] + C~[Pt] <=> CC#[Pt] + C#C[Pt],-0.00012221785476213966,-0.0006081722424707471,-0.00012175304329717491,-0.0006077074332692792,-0.0002137215943330187,-0.0006996755373681272,-0.0004859549816341634,-0.0001164095433971472,-0.0006023639593440463,-3.930316132952901e-11,-3.9303161329528986e-11,0.0,-0.0010319128944317822,-0.2292376211684569,0.0
276,C#CC[Pt] + [Pt] <=> C#C[Pt] + C=[Pt],0.001377331745136606,0.004582051979430402,0.0013744738615142423,0.004579194004217077,0.0019399405885409025,0.005144678852605288,0.003204676095274185,0.0013009195303775728,0.00450563731589663,3.0114017246782107e-10,3.0381993346756143e-10,0.0,0.006229298105002213,3.326128722382325,0.0
277,C#C[Pt] + C#CC.[Pt] <=> C#C.[Pt] + C#CC[Pt],-0.00014072017671934537,-0.00047563462518575,-0.00014038274675047565,-0.0004752971963585965,-0.0002071473349271403,-0.0005420615609317399,-0.0003349149197652733,-0.00013519291589430567,-0.0004701073828846577,-3.0240696857678934e-11,-3.020821490616691e-11,0.0,-0.000767538516524945,-0.2303292288883067,0.0
278,C#CC=[Pt] + [Pt] <=> C#C[Pt] + C#[Pt],2.0219919736843608e-05,-0.0004438452916921022,2.053011882418501e-05,-0.00044353509404953053,-4.0846510384702446e-05,-0.0005049114384141744,-0.0004640651175942556,2.5701716852548655e-05,-0.0004383635200216489,-2.976970856075483e-11,-2.985091343953482e-11,0.050025012506243166,-0.0006703911294028704,-0.24233691380665445,0.0
279,C#C.[Pt] + C#CC=[Pt] <=> C#C[Pt] + C#CC[Pt],-0.0004001860094296315,-0.001021855660247235,-0.0003993252546785093,-0.0010209949108575132,-0.0005696359577584752,-0.001191304555166181,-0.0006216721386621706,-0.000393548830460984,-0.0010152185225393326,-7.077817234466423e-11,-7.08593772234442e-11,0.050025012506243166,-0.001869531014619415,-0.24670334468605362,0.0
280,C#CC#[Pt] + [Pt] <=> C#C[Pt] + C~[Pt],-0.00038000049499818526,-0.001014804139814339,-0.00037914086004596303,-0.0010139445103374543,-0.0005492299976451821,-0.0011840325681913857,-0.000634806057092589,-0.0003733601090054849,-0.0010081637959829107,-6.798472451463159e-11,-6.806592939341156e-11,0.050025012506243166,-0.001793518746076899,-0.24888656012575322,0.0
281,C#C.[Pt] + C#CC#[Pt] <=> C#C[Pt] + C#CC=[Pt],-0.0001317193763872876,-0.0005815554898253268,-0.0001312757223739396,-0.0005811118378157746,-0.00021905801773989335,-0.0006688937383174157,-0.00044983670595860495,-0.0001259592869045398,-0.0005757954262487192,-3.941684815982104e-11,-3.949805303860103e-11,0.050025012506243166,-0.0009254957184678734,-0.21395511309055978,0.0
282,C#CC.[Pt] + C#CC#[Pt] <=> C#C[Pt] + C#CC(C)=[Pt],0.00015367600703213838,-0.0001429321064678396,0.000153765121795111,-0.00014284299198518395,0.00013613269220848825,-0.00016047536928078413,-0.0002966076576954347,0.00015578764298011062,-0.00014082047679162107,-8.607717150681974e-12,-8.688922029461987e-12,0.050025012506243166,-0.00023619421981538002,-0.10042791022618112,0.0
283,C#CO.[Pt] + [Pt] <=> C#C[Pt] + O[Pt],-0.00011145312493316503,-0.0005361160139548886,-0.00011105646045229732,-0.0005357193511670048,-0.0001895413100795255,-0.0006142038674871484,-0.00042466336231918473,-0.00010578922613440481,-0.0005304521392044875,-3.587631544501223e-11,-3.595752032379222e-11,0.0,-0.0008902705208425863,-0.24342852152650424,0.0
284,C#CO.[Pt] + [Pt] <=> C#C[Pt] + O[Pt],0.00010121620777830591,-7.061939881680404e-05,0.00010128602264866293,-7.054958407166071e-05,8.747230923233363e-05,-8.436327375847999e-05,-0.00017183543267119709,0.00010098486365485802,-7.085074254159398e-05,-4.076484914756935e-12,-4.1576897935369504e-12,0.050025012506243166,-0.00014794583001304752,0.021832154396995894,0.0
285,C#C[Pt] + O.[Pt] <=> [Pt] + C#CO.[Pt],6.618246393502987e-07,-0.0004973325855008271,1.0219400498132042e-06,-0.000496972471889325,-7.023123482057883e-05,-0.0005682252919254527,-0.0004979944068431653,6.2407313622268425e-06,-0.0004917537065586812,-3.22545778514234e-11,-3.233578273020339e-11,0.050025012506243166,-0.0008142582523000703,-0.249978167845603,0.0
286,C#C.[Pt] + C#C[Pt] <=> C#CC=C[Pt] + [Pt],-0.00010119902813618189,-0.00047332634017623255,-0.00010086726574795585,-0.0004729945790201359,-0.00016651045434351046,-0.0005386375233492119,-0.0003721276886298797,-9.566766715829141e-05,-0.00046779499978595915,-3.030566076070295e-11,-3.0386865639482944e-11,0.050025012506243166,-0.0007286054033716967,-0.24452012924635402,0.0
287,C#CC#C.[Pt] + [Pt] <=> 2 C#C[Pt],-0.00017485556711023152,-0.0006225025039343575,-0.00017438155108020573,-0.0006220284900310359,-0.0002681713373433197,-0.0007158178564450352,-0.00044764771956432476,-0.0001690214070104578,-0.0006166683699549854,-4.089477695361738e-11,-4.0975981832397366e-11,0.050025012506243166,-0.0010374747677456553,-0.2510697755654528,0.0
288,C#C.[Pt] + C#C[Pt] <=> C#CC#C.[Pt] + [Pt],8.72784224441439e-05,-0.00022465241232044438,8.738284119007281e-05,-0.00022454799390924168,6.672233431320475e-05,-0.0002452084363410971,-0.00031193056252013326,9.232112267608184e-05,-0.00021960972782966544,-1.4714324034939374e-11,-1.4503191350111316e-11,0.0,-0.0002806892062825013,-0.2336040520478561,0.0
289,C#CC#C.[Pt] + O=[Pt] <=> C#CO[Pt] + C#C[Pt],8.441143955030575e-06,-0.0003428912034967882,8.648116711812651e-06,-0.0003426842314614334,-3.230393896710319e-05,-0.0003836361432779389,-0.00035133231779520415,1.3703983716616241e-05,-0.0003376283822334819,-2.2607438252357186e-11,-2.2688643131137185e-11,0.050025012506243166,-0.0004823998116045042,-0.2521613832853026,0.0
290,C#CC#C.[Pt] + C=[Pt] <=> C#C[Pt] + C#CC[Pt],-0.00011841872801378611,-0.0005726328689159222,-0.00011799026544716055,-0.0005722044083054454,-0.00020276674882240881,-0.0006569805066123213,-0.0004542146787795339,-0.0001126909804861647,-0.0005669051474044976,-3.709438862671251e-11,-3.71755935054925e-11,0.050025012506243166,-0.0009529342934493522,-0.2281460134486071,0.0
291,C#C[Pt] + C#CC.[Pt] <=> C#CC#C.[Pt] + C[Pt],-0.00046502695546054413,-0.0008480977947183617,-0.00046433424689654775,-0.0008474050888050486,-0.000601394986938134,-0.0009844653038147229,-0.0003830726206498336,-0.00045874711571615255,-0.0008418179790327796,-5.6989583927817073e-11,-5.707078880659704e-11,0.050025012506243166,-0.0014434915192197567,-0.09715308706663174,0.0
292,C#CC#C.[Pt] + C#[Pt] <=> C#C[Pt] + C#CC=[Pt],-0.0004505587192743604,-0.0009726296243217702,-0.0004497567829823921,-0.0009718276922230911,-0.0006084295458070534,-0.001130499626661685,-0.0005220732572935376,-0.00044404426417655633,-0.0009661152032452899,-6.592212059361912e-11,-6.597084352088708e-11,0.0,-0.0017264054748321936,-0.24342852152650424,0.0
293,C#CC#C.[Pt] + C~[Pt] <=> C#C[Pt] + C#CC#[Pt],-0.00032986862108378605,-0.0008705464792673617,-0.0003291563080869921,-0.0008698341701364866,-0.0004700960209785483,-0.0010107731210037487,-0.0005406796417177486,-0.0003235324690393877,-0.0008642103614822142,-5.828886198829737e-11,-5.824013906102931e-11,0.0,-0.0015180206215423158,-0.2521613832853026,0.0
294,C#C[Pt] + C#CO.[Pt] <=> C#CC#C.[Pt] + O[Pt],-0.0001515821468103217,-0.00046351223649687137,-0.0001512530466386417,-0.0004631831373633008,-0.0002163694836857387,-0.0005282993712946481,-0.00031193056252013326,-0.000146066371213404,-0.0004579964781183625,-3.1458770039379214e-11,-3.153997491815921e-11,0.050025012506243166,-0.0007363920259935737,-0.25325299100515236,0.0
295,CC#[Pt] + C#CC#C.[Pt] <=> C#C[Pt] + C#CC(C)=[Pt],-8.358162797601751e-06,-0.00034217856145923913,-8.127742102934867e-06,-0.0003419481415273689,-5.3719253576738436e-05,-0.00038753950081099446,-0.00033382042656004106,-3.6397988373873153e-06,-0.00033746021324361736,-2.2526233373577165e-11,-2.2607438252357167e-11,0.050025012506243166,-0.000542097251771356,-0.2314208366081565,0.0
296,C#C.[Pt] + C#CC#C.[Pt] <=> C#C[Pt] + C#CC=C[Pt],-0.00032763526664170243,-0.0010215416831544245,-0.0003267743163828498,-0.001020680738873266,-0.0004971237033796879,-0.0011910289437915306,-0.0006939086899971032,-0.00032099828685545,-0.0010149047494238152,-6.93002435508679e-11,-6.938144842964787e-11,0.050025012506243166,-0.0017590351315615903,-0.18993974325386428,0.0
297,C#C.[Pt] + C#CC#C.[Pt] <=> C#C[Pt] + C#CC=C[Pt],-0.00032763526664170243,-0.0010215416831544245,-0.0003267743163828498,-0.001020680738873266,-0.0004971237033796879,-0.0011910289437915306,-0.0006939086899971032,-0.00032099828685545,-0.0010149047494238152,-6.93002435508679e-11,-6.938144842964787e-11,0.050025012506243166,-0.0017590351315615903,-0.18993974325386428,0.0
298,C#CC#[Pt] + C#CC#C.[Pt] <=> C#C[Pt] + C#CC(=[Pt])C#C,-0.00032763526664170243,-0.0010215416831544245,-0.0003267743163828498,-0.001020680738873266,-0.0004971237033796879,-0.0011910289437915306,-0.0006939086899971032,-0.00032099828685545,-0.0010149047494238152,-6.93002435508679e-11,-6.938144842964787e-11,0.050025012506243166,-0.0017590351315615903,-0.18993974325386428,0.0
299,2 C#CC#C.[Pt] <=> C#C[Pt] + C#CC=C([Pt])C#C,-0.000519046577458907,-0.0012479752664038084,-0.0005179818041550097,-0.0012469105008822794,-0.0007286600376107923,-0.0014575871986420232,-0.0007289324724512451,-0.0005119682708312591,-0.0012408970113869226,-8.461548368877941e-11,-8.469668856755936e-11,0.050025012506243166,-0.0022336483205222858,-0.2510697755654528,0.0
300,C#CC(C)=[Pt] + [Pt] <=> CC#[Pt] + C#C[Pt],-0.00015758927652276367,-0.0006818506940489036,-0.0001570036086011851,-0.0006812650291906045,-0.0002728850667114038,-0.0007971458797886842,-0.000524262243704002,-0.00015408613545394095,-0.000678347571346893,-4.953497605581136e-11,-4.9616180934591344e-11,0.050025012506243166,-0.0012013646345464802,-0.12116845690332723,0.0
301,C#C[Pt] + C#CC#CO.[Pt] <=> C#C.[Pt] + C#CC#CO[Pt],-0.00032763526664170243,-0.0010215416831544245,-0.0003267743163828498,-0.001020680738873266,-0.0004971237033796879,-0.0011910289437915306,-0.0006939086899971032,-0.00032099828685545,-0.0010149047494238152,-6.93002435508679e-11,-6.938144842964787e-11,0.050025012506243166,-0.0017590351315615903,-0.18993974325386428,0.0
302,C#CC(=[Pt])C#C + [Pt] <=> C#C[Pt] + C#CC#[Pt],-5.2073223290409973e-05,-0.0006190204066422873,-5.1592885661108535e-05,-0.0006185400717428139,-0.00014663347653163768,-0.0007135801237835299,-0.0005669474785785853,-4.6236684451621806e-05,-0.0006131839009034369,-4.193419940200162e-11,-4.20154042807816e-11,0.050025012506243166,-0.0010348792268716962,-0.24670334468605362,0.0
303,C#C[Pt] + C#CO.[Pt] <=> [Pt] + C#CC#CO.[Pt],-0.00025943755243807185,-0.0007749425130998687,-0.00025882534841552935,-0.0007743303122442301,-0.00037995729526305293,-0.0008954616346598963,-0.0005155062980783284,-0.0002533198813102062,-0.0007688248735054629,-5.265324340096408e-11,-5.2734448279744054e-11,0.050025012506243166,-0.0013077818105103889,-0.24561173696620384,0.0
304,C#C[Pt] + C#CC#C.[Pt] <=> C#CC=C([Pt])C#C + [Pt],-4.529261175238983e-05,-0.0005213969389055249,-4.490691432331612e-05,-0.0005210112433393483,-0.00012122179992031995,-0.0005973257655861184,-0.00047610454280325745,-3.965288190009467e-05,-0.0005157572359219154,-3.5372845196576116e-11,-3.5454050075356105e-11,0.050025012506243166,-0.0008524497823652715,-0.2477949524059034,0.0
305,C#CC.[Pt] + [Pt] <=> C#C[Pt] + C[Pt],-0.0002454983563866416,-0.0007413025596381639,-0.0002449048490883938,-0.0007407090552916039,-0.0003623374223783089,-0.0008581410463493907,-0.000495805420448885,-0.00023942800401159273,-0.0007352322373716486,-4.833314384986708e-11,-4.8398107752891064e-11,0.0,-0.001250309119651541,-0.20194742817221203,0.0
306,C#CC.[Pt] + [Pt] <=> C#C[Pt] + C[Pt],0.00024109958179101005,-0.00041450342678449705,0.00024137160357234934,-0.00041423140680168846,0.0001875488142376749,-0.00046805384327289163,-0.0006556014279272645,0.0002464917864575637,-0.0004091112574849925,-2.4686283149125663e-11,-2.4199053876445532e-11,0.0,-0.0006292332669196865,-0.21177189765086019,0.0
307,C#CO.[Pt] + [Pt] <=> C#C[Pt] + O[Pt],-4.38417502195054e-05,-0.00046303246274673903,-4.351621418252897e-05,-0.00046270692807991794,-0.00010792744358980662,-0.0005271178874933665,-0.00041919089630920774,-3.831865159197657e-05,-0.000457509387271962,-3.205968614235135e-11,-3.171862565147525e-11,0.0,-0.0006852227915585775,-0.24888656012575322,0.0
308,C#CO.[Pt] + [Pt] <=> C#C[Pt] + O[Pt],-0.000217729715502157,-0.0007463687809991832,-0.00021712434322787274,-0.0007457634119234085,-0.00033690454616404754,-0.0008655429816521307,-0.0005286402165087467,-0.00021162272951855214,-0.0007402618273135382,-5.036326581936755e-11,-5.044447069814753e-11,0.050025012506243166,-0.0012855343172768284,-0.24670334468605362,0.0
309,C#C.[Pt] + C#CC#C.[Pt] <=> C#C[Pt] + C#CC=C[Pt],-0.00032763526664170243,-0.0010215416831544245,-0.0003267743163828498,-0.001020680738873266,-0.0004971237033796879,-0.0011910289437915306,-0.0006939086899971032,-0.00032099828685545,-0.0010149047494238152,-6.93002435508679e-11,-6.938144842964787e-11,0.050025012506243166,-0.0017590351315615903,-0.18993974325386428,0.0
310,C#C.[Pt] + C#CC#C.[Pt] <=> C#C[Pt] + C#CC=C[Pt],-0.00032763526664170243,-0.0010215416831544245,-0.0003267743163828498,-0.001020680738873266,-0.0004971237033796879,-0.0011910289437915306,-0.0006939086899971032,-0.00032099828685545,-0.0010149047494238152,-6.93002435508679e-11,-6.938144842964787e-11,0.050025012506243166,-0.0017590351315615903,-0.18993974325386428,0.0
311,C#CC=C[Pt] <=> C#CC(=C)[Pt],-0.0002267067444271773,-0.0006546526161578456,-0.00022617523552182812,-0.0006541211095403957,-0.0003313406790680437,-0.0007592861030523375,-0.00042794684191869715,-0.00022207849209912925,-0.0006500243836374083,-4.3314682341261936e-11,-4.3282200389749896e-11,0.0,-0.0011472290676935015,-0.18775652781416471,0.0
312,C#CC#C.[Pt] + [Pt] <=> C#CC(=C)[Pt] + [Pt],-6.262942098846387e-05,-0.0002990398045164428,-6.245824276809768e-05,-0.0002988686266937328,-9.632791685603712e-05,-0.00033273822072145344,-0.00023641053158568822,-5.744220487146711e-05,-0.0002938526006628748,-1.757273576799603e-11,-1.7653940646776035e-11,0.0,-0.0003696791792167439,-0.23906209064710507,0.0
313,C#CC#C.[Pt] + C.[Pt] <=> C#CC(=C)[Pt] + C[Pt],-0.00011065517904890423,-0.00041820742843168897,-0.00011037153551567651,-0.000417923785787487,-0.00016649382753367337,-0.0004740459051910118,-0.00030755258971538855,-0.00010523427438149181,-0.0004127865404435787,-2.8795250015394605e-11,-2.88764548941746e-11,0.050025012506243166,-0.0006522223432632257,-0.23469565976770587,0.0
314,C#CC#C.[Pt] + C=[Pt] <=> C#CC(=C)[Pt] + C#[Pt],-0.0004563097592419019,-0.0006434672427152712,-0.00045580164148708967,-0.0006429591259226971,-0.0005563388656197353,-0.0007434961618953037,-0.0001871583374958957,-0.0004507541093363483,-0.0006379116032094877,-4.146321110507751e-11,-4.1544415983857495e-11,0.050025012506243166,-0.0011101499123042336,-0.20194742817221203,0.0
315,C#CC#C.[Pt] + C[Pt] <=> C#CC(=C)[Pt] + C=[Pt],3.7879963091620175e-05,-0.000455736657933636,3.8262812093340905e-05,-0.0004553538108219808,-3.7488478186650674e-05,-0.0005311047271959841,-0.0004936164340384205,4.107288330899992e-05,-0.00045254375347429567,-3.192975833630332e-11,-3.2010963215083317e-11,0.050025012506243166,-0.0008257527904718398,-0.12662649550257618,0.0
316,C#CC#C.[Pt] + C#[Pt] <=> C#CC(=C)[Pt] + C~[Pt],0.000521200615956666,0.0013563032815913539,0.0005205497595578493,0.0013556524197501924,0.0006493295448911004,0.001484433280514064,0.0008350983130998244,0.0004912205871572858,0.001326323002422944,8.826970323388025e-11,8.818849835510016e-11,0.0,0.0015324814921320678,1.420181643524583,0.0
317,C#CC#C.[Pt] + [H][H].[Pt] <=> C#CC(=C)[Pt] + [Pt],-0.0001151340781443445,-0.000519001604644151,-0.00011476026134549008,-0.00051862778935834,-0.00018872442131397996,-0.0005925916506133906,-0.00040386799148450916,-0.0001095266651585903,-0.0005133942143062482,-3.4528314457263916e-11,-3.460951933604391e-11,0.050025012506243166,-0.0008294607060217324,-0.25325299100515236,0.0
318,C#CC#C.[Pt] + O[Pt] <=> C#CC(=C)[Pt] + O=[Pt],1.2808190498599556e-05,0.00031269936627491523,1.278000298635046e-05,0.0003126711786554479,1.8357243159078604e-05,0.0003182484355555361,0.0002998911373596842,3.7204326306838994e-07,0.00030026318173710106,2.0739726040416757e-11,2.0658521161636722e-11,0.050025012506243166,9.158551378627001e-05,0.6353156929525806,0.0
319,C#CC#C.[Pt] + O.[Pt] <=> C#CC(=C)[Pt] + O[Pt],-0.00019918058820771892,-0.000771599392640714,-0.00019856417226197788,-0.0007709829802379365,-0.0003205294973258587,-0.0008929476071452628,-0.0005724199445885623,-0.00019305569773114196,-0.0007654745372307682,-5.2913099013060135e-11,-5.299430389184011e-11,0.050025012506243166,-0.001332995636161932,-0.249978167845603,0.0
320,C#CC#C.[Pt] + O=C[Pt] <=> C#CC(=C)[Pt] + O=C=[Pt],-0.00014564426841695135,-0.0005046375157653071,-0.00014528430211204025,-0.0005042775507510098,-0.00021650797522033058,-0.0005755009681836722,-0.00035899377019946133,-0.00014006064470624643,-0.000499053912095226,-3.5161712511748066e-11,-3.519419446326005e-11,0.0,-0.0007908983844125076,-0.21504672081040957,0.0
321,C#CC#C.[Pt] + C=O.[Pt] <=> C#CC(=C)[Pt] + O=C[Pt],-0.00032763526664170243,-0.0010215416831544245,-0.0003267743163828498,-0.001020680738873266,-0.0004971237033796879,-0.0011910289437915306,-0.0006939086899971032,-0.00032099828685545,-0.0010149047494238152,-6.93002435508679e-11,-6.938144842964787e-11,0.050025012506243166,-0.0017590351315615903,-0.18993974325386428,0.0
322,C#C.[Pt] + C#CC#C.[Pt] <=> C#C[Pt] + C#CC(=C)[Pt],-0.00032763526664170243,-0.0010215416831544245,-0.0003267743163828498,-0.001020680738873266,-0.0004971237033796879,-0.0011910289437915306,-0.0006939086899971032,-0.00032099828685545,-0.0010149047494238152,-6.93002435508679e-11,-6.938144842964787e-11,0.050025012506243166,-0.0017590351315615903,-0.18993974325386428,0.0
323,C#CC.[Pt] + C#CC#C.[Pt] <=> C#CC[Pt] + C#CC(=C)[Pt],-0.00032763526664170243,-0.0010215416831544245,-0.0003267743163828498,-0.001020680738873266,-0.0004971237033796879,-0.0011910289437915306,-0.0006939086899971032,-0.00032099828685545,-0.0010149047494238152,-6.93002435508679e-11,-6.938144842964787e-11,0.050025012506243166,-0.0017590351315615903,-0.18993974325386428,0.0
324,C#CC[Pt] + C#CC#C.[Pt] <=> C#CC=[Pt] + C#CC(=C)[Pt],-0.00019153134235765939,-0.0004629651365301523,-0.00019120071180737364,-0.00046263450689271445,-0.00025661995153751423,-0.000528053569050205,-0.0002714343140560144,-0.00018600632402502598,-0.00045744013319786434,-3.282301200288353e-11,-3.032190173645893e-11,0.0,-0.0007719880151628844,-0.15173347305912147,0.0
325,C#CC=[Pt] + C#CC#C.[Pt] <=> C#CC#[Pt] + C#CC(=C)[Pt],-0.00022852673894195035,-0.0006827403797101331,-0.00022800376527568026,-0.0006822174084327338,-0.00033148041051099086,-0.0007856935836654202,-0.0004542146787795339,-0.0002226054836335459,-0.0006768191513127564,-4.765102286811493e-11,-4.76835048196269e-11,0.0,-0.001143521152143609,-0.20413064361191163,0.0
326,C#CC#C.[Pt] + C#CO.[Pt] <=> C#CO[Pt] + C#CC(=C)[Pt],-0.00032763526664170243,-0.0010215416831544245,-0.0003267743163828498,-0.001020680738873266,-0.0004971237033796879,-0.0011910289437915306,-0.0006939086899971032,-0.00032099828685545,-0.0010149047494238152,-6.93002435508679e-11,-6.938144842964787e-11,0.050025012506243166,-0.0017590351315615903,-0.18993974325386428,0.0
327,C#CC(=C)[Pt] + [Pt] <=> C#CC(C)=[Pt] + [Pt],-0.00023072051397671217,-0.000772493398913146,-0.0002300945562812733,-0.0007718674446198782,-0.0003539478313911305,-0.0008957200487225426,-0.0005417741349229808,-0.00022457520309848394,-0.0007663481213360313,-5.292933998881614e-11,-5.301054486759612e-11,0.050025012506243166,-0.0012910961905907012,-0.23797048292725526,0.0
328,C#CC#C.[Pt] + C#CC#CO.[Pt] <=> C#CC(=C)[Pt] + C#CC#CO[Pt],-0.00032763526664170243,-0.0010215416831544245,-0.0003267743163828498,-0.001020680738873266,-0.0004971237033796879,-0.0011910289437915306,-0.0006939086899971032,-0.00032099828685545,-0.0010149047494238152,-6.93002435508679e-11,-6.938144842964787e-11,0.050025012506243166,-0.0017590351315615903,-0.18993974325386428,0.0
329,C#CC#CC#C.[Pt] + [Pt] <=> C#CC=C([Pt])C#C + [Pt],-9.381097267390152e-05,-0.0005425527644699686,-9.335478366322489e-05,-0.0005420965775151162,-0.000183617277958956,-0.0006323586667607574,-0.000448742212769557,-8.996011520151064e-05,-0.0005387019242922663,-3.6396026669204346e-11,-3.647723154798434e-11,0.050025012506243166,-0.0009825976177607664,-0.15609990393852066,0.0
330,C#CC#CC#C.[Pt] + [H][H].[Pt] <=> C#CC=C([Pt])C#C + [Pt],-0.00031382781565167004,-0.0009431594317127462,-0.0003130526727942875,-0.0009423842937414042,-0.0004664240306423052,-0.001095754686363679,-0.000629333591082612,-0.0003073645967942166,-0.0009366962535364154,-6.41031313089467e-11,-6.408689033319065e-11,0.0,-0.0016919218603168849,-0.249978167845603,0.0
331,C#CC#CC#C.[Pt] + O=C[Pt] <=> C#CC=C([Pt])C#C + O=C=[Pt],-0.00034029392424923826,-0.0007868456310049035,-0.0003396649831163423,-0.0007862166926979134,-0.00046410856780868974,-0.000910659721676598,-0.0004465532263590925,-0.00033414349607901333,-0.0007806952303217814,-5.7216957588401124e-11,-5.720071661264508e-11,0.0,-0.0012870174834967853,-0.19430617413326348,0.0
332,C#CC#CC#C.[Pt] + O[Pt] <=> C#CC=C([Pt])C#C + O=[Pt],-2.303359793881962e-05,-0.00037436583481142613,-2.279787431076649e-05,-0.00037413011201906397,-6.943863630980063e-05,-0.0004207707101559963,-0.00035133231779520415,-1.7712995765863936e-05,-0.00036904525132979316,-2.5092307543025756e-11,-2.5173512421805754e-11,0.050025012506243166,-0.0005843674889085418,-0.18993974325386428,0.0
333,C#CC#CC#C.[Pt] + C[Pt] <=> C#CC=C([Pt])C#C + C=[Pt],-0.00017149491373825602,-0.0006574490619892586,-0.00017098526537364338,-0.0006569394160922157,-0.00027182533804064735,-0.000757778998725839,-0.0004859549816341634,-0.0001655930140624732,-0.0006515471909883584,-4.6059407244026566e-11,-4.614061212280655e-11,0.050025012506243166,-0.0011201612842560462,-0.2521613832853026,0.0
334,C#CC#CC#C.[Pt] + C.[Pt] <=> C#CC=C([Pt])C#C + C[Pt],-9.229536225888085e-05,-0.000504918918510656,-9.193211508321727e-05,-0.0005045556728604672,-0.0001638049468839643,-0.0005764282080842519,-0.0004126239370939986,-8.669937252720515e-05,-0.0004993229518813572,-3.0971540766699106e-11,-3.074416710611503e-11,0.0,-0.0008201909171798984,-0.20085582045236225,0.0
335,C#CC#CC#C.[Pt] + C=[Pt] <=> C#CC=C([Pt])C#C + C#[Pt],-0.00011248825044679297,-0.0005984426854280238,-0.00011203170729016487,-0.0005979861445039782,-0.0002023642735428306,-0.0006883182717804375,-0.0004859549816341634,-0.00010669942037392479,-0.0005926538835064945,-3.9270679378017005e-11,-3.870224522655685e-11,0.0,-0.000984451575524747,-0.2292376211684569,0.0
336,C#CC#CC#C.[Pt] + C#[Pt] <=> C#CC=C([Pt])C#C + C~[Pt],-0.00020568002462214218,-0.0007956106470513389,-0.00020494952670728736,-0.0007948801534612682,-0.0003494873454654191,-0.000939417119550145,-0.0005899318358075412,-0.00020354392598585154,-0.0007934745610233691,-4.6530395540950674e-11,-4.6611600419730656e-11,0.050025012506243166,-0.0016659664515553633,-0.031656623875644045,0.0
337,C#CC#CC#C.[Pt] + O.[Pt] <=> C#CC=C([Pt])C#C + O[Pt],-0.0003526580860598655,-0.0006580206124681073,-0.0003521359114016343,-0.0006574984394205899,-0.00045545446331753884,-0.0007608166758313167,-0.0003053636033049241,-0.00034673955091220945,-0.0006521020954035156,-4.5848274559198516e-11,-4.59132384622225e-11,0.0,-0.001079374213316886,-0.17574884289581696,0.0
338,C#CC#CC#C.[Pt] + C=O.[Pt] <=> C#CC=C([Pt])C#C + O=C[Pt],-0.0003963879574740554,-0.001022435587370982,-0.00039552399496336197,-0.001021571630272274,-0.0005664693934202568,-0.0011925159585125088,-0.0006260501114830996,-0.00039015997849156425,-0.0010162076473741745,-6.882925525394379e-11,-6.891046013272376e-11,0.050025012506243166,-0.0018142830730905027,-0.23797048292725526,0.0
339,C#CC#CC#C.[Pt] + C#CO.[Pt] <=> C#CO[Pt] + C#CC=C([Pt])C#C,-0.00032763526664170243,-0.0010215416831544245,-0.0003267743163828498,-0.001020680738873266,-0.0004971237033796879,-0.0011910289437915306,-0.0006939086899971032,-0.00032099828685545,-0.0010149047494238152,-6.93002435508679e-11,-6.938144842964787e-11,0.050025012506243166,-0.0017590351315615903,-0.18993974325386428,0.0
340,C#CC.[Pt] + C#CC#CC#C.[Pt] <=> C#CC[Pt] + C#CC=C([Pt])C#C,-0.00032763526664170243,-0.0010215416831544245,-0.0003267743163828498,-0.001020680738873266,-0.0004971237033796879,-0.0011910289437915306,-0.0006939086899971032,-0.00032099828685545,-0.0010149047494238152,-6.93002435508679e-11,-6.938144842964787e-11,0.050025012506243166,-0.0017590351315615903,-0.18993974325386428,0.0
341,C#CC[Pt] + C#CC#CC#C.[Pt] <=> C#CC=[Pt] + C#CC=C([Pt])C#C,-0.0003070587929451073,-0.0008564926932016445,-0.00030636390190098286,-0.0008557978059670973,-0.0004438564719818108,-0.0009932896206298427,-0.0005494355873434223,-0.0003007553449512902,-0.0008501892798372653,-5.913339272760956e-11,-5.921459760638953e-11,0.050025012506243166,-0.0014816830492630265,-0.22705440572875732,0.0
342,C#CC=[Pt] + C#CC#CC#C.[Pt] <=> C#CC#[Pt] + C#CC=C([Pt])C#C,-7.290356372180356e-05,-0.00025787277996993236,-7.277479812561152e-05,-0.0002577440146136392,-9.825262251459905e-05,-0.00028322179187823546,-0.00018496935110161547,-6.78106733556513e-05,-0.00025277989903498135,-1.822237479823618e-11,-1.8189892846724157e-11,0.0,-0.00029663324311414197,-0.21832154396995895,0.0
343,C#CC#CC#C.[Pt] + C#CC#CO.[Pt] <=> C#CC#CO[Pt] + C#CC=C([Pt])C#C,-0.00032763526664170243,-0.0010215416831544245,-0.0003267743163828498,-0.001020680738873266,-0.0004971237033796879,-0.0011910289437915306,-0.0006939086899971032,-0.00032099828685545,-0.0010149047494238152,-6.93002435508679e-11,-6.938144842964787e-11,0.050025012506243166,-0.0017590351315615903,-0.18993974325386428,0.0
344,C#C[Pt] + C#CC#C.[Pt] <=> C#CC#CC#C.[Pt] + [Pt],-0.0002881889675824799,-0.0008671742027960985,-0.0002874772303101933,-0.0008664624696605532,-0.00042830303014513107,-0.0010072874541259271,-0.0005789869037875873,-0.0002818657370630463,-0.0008608510088880996,-5.921459760638958e-11,-5.926332053365755e-11,0.0,-0.0015421220725617885,-0.24670334468605362,0.0
345,C#CC#CC#C.[Pt] + O=[Pt] <=> C#C[Pt] + C#CC#CO[Pt],-0.000562077638317128,-0.0014135885631984923,-0.0005608553058839233,-0.0014123662411937698,-0.000802708514159834,-0.0016542173900530365,-0.0008515157110650181,-0.0005546703739605271,-0.00140618136192227,-9.76569872208504e-11,-9.764074624509432e-11,0.0,-0.002601844333519073,-0.2521613832853026,0.0
346,C#C[Pt] + C#CC#CO.[Pt] <=> C#CC#CC#C.[Pt] + O[Pt],-0.00032763526664170243,-0.0010215416831544245,-0.0003267743163828498,-0.001020680738873266,-0.0004971237033796879,-0.0011910289437915306,-0.0006939086899971032,-0.00032099828685545,-0.0010149047494238152,-6.93002435508679e-11,-6.938144842964787e-11,0.050025012506243166,-0.0017590351315615903,-0.18993974325386428,0.0
347,C#C.[Pt] + C#CC#CC#C.[Pt] <=> C#C[Pt] + C#CC=C([Pt])C#C,-0.00038353246101735576,-0.0010194305724238694,-0.0003826813548018015,-0.0010185794716257885,-0.0005510829807594257,-0.001186980026707866,-0.0006359005502978212,-0.00037691570265708965,-0.0010128138561453744,-6.783855573282755e-11,-6.787103768433951e-11,0.0,-0.0018176201970744401,-0.2510697755654528,0.0
348,C#C.[Pt] + C#CC#C.[Pt] <=> C#CC(C#C)=C[Pt] + [Pt],-0.00021215645784463438,-0.000716716753437644,-0.00021160127047705453,-0.0007161615688878712,-0.00032145178358106255,-0.0008260115277251858,-0.0005045613660583744,-0.00020615663475832078,-0.0007107169606342069,-4.602692529251456e-11,-4.610813017129454e-11,0.0,-0.0012599497000593302,-0.23469565976770587,0.0
349,C#CO[Pt] + C#CC#C.[Pt] <=> C#CC(C#C)=C[Pt] + O=[Pt],-0.00014824234380185288,-0.0004744008344245701,-0.00014772803439484436,-0.00047388652672538024,-0.0002494903500633118,-0.0005756485104852373,-0.0003261589741395996,-0.00015010849883959765,-0.0004762669833908347,-3.475568811784797e-11,-3.477192909360395e-11,0.0,-0.0010975429994565305,0.15282508077897128,0.0
350,C#CC.[Pt] + C#CC#C.[Pt] <=> C#CC(C#C)=C[Pt] + C[Pt],-0.0001572549239956858,-0.0007822095594963336,-0.00015662884601511318,-0.0007815834854332613,-0.00028050592107762776,-0.0009054597863213629,-0.0006249556182778673,-0.00015110436882622588,-0.0007760590427651338,-5.4439750734124486e-11,-5.445599170988045e-11,0.0,-0.001342636216569721,-0.24888656012575322,0.0
351,C#CC[Pt] + C#CC#C.[Pt] <=> C#CC(C#C)=C[Pt] + C=[Pt],-0.00012318820841755534,-0.0006321269203266822,-0.00012270532611460914,-0.0006316440404932994,-0.00021824940999147786,-0.0007271876381157432,-0.0005089393388631191,-0.00011734828915495806,-0.0006262870307857095,-4.269752526253379e-11,-4.273000721404577e-11,0.0,-0.0010815989626468214,-0.2303292288883067,0.0
352,C#CC=[Pt] + C#CC#C.[Pt] <=> C#CC(C#C)=C[Pt] + C#[Pt],-0.0004163226929000308,-0.001066448948185419,-0.0004154371161006469,-0.0010655633771460401,-0.0005906591627273598,-0.0012407842846019516,-0.0006501289619172876,-0.0004096437525892408,-0.0010597700513017398,-7.344169236864885e-11,-7.35066562716728e-11,0.0,-0.0019132844179765578,-0.2543445987250022,0.0
353,C#CC#[Pt] + C#CC#C.[Pt] <=> C#CC(C#C)=C[Pt] + C~[Pt],-0.0004082697454692522,-0.0008799943895559806,-0.00040755642970060924,-0.0008792810771650634,-0.0005486945530022789,-0.00102041853467273,-0.00047172656999851275,-0.0004019452936779563,-0.000873669967597454,-5.924707955790158e-11,-5.932828443668157e-11,0.0,-0.0015710438137632242,-0.24452012924635402,0.0
354,C#CC#C.[Pt] + C#CO.[Pt] <=> C#CC(C#C)=C[Pt] + O[Pt],-0.00032763526664170243,-0.0010215416831544245,-0.0003267743163828498,-0.001020680738873266,-0.0004971237033796879,-0.0011910289437915306,-0.0006939086899971032,-0.00032099828685545,-0.0010149047494238152,-6.93002435508679e-11,-6.938144842964787e-11,0.050025012506243166,-0.0017590351315615903,-0.18993974325386428,0.0
355,2 C#CC#C.[Pt] <=> C#C[Pt] + C#CC(C#C)=C[Pt],-0.0006362247988509266,-0.0013213731841029129,-0.0006350872853962586,-0.0013202356784639024,-0.0008601580344765524,-0.001545304885471764,-0.0006851527443714295,-0.0006289989579603051,-0.0013141473927310364,-8.913047494894844e-11,-8.91954388519724e-11,0.0,-0.0024283138863104587,-0.19976421273251244,0.0
356,C#CC#C.[Pt] + C#CC(C)=[Pt] <=> CC#[Pt] + C#CC(C#C)=C[Pt],-4.768996920662408e-05,-0.0005839913823617542,-4.723573475693258e-05,-0.000583537150344956,-0.00013711149725218442,-0.0006734124308426038,-0.0005363016689130039,-4.269502932718533e-05,-0.0005789964692752465,-4.2876175995849835e-11,-4.295738087462982e-11,0.050025012506243166,-0.0009796312853427838,-0.18557331237446512,0.0
357,C#CC#C.[Pt] + C#CC(=[Pt])C#C <=> C#CC#[Pt] + C#CC(C#C)=C[Pt],-0.00048544323445833806,-0.0010819391338168672,-0.0004845354699761731,-0.0010810313747539415,-0.0006641476151995084,-0.0012606424486090563,-0.0005964987950227503,-0.00047871179858148777,-0.00107520773809028,-7.344169236864885e-11,-7.337672846562477e-11,0.0,-0.001939981409848058,-0.2325124443280063,0.0
358,C#CC=C([Pt])C#C <=> C#CC(C#C)=C[Pt],3.9474882585741594e-05,-0.000333747446568158,3.968629501195417e-05,-0.0003335360349439149,-2.144203176209761e-06,-0.00037536637701068,-0.00037322218183511195,4.474404033841461e-05,-0.0003284783085007147,-2.250999239782116e-11,-2.2591197276601163e-11,0.050025012506243166,-0.00045570281971107245,-0.25325299100515236,0.0
359,C#C[Pt] + C#CC#C.[Pt] <=> C#CC(C#C)=C[Pt] + [Pt],-0.00022258580498345896,-0.0005815787761159617,-0.00022215733351306117,-0.0005811503061894012,-0.0003069355801712672,-0.0006659282485083684,-0.00035899377019946133,-0.0002168574737185871,-0.0005758504654221513,-3.665588228130041e-11,-3.67370871600804e-11,0.050025012506243166,-0.0010997677487864662,-0.19976421273251244,0.0
360,C#CC#CC#C.[Pt] + O=[Pt] <=> C#CC#CC#CO[Pt] + [Pt],-0.0001284016019044459,-0.0007117657294382519,-0.00012783690987743226,-0.0007112010407206116,-0.00023956803588914605,-0.0008229315149506302,-0.000583364876592332,-0.0001223814889344097,-0.0007057456516042007,-4.739116725601887e-11,-4.747237213479885e-11,0.050025012506243166,-0.001166139436921193,-0.24233691380665445,0.0
361,C#C.[Pt] + C#CC.[Pt] <=> C#CC(C)=C[Pt] + [Pt],-0.00011719235144878217,-0.0004729022251819875,-0.00011685353965697113,-0.00047256341460824054,-0.00018389153732533794,-0.0005396011738191721,-0.00035571029059994886,-0.00011166129588611368,-0.0004673711893040572,-3.162117979693925e-11,-3.1702384675719245e-11,0.050025012506243166,-0.0007760667222568005,-0.249978167845603,0.0
362,C#CO[Pt] + C#CC.[Pt] <=> C#CC(C)=C[Pt] + O=[Pt],-0.0004837709485134935,-0.0012411565801950018,-0.0004827208427276856,-0.0012401064823681163,-0.0006904969315842699,-0.0014478809975487876,-0.0007573892957063621,-0.0004767413957523116,-0.0012341270806819787,-8.667808760979188e-11,-8.672681053705982e-11,0.0,-0.002228086447208413,-0.23797048292725526,0.0
363,2 C#CC.[Pt] <=> C#CC(C)=C[Pt] + C[Pt],-6.145507960087536e-05,-0.0006065123591648358,-6.099929813493049e-05,-0.0006060565801970426,-0.00015118115642781128,-0.0006962379469406701,-0.0005450576145386776,-5.567152091452975e-05,-0.0006007288320139903,-3.6396026669204346e-11,-3.647723154798434e-11,0.050025012506243166,-0.0010163396491660965,-0.2325124443280063,0.0
364,C#CC[Pt] + C#CC.[Pt] <=> C#CC(C)=C[Pt] + C=[Pt],-0.00025286351361327006,-0.0006567304838637436,-0.00025235545935392095,-0.0006562224316637689,-0.0003528801187572141,-0.000756746685087046,-0.00040386799148450916,-0.00024697172900951277,-0.0006508387230594974,-4.7634781892358925e-11,-4.771598677113891e-11,0.050025012506243166,-0.0010563851369952784,-0.21504672081040957,0.0
365,C#CC=[Pt] + C#CC.[Pt] <=> C#CC(C)=C[Pt] + C#[Pt],-0.00023561633718912982,-0.0005749084303329961,-0.0002351837090926873,-0.0005744758037190904,-0.00032078439298984375,-0.0006600761971668084,-0.000339292892570018,-0.00023001028290806387,-0.0005693023950706855,-4.074860817181335e-11,-4.0651162317277294e-11,0.0,-0.0009636872485111432,-0.23578726748755569,0.0
366,C#CC.[Pt] + C#CC#[Pt] <=> C#CC(C)=C[Pt] + C~[Pt],-0.00044668408549300757,-0.0006119518207171304,-0.000446213261742217,-0.0006114809977647726,-0.0005393714172882191,-0.0007046389993537807,-0.0001652684734559879,-0.00044086461298865345,-0.0006061323578334564,-4.066740329303333e-11,-4.0748608171813316e-11,0.050025012506243166,-0.001019676773150034,-0.028381800716094665,0.0
367,C#CC.[Pt] + C#CO.[Pt] <=> C#CC(C)=C[Pt] + O[Pt],-4.68035501122963e-05,-0.000531663811609776,-4.641691378111859e-05,-0.000531277177156439,-0.0001229175718026184,-0.0006077774642601906,-0.00048486048842893113,-4.116103522429672e-05,-0.0005260213240776953,-3.5421568123844124e-11,-3.5324122269308076e-11,0.0,-0.0008776636080168146,-0.2510697755654528,0.0
368,C#CC#C.[Pt] + C.[Pt] <=> C#CC(C)=C[Pt] + [Pt],-2.0055181835246418e-05,-0.0004009387396903042,-1.978487502942986e-05,-0.0004006684339196499,-7.326833537361823e-05,-0.00045415169057052977,-0.00038088363423936913,-1.466169801627965e-05,-0.00039554527641144063,-2.4686283149125663e-11,-2.476748802790566e-11,0.050025012506243166,-0.0005962328186243348,-0.2510697755654528,0.0
369,C#CC#C.[Pt] + C[Pt] <=> C#CC(C)=C[Pt] + [Pt],-0.0002889516195345793,-0.0009314172726008652,-0.0002881928846042605,-0.0009306585425660593,-0.0004383177368320043,-0.0010807824303041716,-0.0006424675094968462,-0.0002825428222420705,-0.0009250085165055505,-6.249527470910233e-11,-6.257647958788231e-11,0.050025012506243166,-0.0016578090373675313,-0.249978167845603,0.0
370,C#CC#C.[Pt] + CO[Pt] <=> C#CC(C)=C[Pt] + O=[Pt],-0.00010978504105733506,-0.000636235693189107,-0.00010930150183469526,-0.0006357521565193741,-0.00020497556528115387,-0.0007314257162898536,-0.0005264512300982823,-0.00010394504360048734,-0.0006303957264835213,-4.3314682341261936e-11,-4.2551356480729725e-11,0.0,-0.0010778910471188606,-0.24452012924635402,0.0
371,CC#[Pt] + C#CC#C.[Pt] <=> C#CC(C)=C[Pt] + C~[Pt],-0.00011528656443863771,-0.0005465163888180077,-0.00011488735403910935,-0.0005461171801516022,-0.00019387594500498343,-0.0006251054304852337,-0.0004312303215343939,-0.00010962237756897712,-0.0005408522263748953,-3.483689299662799e-11,-3.4788170069359954e-11,0.0,-0.000921046219829934,-0.24670334468605362,0.0
372,C#CC.[Pt] + C#CC#C.[Pt] <=> C#C[Pt] + C#CC(C)=C[Pt],-0.00032763526664170243,-0.0010215416831544245,-0.0003267743163828498,-0.001020680738873266,-0.0004971237033796879,-0.0011910289437915306,-0.0006939086899971032,-0.00032099828685545,-0.0010149047494238152,-6.93002435508679e-11,-6.938144842964787e-11,0.050025012506243166,-0.0017590351315615903,-0.18993974325386428,0.0
373,C#CC.[Pt] + C#CC(C)=[Pt] <=> CC#[Pt] + C#CC(C)=C[Pt],-0.00043567922521883226,-0.0012193329435358025,-0.00043465398738099534,-0.0012183077137474354,-0.000637509653759726,-0.001421161790437529,-0.0007836571325510145,-0.00042869468609802494,-0.0012123484591611165,-8.165962610118673e-11,-8.169210805269867e-11,0.0,-0.0021943444158030825,-0.2521613832853026,0.0
374,C#CC#C.[Pt] + C#CC(C)=[Pt] <=> C#CC#[Pt] + C#CC(C)=C[Pt],-0.0002750640814297347,-0.0008168367261160275,-0.0002744114918836788,-0.000816184140129978,-0.0004035342000296392,-0.000945306148720236,-0.0005417741349229808,-0.0002688662852362777,-0.0008106389635111545,-5.4472232685636493e-11,-5.455343756441647e-11,0.050025012506243166,-0.001385277245272862,-0.249978167845603,0.0
375,C#CC.[Pt] + C#CC(=[Pt])C#C <=> C#CC#[Pt] + C#CC(C)=C[Pt],-1.809966653541549e-05,-0.00037928235777317246,-1.7860212982860093e-05,-0.0003790429050985993,-6.523898417666874e-05,-0.0004264215051494822,-0.0003611827566099258,-1.2776312142496032e-05,-0.0003739590226048584,-2.6261657797458024e-11,-2.616421194292198e-11,0.0,-0.000535423003803481,-0.2084970744913108,0.0
376,C#C[Pt] + C#CC.[Pt] <=> C#CC(C)=C[Pt] + [Pt],5.9988600569045614e-05,-0.00033950165775678505,6.019337344076074e-05,-0.0003392968857109148,1.9676591204777553e-05,-0.00037981350609234767,-0.00039949001867976445,6.524297254394048e-05,-0.00033424730678298825,-2.2737366058405215e-11,-2.1486810925192912e-11,0.0,-0.0004601523183709435,-0.23687887520740547,0.0
377,C#C[Pt] + C#CC#CO.[Pt] <=> [Pt] + C#CC#CC#CO.[Pt],-0.00018066916735642348,-0.0006961745340724253,-0.00018013845830046384,-0.0006956438277616188,-0.00028514564253584565,-0.0008006504706712087,-0.0005155062980783284,-0.00017472777435313514,-0.0006902331717071009,-4.747237213479889e-11,-4.737492628026283e-11,0.0,-0.001155386481859402,-0.2521613832853026,0.0
378,[Pt] + C#CC#CC#CO.[Pt] <=> C#CC#CC#C.[Pt] + O[Pt],-0.00015765757903799123,-0.0005571469678877895,-0.00015721759627600733,-0.0005567069868892011,-0.0002442734892173673,-0.0006437625320489261,-0.00039949001867976445,-0.0001527959138733231,-0.0005522853221526627,-3.70619066752005e-11,-3.714311155398049e-11,0.050025012506243166,-0.0009429229214975395,-0.21286350537070997,0.0
379,C#CC#CC#CO.[Pt] + [Pt] <=> C#CC#CC#CO[Pt] + [Pt],-0.00013122926830488922,-0.000344655162571799,-0.00013087632934195267,-0.0003443022243687632,-0.00020070955849746424,-0.0004141353044915483,-0.0002134261743405482,-0.00013164274962887542,-0.0003450686430059929,-2.4653801197613656e-11,-2.4735006076393654e-11,0.050025012506243166,-0.0007267514455857847,0.061130032311588506,0.0
380,C[Pt] + C#CC#CC#CO.[Pt] <=> C#CC#CC#CO[Pt] + C.[Pt],8.342346432553809e-05,-0.00023069634665794902,8.352630038121541e-05,-0.00023059351091739595,6.317894745928668e-05,-0.00025094079992765824,-0.0003141195489305978,8.846437821695309e-05,-0.00022565544860981337,-1.3415045974459077e-11,-1.3496250853239085e-11,0.050025012506243166,-0.0003155436123637651,-0.24015369836695485,0.0
381,C#[Pt] + C#CC#CC#CO.[Pt] <=> C#CC#CC#CO[Pt] + C=[Pt],-9.750989762685088e-05,-0.0006524174098931203,-9.700550268664852e-05,-0.0006519130177436792,-0.00019680612290927268,-0.0007517130841803209,-0.0005549080533533993,-9.162230318635307e-05,-0.0006465298481209077,-4.276248916555781e-11,-4.2843694044337796e-11,0.0,-0.0010359916015256982,-0.24561173696620384,0.0
382,C=[Pt] + C#CC#CC#CO.[Pt] <=> C#CC#CC#CO[Pt] + C[Pt],-2.8176682528668856e-05,-0.0004309500673114231,-2.7886984577360122e-05,-0.00043066037054158567,-8.520721570252099e-05,-0.00048798037080508553,-0.00040277349827927693,-2.2739642022860813e-05,-0.0004255130487170449,-2.7788309518522372e-11,-2.769086366398633e-11,0.0,-0.0006551886757031397,-0.24888656012575322,0.0
383,C~[Pt] + C#CC#CC#CO.[Pt] <=> C#CC#CC#CO[Pt] + C#[Pt],1.1804717922054888e-05,-0.0005420089075935129,1.2210958686432023e-05,-0.0005416026690957498,-6.816867459319083e-05,-0.000621981857216865,-0.000553813560148167,1.7485681416039123e-05,-0.0005363279755717985,-3.436590469970388e-11,-3.4447109578483876e-11,0.050025012506243166,-0.0008817423151107307,-0.2510697755654528,0.0
384,[Pt] + C#CC#CC#CO.[Pt] <=> C#CC#CC#CO[Pt] + [H][H].[Pt],-0.00019417219698820187,-0.0006100788061230247,-0.00019369980703730198,-0.0006096064181420946,-0.0002871678545469386,-0.0007030740769096636,-0.0004159074167096953,-0.00018835589799256016,-0.0006042625313140377,-4.084605402634937e-11,-4.092725890512936e-11,0.050025012506243166,-0.0010230138971339716,-0.2510697755654528,0.0
385,O=[Pt] + C#CC#CC#CO.[Pt] <=> C#CC#CC#CO[Pt] + O[Pt],-0.0002637477338719602,-0.0007923865560948896,-0.00026310583650071285,-0.0007917446621256356,-0.0003901129698882454,-0.0009187511240953372,-0.0005286402165087467,-0.0002575808052936058,-0.0007862196601371902,-5.5300522449192686e-11,-5.5349245376460655e-11,0.0,-0.0013637713351492798,-0.23687887520740547,0.0
386,O=[Pt] + C#CC#CC#CO.[Pt] <=> C#CC#CC#CO[Pt] + O[Pt],0.0002966729113098259,0.000668801703986982,0.00029627343968176165,0.0006684022308702281,0.00037531371768487285,0.0007474428030040363,0.0003721276886784325,0.0002855594952816933,0.000657688246599699,4.4094249177550115e-11,4.401304429877006e-11,0.050025012506243166,0.0009028774336683578,0.5305213518470002,0.0
387,O[Pt] + C#CC#CC#CO.[Pt] <=> C#CC#CC#CO[Pt] + O.[Pt],-0.00031591525659013694,-0.0007044591157715155,-0.0003153613544216356,-0.000703905215768087,-0.00042495757637223385,-0.0008135010118847605,-0.0003885450866598106,-0.00030991987590562616,-0.0006984637583858262,-4.9291361419471304e-11,-4.9372566298251287e-11,0.050025012506243166,-0.0012495675365415625,-0.249978167845603,0.0
388,O=C=[Pt] + C#CC#CC#CO.[Pt] <=> C#CC#CC#CO[Pt] + O=C[Pt],-0.0005221933805318309,-0.0011766968974511423,-0.0005212169072898067,-0.0011757204306277168,-0.0007144239092018731,-0.0013689261679683254,-0.0006545069347220323,-0.000515319722829747,-0.0011698232847473674,-8.081509536187454e-11,-8.08963002406545e-11,0.0,-0.0020849609074211914,-0.2510697755654528,0.0
389,C=O.[Pt] + C#CC#CC#CO.[Pt] <=> C#CC#CC#CO[Pt] + CO[Pt],-7.607748737307859e-05,-0.0003529840567705126,-7.575785036102315e-05,-0.00035266442064261664,-0.00013900188735557002,-0.00041590828251602846,-0.00027690678006599134,-7.435320150161989e-05,-0.0003512597756851385,-2.3922957288593487e-11,-2.4004162167373486e-11,0.050025012506243166,-0.0006429525544213916,-0.05567199371233953,0.0
390,O=C[Pt] + C#CC#CC#CO.[Pt] <=> C#CC#CC#CO[Pt] + C=O.[Pt],-0.00011508024278332311,-0.0005080028500734825,-0.0001147182208101327,-0.0005076408295207678,-0.00018634863291795866,-0.000579270960177784,-0.00039292305946455523,-0.00010949313143903177,-0.0005024157606826085,-3.5730146663208195e-11,-3.569766471169616e-11,0.0,-0.0008268651651477734,-0.22159636712950834,0.0
391,C#C.[Pt] + C#CC#CC#CO.[Pt] <=> C=C[Pt] + C#CC#CC#CO[Pt],-0.00032763526664170243,-0.0010215416831544245,-0.0003267743163828498,-0.001020680738873266,-0.0004971237033796879,-0.0011910289437915306,-0.0006939086899971032,-0.00032099828685545,-0.0010149047494238152,-6.93002435508679e-11,-6.938144842964787e-11,0.050025012506243166,-0.0017590351315615903,-0.18993974325386428,0.0
392,C#C[Pt] + C#CC#CC#CO.[Pt] <=> C#C.[Pt] + C#CC#CC#CO[Pt],-0.00032763526664170243,-0.0010215416831544245,-0.0003267743163828498,-0.001020680738873266,-0.0004971237033796879,-0.0011910289437915306,-0.0006939086899971032,-0.00032099828685545,-0.0010149047494238152,-6.93002435508679e-11,-6.938144842964787e-11,0.050025012506243166,-0.0017590351315615903,-0.18993974325386428,0.0
393,C#CC[Pt] + C#CC#CC#CO.[Pt] <=> C#CC.[Pt] + C#CC#CC#CO[Pt],-0.0002619166806199121,-0.0008496579906409981,-0.00026121317139527253,-0.0008489544855452832,-0.00040041095220764696,-0.000988151448241562,-0.0005877428494132609,-0.00025560652221388874,-0.0008433478693204353,-5.7752909788349246e-11,-5.778539173986121e-11,0.0,-0.0014642558462333603,-0.24233691380665445,0.0
394,C#CC=[Pt] + C#CC#CC#CO.[Pt] <=> C#CC[Pt] + C#CC#CC#CO[Pt],-0.00019781620541660863,-0.000791030347368116,-0.00019717050675530293,-0.0007903846525310992,-0.0003249297701220744,-0.0009181431580045436,-0.0005932153154232379,-0.00019162117006904516,-0.0007848353487730218,-5.5885197576408816e-11,-5.583647464914076e-11,0.0,-0.0013400406756957622,-0.24452012924635402,0.0
395,C#CC#[Pt] + C#CC#CC#CO.[Pt] <=> C#CC=[Pt] + C#CC#CC#CO[Pt],-9.737176696424873e-05,-0.0006457123271772625,-9.687980882881227e-05,-0.0006452203717386658,-0.00019421965722852738,-0.0007425596863803659,-0.00054834109413819,-9.151644557930481e-05,-0.000639857037901048,-4.3980562347258086e-11,-4.4061767226038075e-11,0.050025012506243166,-0.0010578683031933038,-0.2477949524059034,0.0
396,C#CC#CC#CO[Pt] + C#CO.[Pt] <=> C#CO[Pt] + C#CC#CC#CO.[Pt],-4.524738555465261e-05,-0.0005826433045109612,-4.481194307308244e-05,-0.0005822078643778393,-0.0001309694872802891,-0.000668364945574347,-0.0005373961621182361,-3.950142343909229e-05,-0.0005768973732809349,-3.987159548098915e-11,-3.995280035976913e-11,0.050025012506243166,-0.0009518219187953502,-0.25325299100515236,0.0
397,C#CC#C.[Pt] + C#CC#CC#CO.[Pt] <=> C#CC=C[Pt] + C#CC#CC#CO[Pt],-0.00032763526664170243,-0.0010215416831544245,-0.0003267743163828498,-0.001020680738873266,-0.0004971237033796879,-0.0011910289437915306,-0.0006939086899971032,-0.00032099828685545,-0.0010149047494238152,-6.93002435508679e-11,-6.938144842964787e-11,0.050025012506243166,-0.0017590351315615903,-0.18993974325386428,0.0
398,C#CC#CC#CO[Pt] + C#CC#CO.[Pt] <=> C#CC#CO[Pt] + C#CC#CC#CO.[Pt],-0.00032763526664170243,-0.0010215416831544245,-0.0003267743163828498,-0.001020680738873266,-0.0004971237033796879,-0.0011910289437915306,-0.0006939086899971032,-0.00032099828685545,-0.0010149047494238152,-6.93002435508679e-11,-6.938144842964787e-11,0.050025012506243166,-0.0017590351315615903,-0.18993974325386428,0.0
399,C#CC#CC#C.[Pt] + C#CC#CC#CO.[Pt] <=> C#CC=C([Pt])C#C + C#CC#CC#CO[Pt],-0.00032763526664170243,-0.0010215416831544245,-0.0003267743163828498,-0.001020680738873266,-0.0004971237033796879,-0.0011910289437915306,-0.0006939086899971032,-0.00032099828685545,-0.0010149047494238152,-6.93002435508679e-11,-6.938144842964787e-11,0.050025012506243166,-0.0017590351315615903,-0.18993974325386428,0.0
400,C#CC#C.[Pt] + C#CC#CC#CO.[Pt] <=> C#CC(=C)[Pt] + C#CC#CC#CO[Pt],-0.00032763526664170243,-0.0010215416831544245,-0.0003267743163828498,-0.001020680738873266,-0.0004971237033796879,-0.0011910289437915306,-0.0006939086899971032,-0.00032099828685545,-0.0010149047494238152,-6.93002435508679e-11,-6.938144842964787e-11,0.050025012506243166,-0.0017590351315615903,-0.18993974325386428,0.0
401,O=[Pt] + C#CC#CC#CO.[Pt] <=> C#CC#CC#CO[Pt] + O[Pt],-0.0002625348914691826,-0.0007605279909002337,-0.0002619284075110879,-0.0007599215099696988,-0.00038192857052633404,-0.0008799210753932774,-0.0004979944068431653,-0.00025643709215942645,-0.000754430221970145,-5.111035070414372e-11,-5.11915555829237e-11,0.050025012506243166,-0.0012710734466651447,-0.24561173696620384,0.0
402,O=[Pt] + C#CC#CC#CO.[Pt] <=> C#CC#CC#CO[Pt] + O[Pt],6.335536093142966e-05,-0.0002529533747846774,6.347590704612881e-05,-0.00025283282907604255,3.962440446975176e-05,-0.00027668425620648823,-0.00031630853532487797,6.843017805819457e-05,-0.00024787857371411635,-1.542892696820354e-11,-1.5510131846983547e-11,0.050025012506243166,-0.0003385326886853727,-0.24888656012575322,0.0
403,C#C.[Pt] + C#CC.[Pt] <=> C#CC=C(C)[Pt] + [Pt],-0.00035006496656166396,-0.0008885537368147492,-0.0003493385241149834,-0.0008878272982812372,-0.0004930739187874345,-0.001031561918969262,-0.0005384906553234684,-0.00034371498432250676,-0.0008822037887718894,-6.135840640618207e-11,-6.08386951819899e-11,0.0,-0.0016099769269164723,-0.24233691380665445,0.0
404,C#CO[Pt] + C#CC.[Pt] <=> C#CC=C(C)[Pt] + O=[Pt],-1.6422699830306776e-05,-0.0003152192948668679,-1.623728458118616e-05,-0.00031503388018002033,-5.292392736356876e-05,-0.000351720413345167,-0.00029879664410589914,-1.1208102492304769e-05,-0.00031000471311246535,-2.6797609997406146e-11,-2.6878814876186145e-11,0.050025012506243166,-0.0006136600216540009,-0.09715308706663174,0.0
405,2 C#CC.[Pt] <=> C#CC=C(C)[Pt] + C[Pt],-0.0007367148459641431,-0.00070606926204323,-0.0007361319096473355,-0.0007054863255698773,-0.0008514728871255957,-0.0008208273383914871,3.0645809681765755e-05,-0.0007320753270537048,-0.0007014297417274996,-2.981843148802284e-11,-2.986715441529083e-11,0.0,-0.0014268058993000693,0.42791022618111957,0.0
406,C#CC[Pt] + C#CC.[Pt] <=> C#CC=C(C)[Pt] + C=[Pt],-0.00017237440988098897,-0.0006791238888460602,-0.00017183651153581463,-0.0006785859932311484,-0.00027826618460869606,-0.0007850151269637649,-0.000506750352468839,-0.00016641882935581245,-0.0006731683384954552,-4.633550383187863e-11,-4.6400467734902606e-11,0.0,-0.0011487122338915269,-0.2477949524059034,0.0
407,C#CC=[Pt] + C#CC.[Pt] <=> C#CC=C(C)[Pt] + C#[Pt],-9.085668026569859e-05,-0.0005450709463608835,-9.044796399049426e-05,-0.0005446622319381534,-0.0001713174061658263,-0.0006255313068032521,-0.0004542146787795339,-8.516770513147486e-05,-0.0005393819970789955,-3.7386726190320575e-11,-3.7467931069100564e-11,0.050025012506243166,-0.0009143719718620589,-0.2510697755654528,0.0
408,C#CC.[Pt] + C#CC#[Pt] <=> C#CC=C(C)[Pt] + C~[Pt],-0.00019988655560437677,-0.0005982812847336056,-0.00019941534652213137,-0.0005978100775426764,-0.000292649745003909,-0.0006910441045747692,-0.0003983955254745322,-0.00019440517983629514,-0.0005927999308186149,-4.120335549298145e-11,-4.105718671117739e-11,0.0,-0.0009989124461364306,-0.24342852152650424,0.0
409,C#CC.[Pt] + C#CO.[Pt] <=> C#CC=C(C)[Pt] + O[Pt],-0.00018512600822293115,-0.0006787415284503672,-0.00018459830277319016,-0.0006782138256134585,-0.00028901118698900733,-0.000782626194434652,-0.0004936164340384205,-0.0001791883138198002,-0.0006728038633515213,-4.810577018928303e-11,-4.802456531050298e-11,0.0,-0.0011338805717358198,-0.23578726748755569,0.0
410,C#CC.[Pt] + C#CC#C.[Pt] <=> C#C[Pt] + C#CC=C(C)[Pt],-0.00018806143866416443,-0.0006149129846455921,-0.0001876020640033032,-0.0006144536119490198,-0.0002784948784451301,-0.0007053460384174409,-0.0004268523487296492,-0.00018227499379364588,-0.0006091265644812985,-4.328220038974993e-11,-4.336340526852991e-11,0.050025012506243166,-0.001001137195466366,-0.14081739586062353,0.0
411,C#CC.[Pt] + C#CC(C)=[Pt] <=> CC#[Pt] + C#CC=C(C)[Pt],-0.00018688565599353683,-0.0008939269430330708,-0.00018614354619373577,-0.000893184838508825,-0.0003329789167104678,-0.0010400191708381447,-0.0007070426084113373,-0.00018050753455062468,-0.0008875488667047562,-6.040018883657785e-11,-6.046515273960182e-11,0.0,-0.0015651111489053276,-0.2521613832853026,0.0
412,C#CC.[Pt] + C#CC(=[Pt])C#C <=> C#CC#[Pt] + C#CC=C(C)[Pt],-8.0239319241316e-05,-0.00039107513914667227,-7.99819965521281e-05,-0.00039081781727568057,-0.00013089639168571872,-0.0004417320541367544,-0.00031083606931490103,-7.487606958695063e-05,-0.0003857119061716309,-2.5904356330825942e-11,-2.5790669500533894e-11,0.0,-0.0005980867764102469,-0.21395511309055978,0.0
413,C#C[Pt] + C#CC.[Pt] <=> C#CC=C(C)[Pt] + [Pt],-4.475374328488089e-05,-0.0005208580730105751,-4.437838069047319e-05,-0.0005204827122228493,-0.00011864839465972652,-0.0005947523725913463,-0.00047610454280325745,-3.912635874595336e-05,-0.0005152307152672668,-3.344016908161167e-11,-3.352137396039166e-11,0.050025012506243166,-0.0008242696242518828,-0.24342852152650424,0.0
414,C#CC(C)=C[Pt] <=> C#CC=C(C)[Pt],-0.00019940673590523305,-0.000626258233459647,-0.00019892316999836355,-0.0006257746696180263,-0.0002946025149300682,-0.0007214536061534495,-0.0004268523487296492,-0.00019357082482317388,-0.000620422347297437,-4.284369404433783e-11,-4.292489892311781e-11,0.050025012506243166,-0.0010337668521957627,-0.24233691380665445,0.0
415,C#C.[Pt] + C#CC#C.[Pt] <=> C#CC#CC=C[Pt] + [Pt],-8.944636167488759e-05,-0.0005436606341742059,-8.903349272594591e-05,-0.0005432477671068538,-0.00017072459135510573,-0.0006249384946891616,-0.0004542146787795339,-8.375062971929123e-05,-0.0005379649280927839,-3.5502773002624145e-11,-3.5583977881404134e-11,0.050025012506243166,-0.0008865626053146253,-0.2521613832853026,0.0
416,C#C.[Pt] + C#CC#CO[Pt] <=> C#CC#CC=C[Pt] + O=[Pt],-4.804871185035814e-05,-0.0006554921470229794,-4.753301024556791e-05,-0.0006549764485532768,-0.000149570790450521,-0.0007570136089439044,-0.0006074437270427042,-4.21282714503706e-05,-0.0006495717425916295,-4.471140625627826e-11,-4.467892430476621e-11,0.0,-0.0011034756643363587,-0.2477949524059034,0.0
417,C#C.[Pt] + C#CC#CO.[Pt] <=> C#CC#CC=C[Pt] + O[Pt],-0.00032763526664170243,-0.0010215416831544245,-0.0003267743163828498,-0.001020680738873266,-0.0004971237033796879,-0.0011910289437915306,-0.0006939086899971032,-0.00032099828685545,-0.0010149047494238152,-6.93002435508679e-11,-6.938144842964787e-11,0.050025012506243166,-0.0017590351315615903,-0.18993974325386428,0.0
418,C#CC#CC#C.[Pt] + [Pt] <=> C#CC#CC=C[Pt] + [Pt],0.00016536910993676958,-0.0005569975978844716,0.00016578083217619262,-0.0005565858786177306,8.431662390249916e-05,-0.000638049498418457,-0.0007223655132522201,0.00017106869201539022,-0.0005512980569854452,-3.698070179642048e-11,-3.706190667520047e-11,0.050025012506243166,-0.0007964602577263806,-0.1888481355340145,0.0
419,C#CC#CC#C.[Pt] + C.[Pt] <=> C#CC#CC=C[Pt] + C[Pt],2.332956381360928e-05,-8.393079496578942e-05,2.346161975158648e-05,-8.379873917760588e-05,-2.6672403097577638e-06,-0.0001099275712200882,-0.00010726033375670595,2.0757236273356384e-05,-8.650311975878708e-05,-4.5312322359250396e-12,-4.579955163193047e-12,0.0,-0.00022025018300567093,0.1462754344598725,0.0
420,C#CC#CC#C.[Pt] + C=[Pt] <=> C#CC#CC=C[Pt] + C#[Pt],-0.00013127163832798696,-0.0005362335914076896,-0.00013088140003498147,-0.000535843354702195,-0.00020809475008885328,-0.0006130563920781977,-0.0004049624846897414,-0.00012562462866857663,-0.0005305866046366524,-3.719183448124853e-11,-3.727303936002852e-11,0.050025012506243166,-0.0008843378559846897,-0.24452012924635402,0.0
421,C#CC#CC#C.[Pt] + C[Pt] <=> C#CC#CC=C[Pt] + C=[Pt],-0.00023740931206849228,-0.0008174893318913427,-0.00023674828788004408,-0.0008168283115401397,-0.00036753989238058756,-0.0009476191573525511,-0.0005800813969928195,-0.00023118697124054568,-0.0008112670271580764,-5.354649706754428e-11,-5.362770194632426e-11,0.050025012506243166,-0.0014316261895039638,-0.1866649200943149,0.0
422,C#CC#CC#C.[Pt] + C#[Pt] <=> C#CC#CC=C[Pt] + C~[Pt],7.215510580989354e-05,7.215510583901395e-05,7.222979231955185e-05,7.222979234473391e-05,5.7452166854103225e-05,5.74521668748918e-05,3.2368547620676494e-14,6.616589907179505e-05,6.616589909363274e-05,3.361881981492771e-12,3.329400029980761e-12,0.0,-0.00012606912832351035,0.3198410619159899,0.0
423,C#CC#CC#C.[Pt] + [H][H].[Pt] <=> C#CC#CC=C[Pt] + [Pt],3.985748039914462e-06,-0.00038674834058877346,4.243343995174521e-06,-0.00038649074565031896,-4.672512051615402e-05,-0.00043745901100880754,-0.0003907340730540908,9.348939699675289e-06,-0.00038138516988265214,-2.5254717300585792e-11,-2.533592217936579e-11,0.050025012506243166,-0.0005821427395786063,-0.249978167845603,0.0
424,C#CC#CC#C.[Pt] + O[Pt] <=> C#CC#CC=C[Pt] + O=[Pt],-0.00038280272061522473,-0.0010635748861628055,-0.0003819094843179389,-0.0010626816559618547,-0.0005586470539818497,-0.0012394180224226774,-0.0006807747715666848,-0.0003760911961948568,-0.001056863407429265,-7.306814992626076e-11,-7.30681499262607e-11,0.0,-0.0018984527558208507,-0.24561173696620384,0.0
425,C#CC#CC#C.[Pt] + O.[Pt] <=> C#CC#CC=C[Pt] + O[Pt],-0.00010061562396066783,-0.0004497586040491068,-0.00010030638879372781,-0.0004494493699865939,-0.00016149229409096,-0.0005106350616465538,-0.0003491433313847397,-9.513982810517132e-05,-0.0004442828273204749,-3.134508320908719e-11,-3.142628808786718e-11,0.050025012506243166,-0.0007022792030442201,-0.25325299100515236,0.0
426,C#CC#CC#C.[Pt] + O=C[Pt] <=> C#CC#CC=C[Pt] + O=C=[Pt],0.0023121152139309402,-0.0009812909762255827,0.0023129265182248934,-0.0009804796986667497,0.00215240018386043,-0.0011410007463672938,-0.0032933300445743114,0.002318651137368534,-0.0009747552680389373,-6.93489664781359e-11,-6.943017135691587e-11,0.050025012506243166,-0.0017675633373153774,-0.17029080429656798,0.0
427,C#CC#CC#C.[Pt] + C=O.[Pt] <=> C#CC#CC=C[Pt] + O=C[Pt],-0.0003040808837411492,-0.0010494284877607572,-0.00030319442619155385,-0.0010485420368216841,-0.0004785907378032533,-0.0012239370411219236,-0.0007453498704811759,-0.00029738985189026846,-0.0010427375057805144,-7.266212553236066e-11,-7.272708943538463e-11,0.0,-0.0018799131781371827,-0.24670334468605362,0.0
428,C#C.[Pt] + C#CC#CC#C.[Pt] <=> C#C[Pt] + C#CC#CC=C[Pt],-0.00032763526664170243,-0.0010215416831544245,-0.0003267743163828498,-0.001020680738873266,-0.0004971237033796879,-0.0011910289437915306,-0.0006939086899971032,-0.00032099828685545,-0.0010149047494238152,-6.93002435508679e-11,-6.938144842964787e-11,0.050025012506243166,-0.0017590351315615903,-0.18993974325386428,0.0
429,C#C.[Pt] + C#CC#CC#C.[Pt] <=> C#C[Pt] + C#CC#CC=C[Pt],-0.00032763526664170243,-0.0010215416831544245,-0.0003267743163828498,-0.001020680738873266,-0.0004971237033796879,-0.0011910289437915306,-0.0006939086899971032,-0.00032099828685545,-0.0010149047494238152,-6.93002435508679e-11,-6.938144842964787e-11,0.050025012506243166,-0.0017590351315615903,-0.18993974325386428,0.0
430,C#CC.[Pt] + C#CC#CC#C.[Pt] <=> C#CC[Pt] + C#CC#CC=C[Pt],-0.00032763526664170243,-0.0010215416831544245,-0.0003267743163828498,-0.001020680738873266,-0.0004971237033796879,-0.0011910289437915306,-0.0006939086899971032,-0.00032099828685545,-0.0010149047494238152,-6.93002435508679e-11,-6.938144842964787e-11,0.050025012506243166,-0.0017590351315615903,-0.18993974325386428,0.0
431,C#CC[Pt] + C#CC#CC#C.[Pt] <=> C#CC=[Pt] + C#CC#CC=C[Pt],-0.0004571462516450219,-0.0011225950762917003,-0.0004562027902875252,-0.0011216516212289196,-0.0006428779928257563,-0.001308325581532213,-0.0006654518667419862,-0.00045033805898470655,-0.0011157869289560919,-7.529316360483326e-11,-7.537436848361323e-11,0.050025012506243166,-0.0019659368186315113,-0.2510697755654528,0.0
432,C#CC=[Pt] + C#CC#CC#C.[Pt] <=> C#CC#[Pt] + C#CC#CC=C[Pt],-0.00020587786023972115,-0.0007640682439979448,-0.00020527855691705754,-0.0007634689440405003,-0.00032385794514559236,-0.000882047670375589,-0.0005581915329529117,-0.00019979978502527335,-0.0007579902027154993,-5.1045386801119706e-11,-5.111035070414368e-11,0.0,-0.0013111189344943265,-0.25325299100515236,0.0
433,C#CC#CC#C.[Pt] + C#CO.[Pt] <=> C#CO[Pt] + C#CC#CC=C[Pt],-0.00032763526664170243,-0.0010215416831544245,-0.0003267743163828498,-0.001020680738873266,-0.0004971237033796879,-0.0011910289437915306,-0.0006939086899971032,-0.00032099828685545,-0.0010149047494238152,-6.93002435508679e-11,-6.938144842964787e-11,0.050025012506243166,-0.0017590351315615903,-0.18993974325386428,0.0
434,C#CC#CC#C.[Pt] + C#CC#CO.[Pt] <=> C#CC#CO[Pt] + C#CC#CC=C[Pt],-0.00032763526664170243,-0.0010215416831544245,-0.0003267743163828498,-0.001020680738873266,-0.0004971237033796879,-0.0011910289437915306,-0.0006939086899971032,-0.00032099828685545,-0.0010149047494238152,-6.93002435508679e-11,-6.938144842964787e-11,0.050025012506243166,-0.0017590351315615903,-0.18993974325386428,0.0
435,C#CC#CC#C.[Pt] + C#CC#CC#CO.[Pt] <=> C#CC#CC=C[Pt] + C#CC#CC#CO[Pt],-0.00032763526664170243,-0.0010215416831544245,-0.0003267743163828498,-0.001020680738873266,-0.0004971237033796879,-0.0011910289437915306,-0.0006939086899971032,-0.00032099828685545,-0.0010149047494238152,-6.93002435508679e-11,-6.938144842964787e-11,0.050025012506243166,-0.0017590351315615903,-0.18993974325386428,0.0
436,C#C.[Pt] + C#CC#CC#C.[Pt] <=> C#C[Pt] + C#CC#CC=C[Pt],-0.00032763526664170243,-0.0010215416831544245,-0.0003267743163828498,-0.001020680738873266,-0.0004971237033796879,-0.0011910289437915306,-0.0006939086899971032,-0.00032099828685545,-0.0010149047494238152,-6.93002435508679e-11,-6.938144842964787e-11,0.050025012506243166,-0.0017590351315615903,-0.18993974325386428,0.0
437,C#C.[Pt] + C#CC#CC#C.[Pt] <=> C#C[Pt] + C#CC#CC=C[Pt],-0.00032763526664170243,-0.0010215416831544245,-0.0003267743163828498,-0.001020680738873266,-0.0004971237033796879,-0.0011910289437915306,-0.0006939086899971032,-0.00032099828685545,-0.0010149047494238152,-6.93002435508679e-11,-6.938144842964787e-11,0.050025012506243166,-0.0017590351315615903,-0.18993974325386428,0.0
438,C#CC#CC#C.[Pt] + [Pt] <=> C#CC#CC(=C)[Pt] + [Pt],-0.0003583850803678985,-0.0008399603632737999,-0.000357696937576474,-0.0008392722238195447,-0.0004938542842598476,-0.0009754289148041458,-0.0004815770088132344,-0.0003520984544568979,-0.0008336737676412125,-5.661604148542899e-11,-5.6697246364208963e-11,0.050025012506243166,-0.0015098632073764153,-0.1495502576194219,0.0
439,C#CC#CC#C.[Pt] + C.[Pt] <=> C#CC#CC(=C)[Pt] + C[Pt],-5.7795790759467446e-05,-0.00032266299252173855,-5.76072423150818e-05,-0.0003224744445788441,-9.491382560545124e-05,-0.0003597809290460245,-0.00026486735484080524,-5.257410015342635e-05,-0.0003174413157549865,-2.1308160191876886e-11,-2.138936507065689e-11,0.050025012506243166,-0.00044050036601134187,-0.24342852152650424,0.0
440,C#CC#CC#C.[Pt] + C=[Pt] <=> C#CC#CC(=C)[Pt] + C#[Pt],-0.00010678468528506138,-0.0005445814985252334,-0.00010637837450463296,-0.0005441751895261712,-0.00018677186128628764,-0.0006245683243417723,-0.0004377972807496031,-0.00010110197310982791,-0.0005388988112409403,-3.566518276018418e-11,-3.574638763896417e-11,0.050025012506243166,-0.000849854241469381,-0.24561173696620384,0.0
441,C#CC#CC#C.[Pt] + C[Pt] <=> C#CC#CC(=C)[Pt] + C=[Pt],-3.0769571334647666e-05,-0.0005254803463570943,-3.037460541954098e-05,-0.0005250853823909513,-0.00010852337223219517,-0.0006032337626055283,-0.0004947109272436528,-2.5110334178391046e-05,-0.0005198211372012209,-3.5161712511748066e-11,-3.5242917390528055e-11,0.0,-0.0008954616026124358,-0.24124530608680464,0.0
442,C#CC#CC#C.[Pt] + C#[Pt] <=> C#CC#CC(=C)[Pt] + C~[Pt],-0.00016014546166827307,-0.0005640128063746769,-0.00015969981167220318,-0.0005635671581872967,-0.00024787703485968916,-0.000651744025253968,-0.00040386799148450916,-0.00015549995338505146,-0.000559367316854841,-4.0699885244545334e-11,-4.040754768093724e-11,0.0,-0.0009670243724950807,-0.20085582045236225,0.0
443,C#CC#CC#C.[Pt] + [H][H].[Pt] <=> C#CC#CC(=C)[Pt] + [Pt],-7.098449182490824e-05,-0.00034351310560814396,-7.076210771353332e-05,-0.0003432907221195531,-0.00011476348495765991,-0.00038729197944041696,-0.00027252880724506237,-6.569948438200568e-05,-0.000338228112574,-2.324083630684133e-11,-2.332204118562133e-11,0.0,-0.0004972314737602113,-0.2477949524059034,0.0
444,C#CC#CC#C.[Pt] + O[Pt] <=> C#CC#CC(=C)[Pt] + O=[Pt],-0.00016445976483540672,-0.000728122836789348,-0.00016387985523910723,-0.0007275429304824531,-0.00027862196067907324,-0.0008422843891701645,-0.0005636639989628886,-0.00015841233803324728,-0.0007220754440820816,-4.7975842383235003e-11,-4.8057047262014986e-11,0.050025012506243166,-0.0012555002014213905,-0.2521613832853026,0.0
445,C#CC#CC#C.[Pt] + O.[Pt] <=> C#CC#CC(=C)[Pt] + O[Pt],1.1274569289379481e-05,-0.00041229434757790743,1.1544199775529092e-05,-0.00041202471824076627,-4.180544136058156e-05,-0.0004653741334206685,-0.00042356886911395244,1.6660760225624802e-05,-0.0004069081794630291,-2.9461130021390755e-11,-2.954233490017075e-11,0.050025012506243166,-0.0006425817628773682,-0.24124530608680464,0.0
446,C#CC#CC#C.[Pt] + O=C[Pt] <=> C#CC#CC(=C)[Pt] + O=C=[Pt],-0.00039619053485086795,-0.0009237341680587477,-0.00039543895355399517,-0.0009229825907332406,-0.0005441483739832438,-0.001071691226661718,-0.0005275457233035144,-0.00038979720766242664,-0.0009173408746121068,-6.332356447265852e-11,-6.333980544841448e-11,0.0,-0.0016259209637261814,-0.24124530608680464,0.0
447,C#CC#CC#C.[Pt] + C=O.[Pt] <=> C#CC#CC(=C)[Pt] + O=C[Pt],-0.00017328515104920927,-0.0006088926905421729,-0.00017281451989197518,-0.000608422061437624,-0.00026593456832107337,-0.0007015417042340611,-0.0004356082943391386,-0.00016746645066802242,-0.0006030740155070708,-4.190171745048961e-11,-4.193419940200159e-11,0.0,-0.001014485691402116,-0.23469565976770587,0.0
448,C#C.[Pt] + C#CC#CC#C.[Pt] <=> C#C[Pt] + C#CC#CC(=C)[Pt],-0.00032763526664170243,-0.0010215416831544245,-0.0003267743163828498,-0.001020680738873266,-0.0004971237033796879,-0.0011910289437915306,-0.0006939086899971032,-0.00032099828685545,-0.0010149047494238152,-6.93002435508679e-11,-6.938144842964787e-11,0.050025012506243166,-0.0017590351315615903,-0.18993974325386428,0.0
449,C#CC.[Pt] + C#CC#CC#C.[Pt] <=> C#CC[Pt] + C#CC#CC(=C)[Pt],-0.00032763526664170243,-0.0010215416831544245,-0.0003267743163828498,-0.001020680738873266,-0.0004971237033796879,-0.0011910289437915306,-0.0006939086899971032,-0.00032099828685545,-0.0010149047494238152,-6.93002435508679e-11,-6.938144842964787e-11,0.050025012506243166,-0.0017590351315615903,-0.18993974325386428,0.0
450,C#CC[Pt] + C#CC#CC#C.[Pt] <=> C#CC=[Pt] + C#CC#CC(=C)[Pt],-0.00014279382652691993,-0.0006517324386596743,-0.0001422894234452291,-0.0006512280381440241,-0.00024209165304853416,-0.0007510297598323244,-0.0005089393388631191,-0.00013689271085565554,-0.0006458313530157731,-4.3769429662430036e-11,-4.3720706735161997e-11,0.0,-0.0011097791207382787,-0.17465723517596715,0.0
451,C#CC=[Pt] + C#CC#CC#C.[Pt] <=> C#CC#[Pt] + C#CC#CC(=C)[Pt],-0.00012468108601777176,-0.0006161079209350915,-0.00012416570512426093,-0.0006155925425823889,-0.000226140027420908,-0.0007175663637451849,-0.0004914274476441403,-0.00012087589840251288,-0.0006123027520338923,-4.298986282614186e-11,-4.3071067704921846e-11,0.0,-0.001083452920410802,-0.1462754344598725,0.0
452,C#CC#CC#C.[Pt] + C#CO.[Pt] <=> C#CO[Pt] + C#CC#CC(=C)[Pt],-0.00032763526664170243,-0.0010215416831544245,-0.0003267743163828498,-0.001020680738873266,-0.0004971237033796879,-0.0011910289437915306,-0.0006939086899971032,-0.00032099828685545,-0.0010149047494238152,-6.93002435508679e-11,-6.938144842964787e-11,0.050025012506243166,-0.0017590351315615903,-0.18993974325386428,0.0
453,C#CC#CC#C.[Pt] + C#CC#CO.[Pt] <=> C#CC#CO[Pt] + C#CC#CC(=C)[Pt],-0.00032763526664170243,-0.0010215416831544245,-0.0003267743163828498,-0.001020680738873266,-0.0004971237033796879,-0.0011910289437915306,-0.0006939086899971032,-0.00032099828685545,-0.0010149047494238152,-6.93002435508679e-11,-6.938144842964787e-11,0.050025012506243166,-0.0017590351315615903,-0.18993974325386428,0.0
454,C#CC#CC#C.[Pt] + C#CC#CC#CO.[Pt] <=> C#CC#CC(=C)[Pt] + C#CC#CC#CO[Pt],-0.00032763526664170243,-0.0010215416831544245,-0.0003267743163828498,-0.001020680738873266,-0.0004971237033796879,-0.0011910289437915306,-0.0006939086899971032,-0.00032099828685545,-0.0010149047494238152,-6.93002435508679e-11,-6.938144842964787e-11,0.050025012506243166,-0.0017590351315615903,-0.18993974325386428,0.0
455,C#CC#CC=C[Pt] <=> C#CC#CC(=C)[Pt],-0.00016970248412096595,-0.0007158536650157523,-0.0001691413074647971,-0.0007152924914409044,-0.00028017687321635646,-0.0008263274507646317,-0.0005461521077277256,-0.00016370330660016758,-0.0007098545202661831,-4.787839652869898e-11,-4.7959601407478964e-11,0.050025012506243166,-0.0012269492517639783,-0.25325299100515236,0.0
456,[CH]=C=O + [Pt] <=> C#CO[Pt],0.001434228283582331,0.004860041138929808,0.0014312705677898016,0.004857083321784432,0.0020164902931506393,0.005442323095397436,0.003425763722067543,0.0013498177819935982,0.004775627745628084,3.175273170056288e-10,3.1744611212684856e-10,0.050025012506243166,0.0064354582089621555,3.6667103309754605,0.0
457,[CH]=C=O + [Pt] <=> O=C=C[Pt],-0.0009892673385655628,-0.0007955439582481158,-0.000988633773564371,-0.0007949103920342931,-0.001113992246572061,-0.0009202691078853723,0.00019372529677584197,-0.0009831129274724816,-0.0007893895352358713,-2.533592217936581e-11,-2.541712705814581e-11,0.050025012506243166,-0.0010267218126838642,0.5556283294035456,0.0
458,O=C=C[Pt] + [Pt] <=> O=C=C=[Pt] + [Pt],0.00016878321095135845,0.000596730775234385,0.00016849280780605077,0.0005964403708365117,0.00022595257114953204,0.0006539003800801632,0.00042794684198343427,0.00015619049851320102,0.0005841380089118912,3.852359449324083e-11,3.8442389614460786e-11,0.050025012506243166,0.0006433233459434835,0.6156667539952843,0.0
459,O=C=C=[Pt] + [H][H].[Pt] <=> [Pt] + O=C=C[Pt],-0.00022661052503662147,-0.000843903292038344,-0.00022595910358112547,-0.0008432518746153591,-0.00035485069140813065,-0.0009721426668040797,-0.0006172941658574259,-0.00022042849217645017,-0.0008377212973515934,-5.79965244246893e-11,-5.807772930346928e-11,0.050025012506243166,-0.0014256935246460673,-0.24888656012575322,0.0
460,O=C=C=[Pt] + O=C[Pt] <=> O=C=[Pt] + O=C=C[Pt],-9.793804555696479e-05,-0.0005532467716007988,-9.752200265401727e-05,-0.0005528307306042875,-0.0001798411065415985,-0.0006351494596807514,-0.0004553091719685819,-9.223561811716692e-05,-0.0005475443701398436,-3.7273039360028546e-11,-3.735424423880854e-11,0.050025012506243166,-0.0009043605998883148,-0.25325299100515236,0.0
461,O=[Pt] + O=C=C[Pt] <=> O=C=C=[Pt] + O[Pt],-7.15693369154762e-05,-0.00036708228991281757,-7.133462617193305e-05,-0.0003668475798719579,-0.00011777497523135123,-0.0004132877916842701,-0.0002955131644902024,-6.625597895698761e-05,-0.00036176894764975933,-2.5433368033901835e-11,-2.5514572912681833e-11,0.050025012506243166,-0.0005461759588652721,-0.15500829621867085,0.0
462,C=[Pt] + O=C=C[Pt] <=> O=C=C=[Pt] + C[Pt],-0.0004885108810855231,-0.0012984318939036614,-0.00048740680749989113,-0.00129732782927097,-0.0007058610769294701,-0.0015157803293908685,-0.0008099249693956671,-0.00048136641963215015,-0.0012912874903186554,-9.02511022761127e-11,-9.033230715489265e-11,0.050025012506243166,-0.0023738075278915247,-0.24233691380665445,0.0
463,O=C=C=[Pt] + C.[Pt] <=> C[Pt] + O=C=C[Pt],-0.00034596759926099643,-0.0009479367776692391,-0.00034518514740106913,-0.0009471543305224573,-0.0005000026816120272,-0.0011019709327726125,-0.0006019712610327273,-0.0003394921186920231,-0.0009414613360834589,-6.36321430120226e-11,-6.371334789080257e-11,0.050025012506243166,-0.0016470560823057402,-0.24124530608680464,0.0
464,O=C=C=[Pt] + C=[Pt] <=> C#[Pt] + O=C=C[Pt],-0.0002314830751169636,-0.0008936499294446653,-0.00023075159278186918,-0.0008929184519559237,-0.0003754841916273283,-0.0010376500924311328,-0.0006621683871424738,-0.00022511370042344373,-0.0008872805969368619,-6.028650200628583e-11,-6.03677068850658e-11,0.050025012506243166,-0.001553616610733558,-0.25325299100515236,0.0
465,C~[Pt] + O=C=C[Pt] <=> O=C=C=[Pt] + C#[Pt],-0.0006664505810314498,-0.0010418592473329215,-0.0006655773527657002,-0.0010409860223499108,-0.0008383560915305148,-0.0012137641124876062,-0.00037541116822939214,-0.0006597831990768464,-0.0010351918904163324,-5.0947940946583684e-11,-4.115463256571341e-11,0.0,-0.001724551517068213,0.15937472709807005,0.0
466,O=C=C=[Pt] + O.[Pt] <=> O[Pt] + O=C=C[Pt],-5.878910949734677e-05,-0.0006410591505811666,-5.82860068980998e-05,-0.0006405560509194044,-0.00015783092033668945,-0.0007401003847459487,-0.000582270383403284,-5.2904502983923474e-05,-0.000635174578339026,-4.372070673516203e-11,-4.380191161394201e-11,0.050025012506243166,-0.0010823405457568,-0.24561173696620384,0.0
467,O=C=C=[Pt] + C=O.[Pt] <=> O=C[Pt] + O=C=C[Pt],-0.00016444354829105192,-0.0006405473081697581,-0.00016395906780004296,-0.0006400628299903826,-0.0002598193735893555,-0.0007359226793897973,-0.00047610454280325745,-0.0001586013417150801,-0.0006347051294066481,-4.198292232926963e-11,-4.206412720804962e-11,0.050025012506243166,-0.001081228171102798,-0.249978167845603,0.0
468,C=O.[Pt] + O=C=C[Pt] <=> O=C=C=[Pt] + CO[Pt],5.7729346155524325e-06,-0.00012994423022261796,5.778973314978837e-06,-0.0001299381915496991,4.58414417313812e-06,-0.00013113301907538279,-0.00013571715701182294,1.0612727437689313e-05,-0.0001251044439813749,-1.3463768901727088e-11,-1.3544973780507096e-11,0.0,-7.415831077853549e-05,-0.18557331237446512,0.0
469,C#C.[Pt] + O=C=C[Pt] <=> C=C[Pt] + O=C=C=[Pt],-0.00010259725943658094,-0.00041452750192948906,-0.00010230783739872132,-0.0004142380808024074,-0.00015957347570398763,-0.0004715035404762584,-0.00031193056252013326,-9.781235131395e-05,-0.00040974260872868404,-2.7707104639742354e-11,-2.7788309518522353e-11,0.050025012506243166,-0.0006284916838097081,-0.2259627980089075,0.0
470,O=C=C=[Pt] + C#CO.[Pt] <=> C#CO[Pt] + O=C=C[Pt],-0.00032763526664170243,-0.0010215416831544245,-0.0003267743163828498,-0.001020680738873266,-0.0004971237033796879,-0.0011910289437915306,-0.0006939086899971032,-0.00032099828685545,-0.0010149047494238152,-6.93002435508679e-11,-6.938144842964787e-11,0.050025012506243166,-0.0017590351315615903,-0.18993974325386428,0.0
471,O=C=C=[Pt] + C#CC.[Pt] <=> C#CC[Pt] + O=C=C[Pt],-7.48366908594701e-05,-0.0007993906482730535,-7.418637952081282e-05,-0.0007987403416559365,-0.00020285831672637824,-0.0009274113465668043,-0.0007245544996465004,-6.863367206202247e-05,-0.0007931876744208166,-5.297806291608415e-11,-5.2961821940328104e-11,0.0,-0.0014160529442382782,-0.25325299100515236,0.0
472,C#CC=[Pt] + O=C=C[Pt] <=> O=C=C=[Pt] + C#CC[Pt],0.00017697796852876948,0.00025906510397773354,0.0001767812975434692,0.0002588684328218569,0.00021569502391751355,0.0002977821911429083,8.208699016583851e-05,0.0001743639843390804,0.00025645111762590716,1.5851192337859636e-11,1.5769987459079605e-11,0.050025012506243166,0.00038265688358653894,0.11461881058422844,0.0
473,O=C=C=[Pt] + C#CC=[Pt] <=> C#CC#[Pt] + O=C=C[Pt],-7.505139006588309e-05,-0.0004679741546349616,-7.471731080451211e-05,-0.00046764007669652984,-0.00014081892096670588,-0.0005337414271256415,-0.00039292305946455523,-6.953125120786427e-05,-0.0004624540374712394,-3.244946956049544e-11,-3.249819248776343e-11,0.0,-0.0007482573557093668,-0.2477949524059034,0.0
474,C#CC#C.[Pt] + O=C=C[Pt] <=> O=C=C=[Pt] + C#CC(=C)[Pt],-0.0003552863841153682,-0.0009408381667148063,-0.0003545025161202065,-0.0009400543033221591,-0.0005096002491370002,-0.0010951511281597145,-0.0005855538630027964,-0.00034880950816068514,-0.0009343613287017597,-6.251151568485833e-11,-6.25927205636383e-11,0.0,-0.001635932335677994,-0.24670334468605362,0.0
475,C#CC#C.[Pt] + O=C=C[Pt] <=> O=C=C=[Pt] + C#CC=C[Pt],-0.0006092200932439329,-0.0014147621822823018,-0.0006079882806834307,-0.0014135303796435706,-0.0008517172452572764,-0.0016572573808819018,-0.0008055469965909224,-0.0006017957500328765,-0.0014073378988856305,-9.634146818461409e-11,-9.642267306339404e-11,0.050025012506243166,-0.002563652803475803,-0.2477949524059034,0.0
476,O=C=C=[Pt] + C#CC#CO.[Pt] <=> C#CC#CO[Pt] + O=C=C[Pt],-0.00032763526664170243,-0.0010215416831544245,-0.0003267743163828498,-0.001020680738873266,-0.0004971237033796879,-0.0011910289437915306,-0.0006939086899971032,-0.00032099828685545,-0.0010149047494238152,-6.93002435508679e-11,-6.938144842964787e-11,0.050025012506243166,-0.0017590351315615903,-0.18993974325386428,0.0
477,C#C.[Pt] + O=C=C=[Pt] <=> C#C[Pt] + O=C=C[Pt],-0.00032763526664170243,-0.0010215416831544245,-0.0003267743163828498,-0.001020680738873266,-0.0004971237033796879,-0.0011910289437915306,-0.0006939086899971032,-0.00032099828685545,-0.0010149047494238152,-6.93002435508679e-11,-6.938144842964787e-11,0.050025012506243166,-0.0017590351315615903,-0.18993974325386428,0.0
478,C#CC#CC#C.[Pt] + O=C=C[Pt] <=> O=C=C=[Pt] + C#CC=C([Pt])C#C,-0.00013976061367798723,-0.0007658098501878936,-0.00013914423610101746,-0.0007651934764692737,-0.00026110196947651216,-0.0008871504463214878,-0.0006260501114830996,-0.00013363948358318683,-0.0007596887584209283,-5.0947940946583684e-11,-5.101290484960766e-11,0.0,-0.0013055570611804534,-0.25325299100515236,0.0
479,C#CC#CC#C.[Pt] + O=C=C[Pt] <=> O=C=C=[Pt] + C#CC#CC(=C)[Pt],-0.0001046107205841308,-0.0006244944476013491,-0.00010413938502623602,-0.0006240231145088383,-0.00019739880720893776,-0.0007172820518703831,-0.0005198842708830731,-9.880462980847455e-05,-0.0006186883870291648,-4.31522725837019e-11,-4.323347746248188e-11,0.0,-0.0010244970633539285,-0.2521613832853026,0.0
480,C#CC#CC#C.[Pt] + O=C=C[Pt] <=> O=C=C=[Pt] + C#CC#CC=C[Pt],-0.0003205893497328864,-0.0010024564285020388,-0.00031975078072111427,-0.001001617865221963,-0.0004856717695757012,-0.0011675377227137241,-0.000681869264771917,-0.00031399675319857765,-0.0009958638769333333,-6.743253133892746e-11,-6.751373621770743e-11,0.050025012506243166,-0.0017668217542053989,-0.24233691380665445,0.0
481,O=C=C=[Pt] + C#CC#CC#CO.[Pt] <=> C#CC#CC#CO[Pt] + O=C=C[Pt],-0.00032763526664170243,-0.0010215416831544245,-0.0003267743163828498,-0.001020680738873266,-0.0004971237033796879,-0.0011910289437915306,-0.0006939086899971032,-0.00032099828685545,-0.0010149047494238152,-6.93002435508679e-11,-6.938144842964787e-11,0.050025012506243166,-0.0017590351315615903,-0.18993974325386428,0.0
482,O=C=C=O + 2 [Pt] <=> 2 O=C=[Pt],-0.0004112662495404213,-0.0008961247438921263,-0.00041053025700307257,-0.0008953887549356089,-0.0005561552536117601,-0.0010410130454592138,-0.00048486048842893113,-0.0004048881964656987,-0.0008897467217562815,-6.066004444867392e-11,-6.074124932745389e-11,0.050025012506243166,-0.0015892125999028687,-0.2521613832853026,0.0
483,O=C=C=O + 2 [Pt] <=> O=C=C=[Pt] + O=[Pt],-0.0001063071544308722,-0.0004674895270786219,-0.0001059777875015576,-0.00046716016134416686,-0.0001711470053536463,-0.000532329143816017,-0.0003611827566099258,-0.00010078638438044458,-0.0004619687769756585,-3.025693783343494e-11,-2.8908936845686607e-11,0.0,-0.000766055350304988,-0.25325299100515236,0.0
484,O=C=C=O.[Pt] + [Pt] <=> 2 O=C=[Pt],-0.00032763526664170243,-0.0010215416831544245,-0.0003267743163828498,-0.001020680738873266,-0.0004971237033796879,-0.0011910289437915306,-0.0006939086899971032,-0.00032099828685545,-0.0010149047494238152,-6.93002435508679e-11,-6.938144842964787e-11,0.050025012506243166,-0.0017590351315615903,-0.18993974325386428,0.0
485,O=C=C=O.[Pt] + [Pt] <=> O=C=C=[Pt] + O=[Pt],-0.00012105375791006913,-0.0006256145131669444,-0.00012057765095734168,-0.0006251384086263721,-0.00021478115148359337,-0.0007193414338471185,-0.0005045613660583744,-0.00011522741971148509,-0.000619788204387146,-4.313603160794589e-11,-4.321723648672588e-11,0.050025012506243166,-0.0010282049788818896,-0.2521613832853026,0.0
486,O=C=C=O + [Pt] <=> O=C=C=O.[Pt],-0.001362985989742881,-0.0008146523693582282,-0.0013623357174267713,-0.0008140020934915015,-0.0014909999336397035,-0.0009426670152200588,0.0005483410941867429,-0.0013567918635903717,-0.0008084582092488151,-3.7711545705440647e-11,-3.7760268632708635e-11,0.0,-0.0008049884634582362,0.7422932494978605,0.0
