,Reaction,SYNGAS Selec,SYNGAS Yield,CO Selectivity,CO % Yield,H2 Selectivity,H2 % Yield,CH4 Conversion,H2O+CO2 Selectivity,H2O+CO2 yield,Exit Temp,Peak Temp,Dist to peak temp,O2 Conversion,Max CH4 Conv,Dist to 50 CH4 Conv
0,[H][H] + 2 [Pt] <=> 2 [Pt],0.00047605431598808054,0.0011705762503089851,-0.0005021369647238082,0.0001923781758770675,0.0014739893077168483,0.00216851817288152,0.000694518628035313,-0.0012569032671055874,-0.0005623933684988753,-0.000790399791412872,-0.0015207561895418656,0.0,0.0,0.01621244106340989,0.0
1,O=C=O + [Pt] <=> O=C=O.[Pt],3.85277730163887e-08,3.164722240701498e-08,6.501774587033568e-08,5.813717828513398e-08,1.1503129306969918e-08,4.622556495716968e-09,-6.880557128388985e-09,-1.7476735676778482e-07,-1.8164790665566244e-07,-2.125204724762166e-08,1.0753710634251758e-08,0.0,0.0,6.677256276513141e-07,0.0
2,[C-]#[O+] + [Pt] <=> O=C=[Pt],-1.5816137879057925e-05,-0.00012046879255315138,0.0001501784700387258,4.552564164979522e-05,-0.00018516116368924376,-0.00028981364114225787,-0.00010465267121839127,-2.8447582855113526e-05,-0.00013310022430420575,9.198062207722339e-05,-0.0001546498389463715,0.0,0.0,0.0018324317700286654,0.0
3,[O][O] + 2 [Pt] <=> 2 O=[Pt],-0.3048258843378202,2.073503101829859,-0.23251687813264327,2.1475371123488753,-0.37859436799958807,1.9979747965466894,2.385600915254376,-2.006690596174107,0.3310386898516152,0.3059404416250004,0.4165573796063492,0.08771929824562774,0.0,5.644485842938715,0.0
4,O=C=[Pt] + O=[Pt] <=> O=C=O.[Pt] + [Pt],3.5405209064616e-05,4.9016164544875636e-05,6.728953575976239e-05,8.090049557235595e-05,2.877332437416868e-06,1.6488283478139005e-05,1.3610950655824438e-05,-0.0002502074443155979,-0.00023659652771761204,-2.8882490729186787e-05,3.128760883409873e-05,0.0,0.0,-0.00021611554838173346,0.0
5,C=[Pt] + [Pt] <=> C[Pt] + [Pt],-0.3071941174639941,2.14713686204887,-0.23561932408554082,2.2204737508080736,-0.38021356902373543,2.0723197491585488,2.4618937723597707,-2.1041250940662684,0.3059673536400322,0.3048963472514851,0.40154945576207707,-0.08771929824561216,0.0,4.897062055385649,0.0
6,C[Pt] + [Pt] <=> C + 2 [Pt],-0.335503220972035,2.305575788283207,-0.2608960378765253,2.382160039156918,-0.411616267687336,2.2274457688593876,2.6499697430981146,-2.242451040890349,0.34809442812038666,0.3299258645682784,0.4337211099445205,0.0,0.0,5.000611534890493,0.0
7,C=[Pt] + [Pt] <=> C#[Pt] + [Pt],-0.3354769778695445,2.3056128713784134,-0.26088030441994126,2.382186341696773,-0.4115793028133399,2.2274938501035724,2.649979921803773,-2.2425362044391886,0.34801695820776984,0.32990446724100203,0.43364886856943846,0.0,0.0,5.0015122244311625,0.0
8,O=C=[Pt] + [Pt] <=> C~[Pt] + O=[Pt],0.009384691938380006,0.019587003420429874,0.007666830428946919,0.017868966665852335,0.011137226585754566,0.021339716850078634,0.010201354116398454,-0.06243887947737866,-0.052243894972182514,-0.012969594297804777,-0.017279999869386997,0.0,0.0,0.08620704654907371,0.0
9,C#[Pt] + [Pt] <=> C~[Pt] + [Pt],9.904121870289934e-10,-2.6093671666567697e-08,8.681291722621799e-09,-1.840279877068982e-08,-6.8557115572908206e-09,-3.3939796100817434e-08,-2.708408942223463e-08,6.523463492936674e-08,3.8150544684498993e-08,1.4445547728801612e-08,-3.3789556995327854e-08,0.0,0.0,-5.507310755117796e-07,0.0
10,C~[Pt] + [H][H] <=> C=[Pt],1.5248551081935735e-06,2.5925603611559833e-06,1.1972771286278033e-07,1.1874329374132119e-06,2.9583434609471957e-06,4.026048710838363e-06,1.067705233659963e-06,-4.594575984508927e-06,-3.5268707919188267e-06,-1.6207892993673887e-06,-8.877773992209595e-06,0.0,0.0,3.537337782401609e-05,0.0
11,C + O=[Pt] + [Pt] <=> C[Pt] + O[Pt],-0.33826154867720915,2.3002298789537274,-0.26364805833970595,2.3768187216952947,-0.4143810299392198,2.2220951749803093,2.647446721912892,-2.224204006169605,0.36435809969330196,0.3335936467517458,0.4338452130775227,0.08771929824562774,0.0,5.000789617570418,0.0
12,O=C=[Pt] + O[Pt] <=> O=C=O.[Pt] + [Pt],-0.3355084492964325,2.3055661955778546,-0.26089782607871664,2.3821539745724345,-0.4116250055690083,2.2274325768219225,2.6499655030404208,-2.2424303316819674,0.34811154113917236,0.32993168951703766,0.43380808479401256,0.0,0.0,5.000552829205938,0.0
13,O[Pt] + [Pt] <=> [Pt] + O=[Pt],1.4424614502248144e-08,3.8874947128039736e-07,-6.178664214822217e-07,-2.4354158195262893e-07,6.594777469592558e-07,1.0338025818137588e-06,3.7432485879875247e-07,3.3689080927982116e-07,7.112156749879222e-07,-3.1024301304711094e-07,8.680309667830928e-07,0.0,0.0,7.942129166367788e-05,0.0
14,C + O[Pt] + [Pt] <=> C[Pt] + O.[Pt],-0.3386180620963925,2.302652028731624,-0.2639570974424605,2.3792916913431537,-0.41478597589148214,2.2244654791452554,2.650244296706334,-2.2265186366978043,0.3647174768243443,0.33390827642983406,0.43429666783579307,0.08771929824562774,0.0,5.002844839399796,0.0
15,O + [Pt] <=> O.[Pt],-1.738116963337142e-08,-3.224110826665659e-08,-1.0517722062892563e-08,-2.5377657167735834e-08,-2.4383160611898056e-08,-3.924311030850298e-08,-1.4859940978598946e-08,9.194359547085805e-08,7.708366275683423e-08,2.1245879067214104e-08,5.4564701496313e-08,0.0,0.0,-2.00021929759236e-08,0.0
16,O.[Pt] + [Pt] <=> [Pt] + O[Pt],-4.102057209953741e-05,-7.040292070530717e-06,-0.00010355608057639513,-6.957582180270261e-05,2.2777146560520636e-05,5.675744826639291e-05,3.398029397516569e-05,0.00016939643851408704,0.0002033767900580679,-7.599445106076108e-06,0.0002867903770835057,0.0,0.0,-0.001680191580066975,0.0
17,O.[Pt] + O=[Pt] <=> 2 O[Pt],-0.3382254975279678,2.3000168412726674,-0.26360753589817887,2.376610086471178,-0.4143495403303624,2.2218776459835126,2.6471958300674228,-2.2240016619719913,0.3643204888390832,0.3335725403731806,0.4338071002658002,0.08771929824562774,0.0,5.000311647583075,0.0
18,[H] + [Pt] <=> [Pt],-2.3603417733510406e-08,1.1808328130833739e-08,-4.594922036825378e-08,-1.053747893213479e-08,-8.065774472343953e-10,3.4605140878028374e-08,3.541174728505487e-08,1.553181092266107e-08,5.094356807068455e-08,-4.010426369907359e-09,-1.0917231616758597e-07,0.0,0.0,1.5025068576549915e-08,0.0
19,C + [Pt] <=> C.[Pt],0.0011225978234050515,0.0015188316281979576,0.0010156946941693495,0.0014119280753744727,0.0012316586742643458,0.0016278929111674626,0.0003962293567315287,-0.004524320973420016,-0.00412810954336834,-0.000866558790380252,-0.01115863968489403,0.0,0.0,-0.07678914548512271,0.0
20,[CH3] + [Pt] <=> C[Pt],1.7262866037693758e-08,6.023667015242045e-08,1.727091862023861e-08,6.024474380077569e-08,1.7254663219173388e-08,6.022847306673251e-08,4.297381248207252e-08,-2.0133230258501456e-07,-1.5835848355737103e-07,-3.75936002353914e-08,1.2651413645894443e-07,0.0,0.0,2.970382236308325e-07,0.0
21,[H][H] + [Pt] <=> [H][H].[Pt],2.9233424861790464e-06,4.834569548188155e-06,8.718436165911457e-07,2.7830706149825074e-06,5.016248607763164e-06,6.927475682857214e-06,1.9112269974391692e-06,-1.0052697329914779e-05,-8.141470526268473e-06,-2.9593222157513123e-06,-2.0038460714214924e-05,0.0,0.0,0.00010924669862060081,0.0
22,[OH] + [Pt] <=> O[Pt],-0.33550897413806363,2.3055655441222163,-0.2608987907804402,2.382152871516205,-0.41162508167245676,2.2274323860819742,2.64996538995513,-2.242427037174739,0.3481148124002644,0.3299320670939317,0.4338098103992838,0.0,0.0,5.000554601584215,0.0
23,[CH]=O + [Pt] <=> O=C[Pt],-0.3409425368624471,2.2944745485464595,-0.26633274196919804,2.3710573495387623,-0.4170582480917413,2.216346008268324,2.6444330826465174,-2.205553495693347,0.38055520065759835,0.3372077551503846,0.43380779329200947,0.1754385964912399,0.0,5.000554897003355,0.0
24,O=C=O + 2 [Pt] <=> O=C=[Pt] + O=[Pt],0.00540495250614926,0.008444852883444319,0.009502022373213235,0.012542047290604135,0.0012251878072274175,0.004264961130695074,0.0030397360810037353,-0.03970863668952477,-0.03667010764627611,-0.005192994189741767,0.0050843009817777935,0.0,0.0,-0.0408005908450566,0.0
25,O + 2 [Pt] <=> [Pt] + O[Pt],-0.30476831167049795,2.096684615150478,-0.23599924215825815,2.167110189998601,-0.37492540892550524,2.024837577828241,2.408794168138826,-2.0363131037134115,0.32343047313811973,0.302816632906399,0.40356183296916787,0.0,0.0,4.754947165557135,0.0
26,CC + 2 [Pt] <=> 2 C[Pt],-9.710020888171679e-06,-0.00012158527948248212,0.00016871173880958186,5.6836280594274035e-05,-0.00019173302681665404,-0.0003036080817805978,-0.00011187526944812719,-5.429807951939598e-05,-0.0001661732882236962,9.370272829295279e-05,-0.00019809207243749006,0.0,0.0,-0.020105388074468104,0.0
27,C=O + 2 [Pt] <=> O=C[Pt] + [Pt],-0.33551070574941266,2.3055803840509927,-0.26090202310417837,2.382166183404008,-0.41162528228118167,2.227448784893544,2.6499820633232996,-2.242441425729328,0.34811634203161024,0.3299321214843822,0.43381788128747,0.0,0.0,5.00044262394211,0.0
28,C=O + 2 [Pt] <=> C=[Pt] + O=[Pt],-0.3354080115468773,2.305780011854056,-0.2608068240006176,2.382358188009259,-0.4115149416993863,2.2276561897602116,2.65007659260466,-2.2431844105983885,0.34744607701204766,0.329767888663907,0.4336976904484475,0.0,0.0,5.001330030424435,0.0
29,CO + 2 [Pt] <=> C[Pt] + O[Pt],-0.30676647387514366,2.1186206113520485,-0.2352659624443897,2.191860623156865,-0.37971014418809557,2.043902330770461,2.432850254166554,-2.0635309555629497,0.319116680506383,0.30590578150734443,0.399110283657005,0.0,0.0,4.831152077100008,0.0
30,CC=O + 2 [Pt] <=> C[Pt] + O=C[Pt],8.145660900581446e-07,2.2398626842301656e-06,-8.192976747159357e-07,6.059988824992602e-07,2.4814075787399983e-06,3.906704183390944e-06,1.4252965796633925e-06,-2.9642406380480447e-06,-1.5389441022988318e-06,-1.5519175567726339e-06,-8.671312087262875e-08,0.0,0.0,-0.00013365475921889888,0.0
31,C=C + 2 [Pt] <=> 2 C=[Pt],-0.33382393965506557,2.3024705286161855,-0.2577772270096033,2.380528771509918,-0.41140557123496674,2.2228367662707607,2.6451245271766486,-2.2331908941767167,0.35286295291939107,0.33310309157590795,0.4320930302688336,0.0,0.0,5.000622956915289,0.0
32,C.[Pt] + [Pt] <=> C[Pt] + [Pt],4.1027231686254007e-07,1.455016893515804e-06,-1.150129419299034e-06,-1.0538486131903316e-07,2.0021690392875263e-06,3.046913615230779e-06,1.044744572241852e-06,-7.33363750450104e-07,3.1138081730237623e-07,-1.0394322250645167e-06,-4.4773696686292034e-07,0.0,0.0,0.00010883250463455722,0.0
33,O=C[Pt] + [Pt] <=> O=C=[Pt] + [Pt],2.1178890842227005e-06,2.9438960014162867e-06,1.347280943703071e-06,2.17328785727593e-06,2.9040510992591853e-06,3.7300580201465776e-06,8.260069047217928e-07,-7.181830478833332e-06,-6.35582362510338e-06,-1.6892471706773842e-06,-9.40976387657549e-06,0.0,0.0,-5.156760897578246e-06,0.0
34,C[Pt] + [H][H].[Pt] <=> C.[Pt] + [Pt],-0.33550883698883177,2.3055656647166693,-0.26089869251344566,2.3821529521829117,-0.4116249048561926,2.227432547410032,2.6499653696979855,-2.2424274179897044,0.3481144016909439,0.3299319724135688,0.4338077551639153,0.0,0.0,5.000555507072619,0.0
35,C#[Pt] + [H][H].[Pt] <=> C=[Pt] + [Pt],7.254533807119749e-06,1.2941418530477665e-05,1.9668083366356756e-07,5.883565156799626e-06,1.4454841762831006e-05,2.0141726901952475e-05,5.686884319030248e-06,-2.2926363836198203e-05,-1.7239480813135216e-05,-8.113323201245462e-06,-3.818169478226168e-05,0.0,0.0,0.00015929039845638014,0.0
36,C=[Pt] + [H][H].[Pt] <=> C[Pt] + [Pt],-1.5640945410061878e-08,-1.2221336835911597e-08,-2.489199605327944e-08,-2.1472395019084872e-08,-6.2031602268362835e-09,-2.783556257057201e-09,3.419618694997079e-09,7.408686215146145e-08,7.750647948177439e-08,1.1707576115210593e-08,-5.728420785232579e-08,0.0,0.0,1.210714644534377e-07,0.0
37,C~[Pt] + [H][H].[Pt] <=> C#[Pt] + [Pt],3.764439149720927e-06,6.674662772567398e-06,2.89923619514093e-07,3.200147138715073e-06,7.3090839398227565e-06,1.0219307668406687e-05,2.9102235185629733e-06,-1.230337094705101e-05,-9.393147786440766e-06,-4.1891643798627786e-06,-2.3119602694951943e-05,0.0,0.0,5.9266225219288014e-05,0.0
38,[H][H].[Pt] + O=[Pt] <=> [Pt] + O[Pt],8.005930208297055e-07,2.205294724201095e-06,-1.2703421059815251e-06,1.3435955813702452e-07,2.9133276867338507e-06,4.318029410390183e-06,1.4047016873602943e-06,-1.7992519486710217e-06,-3.9455028573712865e-07,-1.521165246928519e-06,-1.470783595806655e-06,0.0,0.0,3.043676147130481e-05,0.0
39,[H][H].[Pt] + O[Pt] <=> O.[Pt] + [Pt],-0.33550903476226523,2.3055663534211273,-0.2609001853039401,2.382152312220362,-0.41162378147407547,2.227434591599193,2.6499662644186697,-2.2424261743008183,0.3481165529943898,0.3299314391428896,0.4338101460146628,0.0,0.0,5.000548866371196,0.0
40,O=C=[Pt] + [H][H].[Pt] <=> O=C[Pt] + [Pt],9.17659419951996e-07,2.090617219252673e-06,-6.813743193178105e-07,4.915834680556185e-07,2.548967889815809e-06,3.7219257012844725e-06,1.1729577936538204e-06,-2.607081302552812e-06,-1.4341235406264865e-06,-1.3896338782707321e-06,-3.5214995027838004e-06,0.0,0.0,2.3807353164617096e-05,0.0
41,C.[Pt] + O=C=[Pt] <=> C[Pt] + O=C[Pt],1.2343133465244985e-07,1.853706391943658e-07,7.785381057242724e-08,1.3979311034983023e-07,1.699287907355935e-07,2.3186808037801606e-07,6.193930479041204e-08,-4.6537287682076163e-07,-4.0343357111850916e-07,-1.0373281945161568e-07,-5.914808359539516e-07,0.0,0.0,-7.398669821345091e-07,0.0
42,O=C[Pt] + C#[Pt] <=> C=[Pt] + O=C=[Pt],-3.0601028062319756e-06,-4.868644996510185e-06,-1.0493644045664034e-06,-2.857906623091474e-06,-5.1114257548508555e-06,-6.919967904015559e-06,-1.8085422379582443e-06,1.0167574120467682e-05,8.359031704581185e-06,2.9402912777319e-06,1.3080625023837259e-05,0.0,0.0,-4.1799409012133e-05,0.0
43,C=[Pt] + O=C[Pt] <=> C[Pt] + O=C=[Pt],-0.33550884130036357,2.30556567229203,-0.26089866043114257,2.382152997125541,-0.4116249462961286,2.2274325168639266,2.6499653817395314,-2.2424274162654574,0.34811441523240555,0.32993200477458684,0.4338077978935482,0.0,0.0,5.000554861822572,0.0
44,O=C[Pt] + C~[Pt] <=> C#[Pt] + O=C=[Pt],-1.910562897127218e-08,-2.384538389428259e-08,-2.5239683567032725e-08,-2.9979436694775506e-08,-1.284776525587574e-08,-1.7587522010389268e-08,-4.739745086528518e-09,9.943895130826688e-08,9.469920934316425e-08,1.79043402988532e-08,-6.951681018987127e-09,0.0,0.0,6.180050855833692e-09,0.0
45,O=C[Pt] + O=[Pt] <=> O=C=[Pt] + O[Pt],-3.6866945381987337e-09,-1.0191854471193508e-07,1.4908731146399494e-07,5.0855453235534786e-08,-1.5954427517949886e-07,-2.577761368961085e-07,-9.823184402918634e-08,-5.153260217834027e-08,-1.4976444762986563e-07,8.056958971878647e-08,-1.8423640997254003e-07,0.0,0.0,-7.3955154574798164e-06,0.0
46,O=C[Pt] + O[Pt] <=> O=C=[Pt] + O.[Pt],-0.3355088535653957,2.3055656719999,-0.26089870061807463,2.3821529681807694,-0.4116249300756882,2.2274325458027393,2.6499653940788437,-2.2424273450363525,0.34811450041166925,0.329932002418517,0.4338078136071166,0.0,0.0,5.00055468181809,0.0
47,C.[Pt] + O=[Pt] <=> C[Pt] + O[Pt],-0.3355125637560531,2.30560041878501,-0.26093897939041444,2.3821502061783137,-0.411591333588228,2.2275055584489003,2.650004079166723,-2.242408378652191,0.348171787008671,0.3299182828079682,0.4338200837358013,0.0,0.0,5.000531557016476,0.0
48,C=[Pt] + C.[Pt] <=> 2 C[Pt],-1.711220486254385e-08,-1.0065011578864297e-07,1.0207093414485803e-07,1.8533018079224507e-08,-1.387009239451782e-07,-2.2223884938817984e-07,-8.353791348485503e-08,2.8430406090495284e-08,-5.5107500137891656e-08,8.026956708880495e-08,-3.9451399028240605e-07,0.0,0.0,-1.8861844632896587e-05,0.0
49,C.[Pt] + C#[Pt] <=> C=[Pt] + C[Pt],3.1371227077979752e-06,4.69379545672393e-06,1.4656433026694556e-06,3.022316005691713e-06,4.842339067004806e-06,6.39901183553714e-06,1.5566727057307364e-06,-1.0378583796672408e-05,-8.821911248642305e-06,-2.769529834148448e-06,-1.3879754370601383e-05,0.0,0.0,3.897174391614869e-05,0.0
50,C.[Pt] + C~[Pt] <=> C[Pt] + C#[Pt],-6.329607578455644e-09,-2.782290108474941e-08,-1.0707247073856184e-09,-2.256402524513074e-08,-1.169463519414296e-08,-3.318794128723605e-08,-2.149329331631491e-08,8.014164784727232e-08,5.8648363680079805e-08,1.6244574403696327e-08,-4.045626480916957e-09,0.0,0.0,2.684187467237835e-09,0.0
51,C.[Pt] + O[Pt] <=> C[Pt] + O.[Pt],-0.33823965274576573,2.3243091836709806,-0.2632613530435201,2.4012905925289396,-0.4147313066467615,2.245773990067469,2.671585196909574,-2.2603661772747277,0.3508314114468239,0.3323513547674019,0.4372512440503876,0.0,0.0,5.01712955517805,0.0
52,C#[Pt] + O[Pt] <=> C=[Pt] + O=[Pt],5.768485236507025e-06,1.2242514995816314e-05,-3.2863574826950267e-06,3.187671691212935e-06,1.5006089971180581e-05,2.1480120315410363e-05,6.474029385356972e-06,-1.5818503798950667e-05,-9.34447542830115e-06,-8.01963860063153e-06,-1.5291668301667847e-05,0.0,0.0,-0.0005057246349063,0.0
53,C=[Pt] + O[Pt] <=> C[Pt] + O=[Pt],-0.2955175739313831,2.068089992715813,-0.22479656018502964,2.140487528110379,-0.36766601325977677,1.9942311930006906,2.370613145100888,-2.028080823268228,0.29445437124299073,0.2952126112649904,0.38963320191762596,-0.08771929824561216,0.0,4.800262889848434,0.0
54,C~[Pt] + O[Pt] <=> C#[Pt] + O=[Pt],-0.3355088528298756,2.305565648878944,-0.26089867130612243,2.382152974375648,-0.4116249584933715,2.2274324927742803,2.649965370122512,-2.2424273249102025,0.34811449765203406,0.3299320243605443,0.433807793173538,0.0,0.0,5.00055490418478,0.0
55,2 C=[Pt] <=> C[Pt] + C#[Pt],-0.33550883261097786,2.305565690618646,-0.2608986690604969,2.382152997681515,-0.4116249199384432,2.227432553319865,2.6499653911781658,-2.2424273828969126,0.34811445871219093,0.32993200568848935,0.4338074067652402,0.0,0.0,5.000556604311558,0.0
56,C[Pt] + C~[Pt] <=> C=[Pt] + C#[Pt],1.0229007246130369e-05,1.8108109619649126e-05,2.9860678671952484e-06,1.0865169691702196e-05,1.7618137372068202e-05,2.5497240332903796e-05,7.879101576606405e-06,-3.962005840056277e-05,-3.174095993547239e-05,-1.1335046135378574e-05,-0.00012694077333349078,0.0,0.0,0.00022037331656908686,0.0
57,C=[Pt] + C~[Pt] <=> 2 C#[Pt],1.166723256816976e-10,3.930136218332553e-08,-1.011329998881075e-08,2.9071368626543598e-08,1.055312533681358e-08,4.9737797345153515e-08,3.9184688993511e-08,-9.811496031945427e-08,-5.893026509349674e-08,-1.9531572447507115e-08,-1.6281505149018212e-09,0.0,0.0,1.10949409680022e-09,0.0
58,C#[Pt] + O.[Pt] <=> C=[Pt] + O[Pt],-3.984458235264006e-05,-6.630522842816935e-05,-1.341642369721969e-06,-2.780229864206135e-05,-7.912466168175851e-05,-0.00010558529738189016,-2.6460656620580734e-05,0.00010770754047299626,8.124685536198914e-05,4.048799200070654e-05,0.0002539439603418616,0.0,0.0,-0.000866105459916679,0.0
59,C=[Pt] + O.[Pt] <=> C[Pt] + O[Pt],-4.7301242174623226e-08,-7.838674577595993e-07,1.2049292310785381e-06,4.683630003613506e-07,-1.3248066049897189e-06,-2.0613728051370565e-06,-7.365662096969462e-07,-6.176379901902473e-07,-1.3542041855241924e-06,6.24752928129593e-07,-1.5840410570814494e-06,0.0,0.0,-0.00015584298779868866,0.0
60,C~[Pt] + O.[Pt] <=> C#[Pt] + O[Pt],-0.00018011258596387908,-0.00030238648600613435,-5.688752837070149e-06,-0.00012796286614830498,-0.00035805697158754305,-0.0004803306540562198,-0.00012227412026795262,0.0004963568860472425,0.00037408215887049665,0.00018527840261341606,0.0012073824223504917,0.0,0.0,-0.0024116440592872376,0.0
61,CO + 2 [Pt] <=> CO[Pt] + [Pt],-8.603797503414009e-06,-1.1000110394254252e-05,-4.541802361134227e-06,-6.938115362105642e-06,-1.2747779532944282e-05,-1.5144092331190647e-05,-2.396313090249689e-06,2.284633941947298e-05,2.0450025783052477e-05,6.031577568752682e-06,1.6237379951300532e-05,0.0,0.0,-0.0013516480350658025,0.0
62,C=O + [Pt] <=> CO[Pt],-0.3355088642096881,2.3055656938816336,-0.2608987024408607,2.382152999142342,-0.4116249497195269,2.227432558421368,2.6499654269973836,-2.2424274168576743,0.34811445886747666,0.32993200228419856,0.43380779243854223,0.0,0.0,5.000554902249062,0.0
63,C.[Pt] + O=[Pt] <=> CO[Pt] + [Pt],-0.2967771758222595,2.1784968415237893,-0.2257883987885143,2.251248015703146,-0.36919878294437347,2.104277265215444,2.4826419319574886,-2.1977877066823437,0.23029102609364552,0.2871421919357386,0.39920681794914664,-0.1754385964912243,0.0,4.925054764267941,0.0
64,CO[Pt] + [Pt] <=> C[Pt] + O=[Pt],-0.33550886391032575,2.3055656367732618,-0.26089868937435023,2.382152955096489,-0.4116249624450157,2.2274324879868845,2.649965369388444,-2.242427289422881,0.34811453336215153,0.32993202662060844,0.4338077907400182,0.0,0.0,5.000554876776969,0.0
65,C=O + [Pt] <=> C=O.[Pt],-5.456427096633086e-07,1.909519584710252e-05,-3.396421297892118e-05,-1.432338097403234e-05,3.354744449199348e-05,5.318828972541503e-05,1.9640838669105502e-05,2.225373333104757e-05,4.189457637765956e-05,-1.5528568363886267e-05,5.119103779682478e-05,0.0,0.0,0.004394226288117416,0.0
66,O=C[Pt] + [Pt] <=> C=O.[Pt] + [Pt],6.950894353440406e-05,0.00017649633433364903,6.16188665786544e-05,0.00016860624893533534,7.755827297007113e-05,0.00018454567237482022,0.00010698731643670889,-0.0005971511286662519,-0.0004901644511048181,-0.0001219836675003042,-1.9390001382448445e-05,0.0,0.0,-0.0018426760604887675,0.0
67,C=O.[Pt] + C[Pt] <=> C.[Pt] + O=C[Pt],1.3125210561206959e-08,-2.2238343391026815e-08,2.8787287066581254e-08,-6.5762784578779704e-09,-2.8529999630298912e-09,-3.821656933329856e-08,-3.536355876458664e-08,2.865641035494883e-08,-6.707146917896871e-09,8.120321945629982e-09,-5.3896650940668996e-09,0.0,0.0,-2.1013560839646738e-08,0.0
68,C=O.[Pt] + [Pt] <=> C=[Pt] + O=[Pt],-6.085205594724065e-08,-1.4335909323005902e-07,-5.7952153660855616e-08,-1.4045919867367366e-07,-6.381048955960306e-08,-1.46317538716573e-07,-8.250704310307978e-08,4.7428203681834744e-07,3.9177499173578197e-07,8.938843377309449e-08,-1.1496812803245658e-08,0.0,0.0,9.032044297739842e-09,0.0
69,C=O.[Pt] + C#[Pt] <=> C=[Pt] + O=C[Pt],-0.3355088614904097,2.3055656303560355,-0.260898686756075,2.3821529488762168,-0.41162496022747486,2.2274324813687087,2.649965360457208,-2.24242728011209,0.348114534188714,0.3299320254208876,0.43380780697109483,0.0,0.0,5.000554697629322,0.0
70,C=O.[Pt] + C=[Pt] <=> C[Pt] + O=C[Pt],-4.783091797704504e-08,-1.1375242178975783e-07,-4.6622598248405446e-08,-1.1254411475062479e-07,-4.906363860185936e-08,-1.1498515669277479e-07,-6.592150349870966e-08,3.750130732801713e-07,3.090915699849029e-07,7.00346489103945e-08,-2.63886471475587e-09,0.0,0.0,7.119311112404928e-10,0.0
71,C=O.[Pt] + C~[Pt] <=> O=C[Pt] + C#[Pt],-9.559126526627948e-08,-3.06877635901201e-07,-8.162333816901609e-08,-2.9290973040689744e-07,-1.0984113184704951e-07,-3.21127527426985e-07,-2.1128637704484364e-07,9.663951334637082e-07,7.551087628437705e-07,1.7807824814759916e-07,-3.9144347746107725e-08,0.0,0.0,-7.43870087335368e-08,0.0
72,C=O.[Pt] + [Pt] <=> O=C[Pt] + [H][H].[Pt],-2.3823152236698493e-08,6.334182578616423e-09,-4.932829558598513e-08,-1.9170962917228137e-08,2.1967965683342865e-09,3.235412127702043e-08,3.015734309080806e-08,4.595509322562847e-08,7.611244718968167e-08,5.350361409042034e-10,-9.028418607201281e-09,0.0,0.0,9.455170684432124e-08,0.0
73,C=O.[Pt] + O=[Pt] <=> O=C[Pt] + O[Pt],-1.1657568876019026e-06,-6.219858300575908e-05,0.00010162161878580039,4.05887299001291e-05,-0.00010602778225528699,-0.00016706054439831762,-6.1032826838798676e-05,-5.764832590828279e-05,-0.00011868111756488953,4.967508117309349e-05,-0.0001398870419014763,0.0,0.0,-0.012998696732595245,0.0
74,C=O.[Pt] + O[Pt] <=> O=C[Pt] + O.[Pt],-0.3355089611100232,2.3055659944183575,-0.2608987793967055,2.382153320451542,-0.41162506696690976,2.227432837766386,2.649965828348848,-2.2424274640636677,0.34811480276198553,0.3299321278963906,0.433807872371753,0.0,0.0,5.000555239022098,0.0
75,C=O.[Pt] + O=C=[Pt] <=> 2 O=C[Pt],6.109130482209691e-09,-8.18139492121669e-09,1.125764583375461e-08,-3.0328915645227884e-09,8.5669803257646e-10,-1.3433834894068844e-08,-1.4290527865209788e-08,8.94325622803319e-09,-5.347263900534783e-09,1.9260094677645113e-09,-4.669868781603795e-09,0.0,0.0,-3.964623531722235e-09,0.0
76,C=O.[Pt] + [Pt] <=> CO[Pt] + [Pt],-0.3351734670795349,2.306478444889854,-0.26060012147733375,2.3830283837180084,-0.41125199332909596,2.2283834300623284,2.65053580472226,-2.245330151287346,0.34569237384082985,0.32933782116967986,0.43357167952270353,0.0,0.0,5.0012274851115945,0.0
77,C=O.[Pt] + [H][H].[Pt] <=> CO[Pt] + [Pt],-6.498540194926049e-08,-1.7835747280863295e-07,-5.496718295110427e-08,-1.683392630355399e-07,-7.52058153406422e-08,-1.8857788908526634e-07,-1.1337206699836505e-07,5.650936198175628e-07,4.5172155170436754e-07,1.0701898080218506e-07,-1.6292989194265272e-09,0.0,0.0,-1.1961284328901311e-10,0.0
78,C=O.[Pt] + O=C[Pt] <=> CO[Pt] + O=C=[Pt],5.449309768251427e-07,1.5001099633160268e-06,5.160007659218028e-07,1.4711797454028447e-06,5.744451120948064e-07,1.5296240859768456e-06,9.551789902702164e-07,-5.237578275064094e-06,-4.282399327501606e-06,-1.0461311024829134e-06,-8.506500838495925e-08,0.0,0.0,2.6784212865312433e-07,0.0
79,C=O.[Pt] + O[Pt] <=> CO[Pt] + O=[Pt],-0.3355068438298166,2.305551825095896,-0.26089691815146165,2.382138876074962,-0.41162268848396966,2.2274189490497065,2.6499494306234936,-2.2424139092167485,0.34811268678723856,0.32993030583667937,0.43380525239586076,0.0,0.0,5.000542783822652,0.0
80,C=O.[Pt] + C[Pt] <=> C=[Pt] + CO[Pt],-3.430720276421137e-08,-1.303550900303375e-07,4.224741987905519e-08,-5.3800466620253635e-08,-1.1240698364793321e-07,-2.0845488399286658e-07,-9.60478924677064e-08,2.1924771313820427e-07,1.2319982309180962e-07,8.142951579112602e-08,2.0610888877348537e-08,0.0,0.0,-7.0875266901852024e-06,0.0
81,C=O.[Pt] + C.[Pt] <=> CO[Pt] + C[Pt],-0.33550884680252774,2.3055656675135556,-0.26089866580834226,2.3821529924759965,-0.4116249519257918,2.227432511953919,2.649965382611956,-2.24242738387973,0.3481144493292105,0.32993201218648255,0.4338077891615868,0.0,0.0,5.000554884198145,0.0
82,C=O.[Pt] + C=[Pt] <=> CO[Pt] + C#[Pt],-0.3355088769002383,2.305565483745927,-0.26089866685450247,2.3821528384153203,-0.41162501166141385,2.227432297879736,2.6499652292249873,-2.24242688956636,0.34811480679433243,0.3299321109201766,0.4338077710090267,0.0,0.0,5.000554872100536,0.0
83,C=O.[Pt] + C#[Pt] <=> CO[Pt] + C~[Pt],1.7011431210757922e-06,3.0608503753096976e-06,1.3677505006665735e-06,2.7274577698556957e-06,2.041264891145176e-06,3.400972142418521e-06,1.3597072397611573e-06,-9.33609250226762e-06,-7.976385385967096e-06,-1.9450668297239663e-06,-4.881719946325338e-06,0.0,0.0,7.060827998884265e-06,0.0
84,C=O.[Pt] + O.[Pt] <=> CO[Pt] + O[Pt],-9.59991923281814e-08,-2.9742685348211146e-07,-7.574683339953821e-08,-2.771745002231501e-07,-1.1666032276192966e-07,-3.1808799789191436e-07,-2.01427658737365e-07,9.211910735890496e-07,7.197634140131187e-07,1.7348318723975647e-07,-1.6351253835592263e-09,0.0,0.0,1.6110911216346607e-10,0.0
85,2 C=O.[Pt] <=> CO[Pt] + O=C[Pt],-0.33822360054085265,2.300023785689693,-0.26361284585344896,2.376609636905082,-0.41434029093669916,2.2218921336230655,2.6472008442394785,-2.2240051581112343,0.36432180280680077,0.33356756247078817,0.4338077926112082,0.08771929824562774,0.0,5.000554888702585,0.0
86,[CH]C + 2 [Pt] <=> C[Pt] + C#[Pt],-1.3878305199665663e-05,-1.3590625548509844e-05,-1.533723777056127e-05,-1.5049558138773903e-05,-1.2389925685579247e-05,-1.210224605418438e-05,2.876796867138125e-07,4.365775469694562e-05,4.394543451737847e-05,6.420511483863909e-06,-8.943671588651553e-06,0.0,0.0,5.0235694675493035e-08,0.0
87,C.[Pt] + C~[Pt] <=> CC#[Pt] + [Pt],-2.1780096129660036e-08,-1.9602126354735744e-08,-4.043895303569587e-09,-1.865934417326931e-09,-3.987428258755127e-08,-3.769632350470988e-08,2.177974829026454e-09,2.5449532130642033e-08,2.7627513635009925e-08,1.949211165928463e-08,1.9060002343336855e-08,0.0,0.0,-2.2600718143513163e-05,0.0
88,CC#[Pt] + [Pt] <=> C[Pt] + C~[Pt],-0.3355088907909649,2.3055655296494617,-0.2608987009228888,2.3821528636515437,-0.41162500496720467,2.2274323648677687,2.649965289589878,-2.2424269715560414,0.3481147816432075,0.3299320928213927,0.4338077914915814,0.0,0.0,5.000554902818356,0.0
89,CO[Pt] + C~[Pt] <=> CC#[Pt] + O=[Pt],-0.33822363660482363,2.300023684456157,-0.26361288856772663,2.3766095287971014,-0.4143403202161097,2.2218920394027477,2.647200779806681,-2.224004867070745,0.3643220385519016,0.3335676052469831,0.43380778975689943,0.08771929824562774,0.0,5.000554844571069,0.0
90,[CH]C + 2 [Pt] <=> CC#[Pt] + [Pt],-0.33552353594934803,2.3055508640209617,-0.26091487465934393,2.3821366292133894,-0.4116380906948797,2.2274192997135938,2.649965658448988,-2.2423810568521003,0.34816227365875047,0.32993904759359743,0.4337985985084466,0.0,0.0,5.0005548739001915,0.0
91,CC=O + 2 [Pt] <=> CC=[Pt] + O=[Pt],1.7836067167022142e-06,1.6817022732052566e-06,8.538007559960814e-06,8.436103104562889e-06,-5.107124262593532e-06,-5.209028721173147e-06,-1.0190444799639354e-07,-2.4787794710339665e-05,-2.488969912810957e-05,-8.811556067015744e-07,-4.719197298893108e-06,0.0,0.0,0.0005143574958610049,0.0
92,C.[Pt] + C#[Pt] <=> CC=[Pt] + [Pt],-1.9853955821437e-08,1.0852658617944811e-07,-2.09267227729873e-07,-8.088670261071046e-08,1.733824015598716e-07,3.017629137992125e-07,1.2838053423868115e-07,1.2920698687975373e-07,2.5758752623479816e-07,-8.278112561967563e-08,3.124418760835469e-07,0.0,0.0,3.802497839876976e-05,0.0
93,CC=[Pt] + [Pt] <=> C[Pt] + C#[Pt],-0.33550885464474867,2.3055656692125015,-0.26089868427027685,2.3821529832810957,-0.41162494893393964,2.227432524766593,2.649965392393762,-2.242427387329211,0.3481144553507668,0.32993200646433746,0.43380778956982774,0.0,0.0,5.000554873433839,0.0
94,CO[Pt] + C#[Pt] <=> CC=[Pt] + O=[Pt],2.60921512900985e-06,5.311599238924014e-06,1.9699892085158155e-06,4.672373287200511e-06,3.261343106667189e-06,5.96372722121732e-06,2.702384039090504e-06,-1.637351938360438e-05,-1.367113578368833e-05,-3.4986657312941923e-06,-5.729914369758469e-06,0.0,0.0,4.5829561363697385e-06,0.0
95,CC=[Pt] + [Pt] <=> CC#[Pt] + [Pt],-6.22566768030217e-08,-2.5042884167423106e-07,-3.174525853793533e-08,-2.1991742084344509e-07,-9.338393435927675e-08,-2.815561018479715e-07,-1.881721582051593e-07,7.426370088506529e-07,5.544648549027478e-07,1.4279615892645348e-07,-2.2633195468751998e-09,0.0,0.0,-3.265912957748111e-07,0.0
96,CC#[Pt] + C.[Pt] <=> CC=[Pt] + C[Pt],-0.3382235978526901,2.3000237956251617,-0.26361283970508353,2.376609650397724,-0.41434029177856757,2.221892139929584,2.6472008514399783,-2.2240051565217507,0.3643218114787203,0.333567570712275,0.43380779844314415,0.08771929824562774,0.0,5.0005454499329005,0.0
97,CC=[Pt] + C#[Pt] <=> CC#[Pt] + C=[Pt],5.4734915198931355e-08,9.322356900564787e-08,1.8835162888417003e-08,5.732380636436988e-08,9.135925207775132e-08,1.2984788919991355e-07,3.8488658357069986e-08,-1.8638460326085425e-07,-1.478959358004397e-07,-4.881371497656365e-08,-3.3821686989566867e-07,0.0,0.0,6.710260033514074e-06,0.0
98,CC=[Pt] + C=[Pt] <=> CC#[Pt] + C[Pt],-0.33550885569343614,2.3055656344995428,-0.2608986677711989,2.38215296655573,-0.411624967884587,2.2274324717029805,2.6499653586440455,-2.2424272806123797,0.3481145319026523,0.3299320364592648,0.43380779252745916,0.0,0.0,5.00055494843617,0.0
99,CC=[Pt] + C~[Pt] <=> CC#[Pt] + C#[Pt],-0.3355088565661656,2.305565631389751,-0.2608986703126348,2.3821529617313595,-0.41162496705491675,2.2274324703423742,2.649965356422646,-2.242427275007488,0.3481145354844893,0.32993203652800984,0.43380779190203467,0.0,0.0,5.000554919920889,0.0
100,CC=[Pt] + C~[Pt] <=> CC#[Pt] + C#[Pt],-0.3355089102661739,2.305565528720916,-0.2608987312194212,2.3821528516291615,-0.4116250134026861,2.227432375256917,2.6499653087167956,-2.2424269289497794,0.3481148440765341,0.3299321013179347,0.43380779187479385,0.0,0.0,5.0005549193374526,0.0
101,CC#[Pt] + [H][H].[Pt] <=> CC=[Pt] + [Pt],3.483886530740439e-07,6.510937666855477e-07,-2.040026655199616e-07,9.870245887015987e-08,9.119293805593408e-07,1.214634502934845e-06,3.0270512073789955e-07,-6.714205382999208e-07,-3.687154108124396e-07,-4.4343609339829037e-07,-1.6972178598266848e-06,0.0,0.0,2.8019215067627236e-06,0.0
102,CC#[Pt] + O[Pt] <=> CC=[Pt] + O=[Pt],-8.345904770731901e-08,-3.150890987638588e-07,3.8958936748731794e-08,-1.9267111756669783e-07,-2.083479040225118e-07,-4.399779517543847e-07,-2.3163005033397917e-07,7.209271371788427e-07,4.89297094525419e-07,1.924452050856559e-07,3.883809528065159e-08,0.0,0.0,-1.0355062332113e-05,0.0
103,CC#[Pt] + O.[Pt] <=> CC=[Pt] + O[Pt],-4.658481395707357e-07,-9.062622314674358e-07,2.704727052449785e-07,-1.6994138859041815e-07,-1.2170307953983252e-06,-1.6574448778535378e-06,-4.4041408546700003e-07,9.809837210687384e-07,5.40569639605905e-07,5.956120505524573e-07,2.4541695509523137e-06,0.0,0.0,-1.0440317215687977e-05,0.0
104,CC#[Pt] + O=C[Pt] <=> CC=[Pt] + O=C=[Pt],9.114907359412768e-08,1.0484147336160343e-07,5.009571277773296e-08,6.378811132490455e-08,1.3303106346963862e-07,1.467234521855364e-07,1.3692408595051512e-08,-2.1659930826159675e-07,-2.029068920310394e-07,-6.077103429534211e-08,-4.6416119505073694e-07,0.0,0.0,3.7864680213935764e-05,0.0
105,CC=[Pt] + C=O.[Pt] <=> CC#[Pt] + CO[Pt],-0.3382236049118893,2.30002382822644,-0.26361285670694995,2.37660967282293,-0.4143402886944178,2.221892182912287,2.647200891422552,-2.224005222811272,0.36432178252773817,0.3335675607926539,0.4338078006166348,0.08771929824562774,0.0,5.000555015426808,0.0
106,CC#[Pt] + C=O.[Pt] <=> CC=[Pt] + O=C[Pt],-5.8699169109578197e-08,-1.8819477597397717e-07,-4.709400012952903e-08,-1.7658962372406682e-07,-7.053857561265804e-08,-2.000342049295843e-07,-1.294956141045771e-07,5.809353452110806e-07,4.514397352393952e-07,1.0849749559167503e-07,-4.814736634735081e-09,0.0,0.0,3.241075083773936e-08,0.0
107,CC=[Pt] + C~[Pt] <=> CC#[Pt] + C#[Pt],-8.539929728364149e-09,-7.40514513827384e-09,-1.0981289343588372e-08,-9.846520521699293e-09,-6.04928166820758e-09,-4.914513048337669e-09,1.1347763215038671e-09,3.49878424683428e-08,3.612262709877446e-08,6.602852275458831e-09,-3.5583145314994663e-09,0.0,0.0,5.429921326438657e-10,0.0
108,CC=[Pt] + C~[Pt] <=> CC#[Pt] + C#[Pt],-3.046626799579695e-08,-5.873436859417163e-08,-3.172760055389427e-08,-5.999571365800751e-08,-2.9179464536091806e-08,-5.744758443299875e-08,-2.826810688275824e-08,2.062756216514058e-07,1.780075118525471e-07,3.912700599311394e-08,-8.715883693462932e-10,0.0,0.0,1.6298261508778315e-09,0.0
