,Reaction,SYNGAS Selec,SYNGAS Yield,CO Selectivity,CO % Yield,H2 Selectivity,H2 % Yield,CH4 Conversion,H2O+CO2 Selectivity,H2O+CO2 yield,Exit Temp,Peak Temp,Dist to peak temp,O2 Conversion,Max CH4 Conv,Dist to 50 CH4 Conv
0,[H][H] + 2 [Pt] <=> 2 [Pt],0.0016139948214829662,0.002260858427662079,-0.0002624299994999095,0.00038442146897835325,0.003460650534183971,0.004107526085511889,0.0006468531660004549,-0.001237217051808537,-0.0005903718887826326,-0.0007218887480724557,-0.0011289661489671872,0.0,0.0,0.016415787327294276,0.0
1,O=C=O + [Pt] <=> O=C=O.[Pt],1.926732236726429e-08,1.5242512019384736e-08,3.0605453782576834e-08,2.658064573163396e-08,8.109054886018647e-09,4.084243827932182e-09,-4.0248078809525985e-09,-3.9997098189374454e-08,-4.4021897890758726e-08,-5.434403469501817e-09,8.44770271177088e-09,0.0,0.0,8.440819228023429e-07,0.0
2,[C-]#[O+] + [Pt] <=> O=C=[Pt],-4.3255198225582086e-05,-0.00013716540040380315,0.00021509774410341826,0.0001211872993035589,-0.00029750942227258203,-0.00039141938569003487,-9.391024279922681e-05,-9.222322814009315e-05,-0.00018613338432449213,5.404197363288434e-05,-0.00013337451486807362,0.0,0.0,0.003841443200132776,0.0
3,[O][O] + 2 [Pt] <=> 2 O=[Pt],-0.002819057583667639,-0.003457254373953013,-0.00043295625042112515,-0.0010711682691480313,-0.0051673038916696615,-0.005805485695096437,-0.0006382147819317425,0.0022833594473426213,0.0016451300926775656,0.0010331154456048248,0.013524752605289344,0.0,0.0,1.0815109316171907,0.0
4,O=C=[Pt] + O=[Pt] <=> O=C=O.[Pt] + [Pt],5.037867901293058e-05,5.964815846008387e-05,8.56179593374536e-05,9.488744203881593e-05,1.5698462907450457e-05,2.496793912702009e-05,9.269474772054813e-06,-0.00015500575618943138,-0.00014573629577516387,-1.8310802502731113e-05,3.580643031419116e-05,0.0,0.0,-0.00017716211185692124,0.0
5,C=[Pt] + [Pt] <=> C[Pt] + [Pt],0.0030271985141777868,0.003709578525711736,0.001216015744022576,0.0018983833967847112,0.004809647228271055,0.0054920394025058,0.0006823593551558932,-0.0035979932587119775,-0.002915658454801619,-0.0011164901548992867,-0.0031903694545735717,0.0,0.0,-0.3280367989668137,0.0
6,C[Pt] + [Pt] <=> C + 2 [Pt],1.3832652545088753e-06,1.5835229964019266e-06,1.0216214448302951e-06,1.2218792007099396e-06,1.7391716567442138e-06,1.939429408324274e-06,2.0025773578949978e-07,-2.074290797548617e-06,-1.8740330585026997e-06,-4.6096068302164297e-07,-4.42044108217998e-06,0.0,0.0,-1.5761432260719115e-05,0.0
7,C=[Pt] + [Pt] <=> C#[Pt] + [Pt],7.244630068321489e-05,7.724670168369936e-05,5.007187952555058e-05,5.487227946898785e-05,9.446575607884307e-05,9.926615814305659e-05,4.80039751430172e-06,-8.907692474696402e-05,-8.427653150860463e-05,-2.137826003273842e-05,-8.196304227989752e-05,0.0,0.0,-0.0006849424197963444,0.0
8,O=C=[Pt] + [Pt] <=> C~[Pt] + O=[Pt],0.026097554905289297,0.03556151761073824,0.02630355910780196,0.035767541304316926,0.025894818918665324,0.035358762442258426,0.009461493486987903,-0.06439023660880869,-0.054934835399856156,-0.01153501570587459,-0.014376855860783952,0.0,0.0,0.14669044252574576,0.0
9,C#[Pt] + [Pt] <=> C~[Pt] + [Pt],2.7114272961770903e-08,4.038840474609699e-08,1.823814562301928e-08,3.151228643641373e-08,3.5849569021423003e-08,4.9123693470214434e-08,1.3274123351966355e-08,-5.7028179328618774e-08,-4.3754052054841055e-08,-1.2013842675335456e-08,-1.1327419693808633e-08,0.0,0.0,6.498676009036689e-08,0.0
10,C~[Pt] + [H][H] <=> C=[Pt],3.7098879793016343e-06,4.438185294793152e-06,1.4751846692097519e-06,2.2034819713797144e-06,5.909138163799707e-06,6.637435480675583e-06,7.282972876438247e-07,-4.108182342244169e-06,-3.3798850772289263e-06,-1.314044051063639e-06,-4.731329636212341e-06,0.0,0.0,1.955198378549888e-05,0.0
11,C + O=[Pt] + [Pt] <=> C[Pt] + O[Pt],6.92561077622289e-07,8.857058337081708e-07,1.5995120236514094e-07,3.530959592383237e-07,1.216721189377069e-06,1.4098659462384294e-06,1.9314474988729276e-07,-7.310233376677007e-07,-5.378785792822028e-07,-2.700478035358594e-07,-5.94510621327529e-07,0.0,0.0,-6.527613062142851e-05,0.0
12,O=C=[Pt] + O[Pt] <=> O=C=O.[Pt] + [Pt],9.77343003964699e-07,1.1625862752248713e-06,1.8295299526312577e-06,2.0147732293937737e-06,1.3867583252496123e-07,3.2391909837008364e-07,1.8524326045404394e-07,-3.2832519848827937e-06,-3.098008720250021e-06,-3.619745813923843e-07,4.639783224582814e-07,0.0,0.0,-3.3961019312621164e-06,0.0
13,O[Pt] + [Pt] <=> [Pt] + O=[Pt],-6.784975684137897e-08,-8.242122477544874e-08,-2.9961366008634684e-08,-4.453283256829203e-08,-1.0513705585460767e-07,-1.1970853686713877e-07,-1.457146916068833e-08,8.160206911317292e-08,6.703059819560444e-08,2.337431305214754e-08,7.943495508565538e-08,0.0,0.0,8.835216807436878e-06,0.0
14,C + O[Pt] + [Pt] <=> C[Pt] + O.[Pt],7.015738778529503e-06,7.036397078464641e-06,7.733623066116886e-06,7.754281369887998e-06,6.309243569763673e-06,6.329901867473983e-06,2.0658298301262026e-08,-1.1935592169390568e-05,-1.191493386355538e-05,-1.8914241285409907e-06,-1.049136973077691e-05,0.0,0.0,-0.0018920138902548888,0.0
15,O + [Pt] <=> O.[Pt],-6.0300361615632e-09,-7.775767882313933e-10,-2.049695180076873e-10,5.0475010069094294e-09,-1.1762702552193403e-08,-6.510240877386184e-09,5.252454103808721e-09,-9.746837492038573e-09,-4.494378460737207e-09,4.2508357884432686e-10,1.324348192245545e-08,0.0,0.0,-6.862478723208248e-09,0.0
16,O.[Pt] + [Pt] <=> [Pt] + O[Pt],-0.0001657109736825132,-0.00016759264024078573,-0.00014150390055240716,-0.00014338556756837416,-0.00018953400638986405,-0.0001914156725094292,-1.881669678487071e-06,0.00022210876953742689,0.00022022709568143693,4.481409247776287e-05,0.00017147741967935663,0.0,0.0,-0.0018578322385299822,0.0
17,O.[Pt] + O=[Pt] <=> 2 O[Pt],-7.258025636318739e-06,-1.2190843685262681e-05,6.697365551209894e-06,1.7645468133555466e-06,-2.0992017318785727e-05,-2.5924834699924255e-05,-4.932818412133276e-06,2.220433872782024e-06,-2.7123846504707065e-06,4.161555935901979e-06,-8.520402070714387e-07,0.0,0.0,-0.00014339498674687453,0.0
18,[H] + [Pt] <=> [Pt],2.6997177865002436e-09,3.726345309440085e-09,4.6693227148193234e-09,5.695956486455351e-09,7.613469742886143e-10,1.7879581721022278e-09,1.0266274397596143e-09,-8.894437022689742e-09,-7.867797575514774e-09,-1.2254411494472128e-09,-1.97626714053698e-09,0.0,0.0,-9.607808515608294e-10,0.0
19,C + [Pt] <=> C.[Pt],0.0009262726027701838,0.0011059635662927596,0.00045554301704865815,0.0006352331347217442,0.001389534156808067,0.0015692259527491717,0.00017968929910115548,-0.0011553221505726477,-0.000975634927465089,-0.00032842886019537865,-0.0019232558251078625,0.0,0.0,-0.03729493970719198,0.0
20,[CH3] + [Pt] <=> C[Pt],-8.735481571082518e-09,-1.2895964528731894e-08,1.902517515112817e-10,-3.970217047936467e-09,-1.751960990160703e-08,-2.1680095066987267e-08,-4.160480850851295e-09,7.429180113408011e-09,3.268703764058727e-09,1.9192041152342666e-09,4.07011911961033e-08,0.0,0.0,3.037737862571158e-07,0.0
21,[H][H] + [Pt] <=> [H][H].[Pt],3.62315813023243e-06,4.131913604275397e-06,2.073556092578476e-06,2.5823115593794855e-06,5.148176038345219e-06,5.6569315195152515e-06,5.087554571774879e-07,-4.479203658434647e-06,-3.970448215057291e-06,-1.1972520767196241e-06,-5.6780928962764796e-06,0.0,0.0,3.2749720351441495e-05,0.0
22,[OH] + [Pt] <=> O[Pt],-1.7604828933250104e-07,-2.0428644369105003e-07,-8.968537445279814e-08,-1.1792353057042173e-07,-2.610410736655446e-07,-2.892792380187801e-07,-2.8238157681556423e-08,2.045739992027537e-07,1.7633583758409416e-07,5.6641332212600754e-08,2.643653541324583e-07,0.0,0.0,-2.566921414994677e-07,0.0
23,[CH]=O + [Pt] <=> O=C[Pt],7.495156776923815e-10,-1.0949499071077128e-08,4.964123220086007e-09,-6.734886443725787e-09,-3.3982279504382994e-09,-1.509724770349368e-08,-1.1699018613976489e-08,1.5567979110946864e-08,3.868959531898281e-09,2.258013730031924e-09,6.303553958134369e-10,0.0,0.0,-5.45513775754168e-10,0.0
24,O=C=O + 2 [Pt] <=> O=C=[Pt] + O=[Pt],0.012484677360218731,0.015596230480768214,0.02006878588414389,0.023180574958810176,0.005020889216543404,0.008132210126341433,0.0031111647016657993,-0.03871322941826221,-0.035603269148919564,-0.004918861497569531,0.008141124007174828,0.0,0.0,-0.0673949862514365,0.0
25,O + 2 [Pt] <=> [Pt] + O[Pt],-0.006771810218925751,-0.007111438805317821,-0.005130764672495118,-0.005470398832717862,-0.008386820902638953,-0.008726444003629619,-0.0003396515869560547,0.008741326020404974,0.008401644743398304,0.0019510168328117795,0.005442442544879942,0.0,0.0,-0.2125141521505475,0.0
26,CC + 2 [Pt] <=> 2 C[Pt],-4.58006754734251e-05,-0.00010294893062133777,2.1595236121715183e-05,-3.555305753516086e-05,-0.00011212736426070109,-0.0001692755815004119,-5.714828132386804e-05,0.00011175263979473364,5.4604294603015513e-05,3.315967866490247e-05,-9.98308626382693e-05,0.0,0.0,-0.0022936174706796263,0.0
27,C=O + 2 [Pt] <=> O=C[Pt] + [Pt],-7.838957348643776e-07,1.1802905286695479e-06,-4.461898189721032e-06,-2.497711996720119e-06,2.8357559524835583e-06,4.799942283881215e-06,1.9641862807979232e-06,2.170232314971584e-06,4.134418637420045e-06,-6.63371996042431e-07,5.919758290251679e-06,0.0,0.0,-7.770904038148685e-05,0.0
28,C=O + 2 [Pt] <=> C=[Pt] + O=[Pt],0.0003201599012376036,0.00048243758054148896,0.0003530599201676468,0.0005153376528610001,0.0002877818345944248,0.00045005946135585553,0.00016227715975734568,-0.0009541735398846602,-0.0007918979285224298,-0.00016423284523459027,-0.00012155563941277593,0.0,0.0,0.0013085747590437626,0.0
29,CO + 2 [Pt] <=> C[Pt] + O[Pt],0.001063968778135722,0.0012265526212594652,0.0006116799907708731,0.0007742630985496766,0.0015090820934319953,0.0016716666602111247,0.0001625821132920544,-0.001352112179738177,-0.0011895322647314465,-0.0003571292753036947,-0.0011537773275028214,0.0,0.0,-0.11438630109434837,0.0
30,CC=O + 2 [Pt] <=> C[Pt] + O=C[Pt],6.7319882124171325e-06,1.2187267401742095e-05,-6.487126829973581e-06,-1.0318483597066285e-06,1.974138461174662e-05,2.5196664496996027e-05,5.45527882004098e-06,-3.11174618838452e-06,2.343532458864058e-06,-4.282588366426563e-06,1.646074892445499e-05,0.0,0.0,-0.0005707845783582212,0.0
31,C=C + 2 [Pt] <=> 2 C=[Pt],-0.004927646869490542,-0.010367487248104004,-0.004449454194079304,-0.009889320586875552,-0.005398253112777734,-0.010838067889894819,-0.005440108447951682,0.020630047004607428,0.015188816259731586,0.003938214745597836,-0.0021263568708939683,0.0,0.0,0.0006164546986092852,0.0
32,C.[Pt] + [Pt] <=> C[Pt] + [Pt],4.10056323045755e-07,6.68636030928088e-07,-3.016863964627352e-07,-4.310670472555188e-08,1.110507398494374e-06,1.3690870972637202e-06,2.585796977552675e-07,-1.9041120969365179e-07,6.816848548623638e-08,-2.260374725344312e-07,-2.29839990697474e-07,0.0,0.0,3.690287868887512e-05,0.0
33,O=C[Pt] + [Pt] <=> O=C=[Pt] + [Pt],5.4046671945719475e-06,5.7170951758552736e-06,3.855252386765415e-06,4.167680379746872e-06,6.9295008564779214e-06,7.241928836424268e-06,3.124279621887367e-07,-6.713157627472212e-06,-6.400729674090483e-06,-1.5748338709107779e-06,-6.026050522993618e-06,0.0,0.0,-0.0002651140043352231,0.0
34,C[Pt] + [H][H].[Pt] <=> C.[Pt] + [Pt],7.797331714529683e-08,1.1925897091890594e-07,6.484046257101153e-10,4.1934054059642906e-08,1.540714985124901e-07,1.9535714328078436e-07,4.128564951572148e-08,-9.881998257775617e-08,-5.753433234261398e-08,-3.714274803332102e-08,-4.4917980088878855e-08,0.0,0.0,6.154232690720964e-07,0.0
35,C#[Pt] + [H][H].[Pt] <=> C=[Pt] + [Pt],1.870020568166126e-05,2.244911808839163e-05,7.08855721497557e-06,1.0837469180467423e-05,3.0127637630991062e-05,3.387655045005836e-05,3.7489116995926194e-06,-2.038760442335506e-05,-1.663869347779941e-05,-6.664072836799186e-06,-2.3371959108188144e-05,0.0,0.0,9.255267616178008e-05,0.0
36,C=[Pt] + [H][H].[Pt] <=> C[Pt] + [Pt],1.154454610451935e-08,1.6897848623756523e-08,1.139010782090803e-08,1.674341025177983e-08,1.1696534255336471e-08,1.7049825135683416e-08,5.353296892363087e-09,-2.9377865418854077e-08,-2.4024559989991254e-08,-5.218457502849054e-09,-1.1457760224704863e-08,0.0,0.0,-5.66869159998808e-09,0.0
37,C~[Pt] + [H][H].[Pt] <=> C#[Pt] + [Pt],5.606793512097857e-06,6.677431479189072e-06,2.397728996880864e-06,3.4683669458588774e-06,8.764946840827107e-06,9.835584839020304e-06,1.070637903783106e-06,-6.392669285643554e-06,-5.322031445268471e-06,-1.974323675802175e-06,-8.172150322031568e-06,0.0,0.0,2.081802695703051e-05,0.0
38,[H][H].[Pt] + O=[Pt] <=> [Pt] + O[Pt],7.140157631617819e-07,1.0452488894812053e-06,-2.50318612416954e-07,8.09145163715253e-08,1.6630511515122505e-06,1.9942842769520784e-06,3.312331222605006e-07,-4.570269674750643e-07,-1.2579384441998555e-07,-3.41145548682581e-07,-2.8249220485468683e-07,0.0,0.0,8.1533524977513e-06,0.0
39,[H][H].[Pt] + O[Pt] <=> O.[Pt] + [Pt],-9.606989730870612e-07,-7.583071454266095e-07,-1.41453036571943e-06,-1.2121385353399951e-06,-5.140675256504364e-07,-3.116757006658319e-07,2.023918296372067e-07,1.6562363237949212e-06,1.8586281530384037e-06,1.6179736932292254e-07,1.2274407974668102e-06,0.0,0.0,-7.41734700301936e-06,0.0
40,O=C=[Pt] + [H][H].[Pt] <=> O=C[Pt] + [Pt],1.467552874563799e-06,1.9267612077315048e-06,1.6019958322374025e-07,6.194079172928526e-07,2.7541652514870373e-06,3.2133735853179264e-06,4.592083279082718e-07,-1.408720892337917e-06,-9.495125733041184e-07,-5.976169713097367e-07,-1.4992799679200138e-06,0.0,0.0,8.33308237170646e-06,0.0
41,C.[Pt] + O=C=[Pt] <=> C[Pt] + O=C[Pt],6.882056485497794e-07,7.164674223919427e-07,5.164918747138925e-07,5.447536580833444e-07,8.571952306353533e-07,8.854570052769407e-07,2.826177003422454e-08,-8.645755883500281e-07,-8.363138151385951e-07,-1.955327447936422e-07,-7.824599741457239e-07,0.0,0.0,-3.294267956877704e-05,0.0
42,O=C[Pt] + C#[Pt] <=> C=[Pt] + O=C=[Pt],-8.452927395684e-06,-9.460436129385482e-06,-4.753410778328807e-06,-5.760919550880522e-06,-1.209375191432561e-05,-1.3101260621519065e-05,-1.00750882766734e-06,9.863094170660844e-06,8.855585256549892e-06,2.7014517971227286e-06,8.78197234457318e-06,0.0,0.0,-3.399269378768437e-05,0.0
43,C=[Pt] + O=C[Pt] <=> C[Pt] + O=C=[Pt],8.45102747086417e-09,-2.2533498531985646e-09,1.7900392442661345e-08,7.196016165344673e-09,-8.484251964163458e-10,-1.1552815276472426e-08,-1.0704377675214963e-08,-5.959986402328076e-09,-1.6664362848396166e-08,-5.446892414188311e-10,2.8164087241738714e-09,0.0,0.0,4.823779565913019e-09,0.0
44,O=C[Pt] + C~[Pt] <=> C#[Pt] + O=C=[Pt],1.558450091288954e-08,2.3345163080067153e-08,2.0601878279053832e-08,2.836254000395962e-08,1.0646723245312021e-08,1.8407385847744903e-08,7.760658615549688e-09,-4.742248654105051e-08,-3.966182665807562e-08,-6.910584200731725e-09,-3.3498644929775865e-09,0.0,0.0,-3.4681989771087085e-08,0.0
45,O=C[Pt] + O=[Pt] <=> O=C=[Pt] + O[Pt],9.645400134361894e-08,1.027841580138718e-07,7.58360910812982e-08,8.21662461021437e-08,1.1674481254150869e-07,1.2307495910914765e-07,6.330150120269146e-09,-1.2799767198517635e-07,-1.2166752522762605e-07,-2.7138894494210123e-08,-1.0199712668168162e-07,0.0,0.0,-2.420417135893008e-05,0.0
46,O=C[Pt] + O[Pt] <=> O=C=[Pt] + O.[Pt],3.412673029407316e-09,1.5993140093171518e-08,-1.0336809479686349e-08,2.2436673975145787e-09,1.6944035996724323e-08,2.9524491852450704e-08,1.2580461463368938e-08,-1.3354356899836185e-08,-7.73890728975581e-10,-6.7917094964582704e-09,1.4308775958525064e-08,0.0,0.0,-1.510624907209356e-07,0.0
47,C.[Pt] + O=[Pt] <=> C[Pt] + O[Pt],-4.545208535092529e-06,1.9199893858387568e-06,-2.3383958766662575e-05,-1.6918762066715575e-05,1.3994668653700837e-05,2.0459867752794027e-05,6.465198206120448e-06,1.95253796443988e-05,2.599057911553316e-05,-1.700787634831095e-06,5.583654185007603e-06,0.0,0.0,-3.975396584148027e-05,0.0
48,C=[Pt] + C.[Pt] <=> 2 C[Pt],9.989753394938604e-08,1.0680228225523278e-07,4.4290224631231975e-08,5.119499057884223e-08,1.546226443141993e-07,1.615273869840193e-07,6.904750054507645e-09,-9.490845919109941e-08,-8.8003699428245e-08,-3.418339025569402e-08,-1.5260844886947447e-07,0.0,0.0,-6.0023747647967775e-06,0.0
49,C.[Pt] + C#[Pt] <=> C=[Pt] + C[Pt],1.807310721339959e-05,1.9506715019009315e-05,1.1741395748025523e-05,1.3175003463536744e-05,2.4304367329911412e-05,2.5737975224190243e-05,1.4336075381218774e-06,-2.166990277882727e-05,-2.0236295549434793e-05,-5.439756130948739e-06,-1.981833644183909e-05,0.0,0.0,-0.00020127013916158748,0.0
50,C.[Pt] + C~[Pt] <=> C[Pt] + C#[Pt],8.403172377601993e-09,1.5403341474405705e-08,1.1291130503965658e-08,1.8291308177589206e-08,5.561044411305619e-09,1.2561203517069718e-08,7.0001604330212565e-09,-3.1279962287670104e-08,-2.427979679468815e-08,-4.439381261068137e-09,5.129924935345814e-10,0.0,0.0,3.171591719500977e-11,0.0
51,C.[Pt] + O[Pt] <=> C[Pt] + O.[Pt],8.018260105493229e-05,8.873524280550199e-05,5.990354719954379e-05,6.845618721700259e-05,0.00010013993172242369,0.00010869257516843328,8.552634888253477e-06,-0.0001136930840138655,-0.00010514045884440687,-2.5279080532090856e-05,-9.501810831319006e-05,0.0,0.0,-0.013472665748032043,0.0
52,C#[Pt] + O[Pt] <=> C=[Pt] + O=[Pt],2.101120322335894e-05,2.9527986352640586e-05,-4.8159137870789215e-06,3.7008671407772178e-06,4.642857813561222e-05,5.494536341966834e-05,8.516781334993092e-06,-1.4198222548646585e-05,-5.681442418868155e-06,-9.428136496191052e-06,-7.561023408336559e-06,0.0,0.0,-0.0010686756865528617,0.0
53,C=[Pt] + O[Pt] <=> C[Pt] + O=[Pt],0.00013782443571397368,0.00015999098418476387,7.783975549560116e-05,0.00010000629067526525,0.000196857470856294,0.00021902403240734925,2.2166517912465272e-05,-0.00017576441638635266,-0.00015359793743497177,-4.678035984443873e-05,-0.00013657459740207828,0.0,0.0,-0.015099355600998949,0.0
54,C~[Pt] + O[Pt] <=> C#[Pt] + O=[Pt],7.539786736663568e-09,6.747166182953315e-09,1.2445510627366595e-08,1.1652896524725598e-08,2.7118911842639834e-09,1.9192760076831095e-09,-7.926219646466832e-10,-1.770903984891382e-08,-1.8501657911445554e-08,-2.480329476165257e-09,5.406028686219788e-10,0.0,0.0,-5.573543848403051e-10,0.0
55,2 C=[Pt] <=> C[Pt] + C#[Pt],1.0520717431103609e-07,1.5396168152126568e-07,3.2348719937937066e-08,8.110324808540167e-08,1.769097570059778e-07,2.2566427723840928e-07,4.875450730456942e-08,-1.650836917248648e-07,-1.163291834972103e-07,-4.719440624532053e-08,-2.3014496496998227e-07,0.0,0.0,-2.1648815681739186e-06,0.0
56,C[Pt] + C~[Pt] <=> C=[Pt] + C#[Pt],2.3471243847146054e-05,2.910665633388759e-05,9.875950344133855e-06,1.551136208147528e-05,3.685085072357025e-05,4.248626396972423e-05,5.635411163226105e-06,-2.9468076320379483e-05,-2.383266682223889e-05,-8.834269633349018e-06,-5.9473879888400053e-05,0.0,0.0,-0.00038251715035895524,0.0
57,C=[Pt] + C~[Pt] <=> 2 C#[Pt],1.6689865244087102e-09,-5.926873318404894e-09,4.981741371364014e-09,-2.6141129604015814e-09,-1.591198846607278e-09,-9.187053937472837e-09,-7.59586243658774e-09,6.961280859686839e-09,-6.345691692023333e-10,9.530652019534664e-10,-8.076222794637917e-11,0.0,0.0,1.1671457527763595e-10,0.0
58,C#[Pt] + O.[Pt] <=> C=[Pt] + O[Pt],-0.0002416285325477736,-0.0002947671426751256,-6.623738306841227e-05,-0.0001193760864054391,-0.00041423713616413224,-0.00046737565458401423,-5.3138738534741546e-05,0.00023648305081457136,0.0001833441866270552,8.812686143073012e-05,0.00024525718108251246,0.0,0.0,-0.001883254644486864,0.0
59,C=[Pt] + O.[Pt] <=> C[Pt] + O[Pt],1.0425517110086328e-07,1.3581145049175389e-07,8.55481037183805e-08,1.1710439442160315e-07,1.2266545456289995e-07,1.5422173454678013e-07,3.155628157908467e-08,-2.0120376534334044e-07,-1.6964748769094193e-07,-3.8720490199350974e-08,-8.462102237088939e-08,0.0,0.0,-2.1020286549924317e-05,0.0
60,C~[Pt] + O.[Pt] <=> C#[Pt] + O[Pt],-0.0006036894104755787,-0.0007293648238663155,-0.00018601688551350538,-0.00031169282381320187,-0.0010147356435321342,-0.0011404105403399376,-0.00012567617208388538,0.0006043987822429993,0.00047872185057861344,0.0002169820991673501,0.0006767070713739287,0.0,0.0,-0.002702592155454355,0.0
61,CO + 2 [Pt] <=> CO[Pt] + [Pt],-5.739422323962959e-07,9.523640935067174e-06,-6.315379641290211e-06,3.782202943508544e-06,5.076408408680486e-06,1.517399213783896e-05,1.0097583219858152e-05,-1.5534740714084643e-05,-5.43715905580212e-06,-4.656302952630187e-06,1.3027795051405722e-06,0.0,0.0,-0.0007691296041478337,0.0
62,C=O + [Pt] <=> CO[Pt],1.0375562334460384e-09,-2.7681648559834093e-09,3.0678111793896394e-09,-7.379004906614449e-10,-9.604891197248047e-10,-4.766219479096043e-09,-3.805726824760296e-09,3.0328292252978164e-09,-7.728842025356062e-10,5.054263383910561e-10,-5.6161158045619055e-11,0.0,0.0,-3.8439691640351844e-10,0.0
63,C.[Pt] + O=[Pt] <=> CO[Pt] + [Pt],0.025306875816166623,0.041684426314978484,0.029922691361327296,0.04630099762640487,0.02076428927080267,0.03714109599344274,0.016373406901057427,-0.08747362346971994,-0.07111453898095907,-0.014717638364494978,-0.0019001826274111595,0.0,0.0,0.32493852897370024,0.0
64,CO[Pt] + [Pt] <=> C[Pt] + O=[Pt],1.3139929996673595e-08,2.0696825446469472e-08,1.918044691315716e-08,2.673735024557979e-08,7.195244685184085e-09,1.475214410326322e-08,7.556894210049909e-09,-4.442966765402812e-08,-3.6872760193386004e-08,-6.21364678746583e-09,7.46683849434386e-12,0.0,0.0,-2.6091627879094705e-10,0.0
65,C=O + [Pt] <=> C=O.[Pt],-1.0590323855277856e-05,-1.0759343504934624e-05,-9.867883092490852e-06,-1.003690274293416e-05,-1.1301303238390204e-05,-1.1470322898998764e-05,-1.6901967184695405e-07,1.5684530220903622e-05,1.551551053192906e-05,2.9071682738511083e-06,1.4745847124093592e-05,0.0,0.0,0.0007225888176921744,0.0
66,O=C[Pt] + [Pt] <=> C=O.[Pt] + [Pt],9.164678255969587e-05,0.00016045244885302157,7.846912184721308e-05,0.0001472747790821637,0.00010461538229385444,0.00017342105751357172,6.880560322943186e-05,-0.00029333164996620377,-0.00022452624856668428,-5.735585468652092e-05,9.068156421455307e-06,0.0,0.0,-0.000746696689377407,0.0
67,C=O.[Pt] + C[Pt] <=> C.[Pt] + O=C[Pt],1.4120196617632112e-08,1.9105917544921182e-08,2.0259902678060356e-08,2.524561906845812e-08,8.077882502186368e-09,1.3063597718825489e-08,4.9857168873311e-09,-4.196137580659263e-08,-3.6975645496032164e-08,-6.064614832143381e-09,5.936230643790451e-10,0.0,0.0,-7.819030785809742e-09,0.0
68,C=O.[Pt] + [Pt] <=> C=[Pt] + O=[Pt],1.824566430238522e-08,1.926207825336074e-08,2.7037049680044556e-08,2.8053467992725215e-08,9.59373923710362e-09,1.0610138720007221e-08,1.0164098021017333e-09,-4.456780795712612e-08,-4.3551392531272296e-08,-6.593452720690893e-09,-1.9659602702727474e-09,0.0,0.0,4.4106268845860255e-10,0.0
69,C=O.[Pt] + C#[Pt] <=> C=[Pt] + O=C[Pt],1.0059111162656503e-08,1.6276278889013904e-08,1.3933623862916549e-08,2.0150815984270334e-08,6.246066839320056e-09,1.246323400941026e-08,6.217167758374611e-09,-3.9333850686424554e-08,-3.3116678026610726e-08,-7.341891367396412e-09,2.5157283540037783e-08,0.0,0.0,-4.1638770488088494e-08,0.0
70,C=O.[Pt] + C=[Pt] <=> C[Pt] + O=C[Pt],5.8628645102681486e-09,-4.330020152222553e-09,1.3010060407483989e-08,2.817178276032574e-09,-1.1709292628787418e-09,-1.1363806240689924e-08,-1.019288783307447e-08,5.400463266756093e-10,-9.6528447660891e-09,2.305860171966303e-10,5.598624218164576e-10,0.0,0.0,-6.668800188870721e-10,0.0
71,C=O.[Pt] + C~[Pt] <=> O=C[Pt] + C#[Pt],1.6346769919407105e-08,1.9732758826436737e-08,1.861816348021795e-08,2.2004139967750592e-08,1.4111424843896921e-08,1.7497400971393947e-08,3.3859799940661904e-09,-3.7632882949477776e-08,-3.4246897415818134e-08,-6.599718077557027e-09,-1.3199564874887962e-09,0.0,0.0,-3.207451849876135e-08,0.0
72,C=O.[Pt] + [Pt] <=> O=C[Pt] + [H][H].[Pt],2.0632182815197552e-08,3.683345562444694e-08,9.948967328658246e-09,2.6150244487924618e-08,3.1145897926935335e-08,4.734716800546923e-08,1.620127061926904e-08,-5.2185602316686985e-08,-3.5984326755541284e-08,-1.1619647305841172e-08,-5.838315376280239e-09,0.0,0.0,4.802212742220413e-08,0.0
73,C=O.[Pt] + O=[Pt] <=> O=C[Pt] + O[Pt],1.4709370192129444e-05,1.759545388445354e-05,6.904358377641226e-06,9.790441858204432e-06,2.2390557026120773e-05,2.5276640940122357e-05,2.8860832679612623e-06,-1.7920779428269577e-05,-1.5034696676353541e-05,-5.228016286320918e-06,-1.354393125321984e-05,0.0,0.0,-0.0015316169264194817,0.0
74,C=O.[Pt] + O[Pt] <=> O=C[Pt] + O.[Pt],1.5722111070611845e-08,2.882361215403605e-08,1.9559803752428858e-08,3.266130989344538e-08,1.1945289347272331e-08,2.5046787003631258e-08,1.310150214915509e-08,-5.6894286627460936e-08,-4.3792775872059e-08,-8.274051161939878e-09,-2.0915611455000226e-09,0.0,0.0,-2.7194326888130806e-07,0.0
75,C=O.[Pt] + O=C=[Pt] <=> 2 O=C[Pt],1.2598120947203315e-08,1.8858083928923556e-08,1.693542768074165e-08,2.319538976278589e-08,8.3296380024468e-09,1.4589588593426826e-08,6.2599602446884235e-09,-4.040120053395527e-08,-3.41412304401015e-08,-6.224151702478049e-09,3.936735428844114e-10,0.0,0.0,-4.059637400961251e-10,0.0
76,C=O.[Pt] + [Pt] <=> CO[Pt] + [Pt],0.0005792115993112448,0.0009325512731936825,0.0006374242424181602,0.0009907641219946161,0.0005219224882624316,0.0008752619597258719,0.0003533376273100266,-0.0018750460848991483,-0.0015217150828195785,-0.00032591405214711124,-0.00013471748840244557,0.0,0.0,0.00038601980466274684,0.0
77,C=O.[Pt] + [H][H].[Pt] <=> CO[Pt] + [Pt],8.721791481483188e-09,2.533971071770467e-09,1.6487999485153852e-08,1.030017626337385e-08,1.078792830256931e-09,-5.109036537855098e-09,-6.187828821836818e-09,-1.252418900064247e-08,-1.87120219374003e-08,-1.586722510871405e-09,-8.380914944784948e-11,0.0,0.0,-6.410844062351309e-10,0.0
78,C=O.[Pt] + O=C[Pt] <=> CO[Pt] + O=C=[Pt],1.3417782743716524e-06,2.4188738570130674e-06,1.5644720704000288e-06,2.6415676698831053e-06,1.1226174713289232e-06,2.1997130608475736e-06,1.0770955684524186e-06,-5.140030732758976e-06,-4.062935221155433e-06,-8.842020381020975e-07,-8.382872873972004e-08,0.0,0.0,6.427725387876973e-07,0.0
79,C=O.[Pt] + O[Pt] <=> CO[Pt] + O=[Pt],-9.320127352524898e-09,5.712453744396265e-09,4.3063294417805676e-10,1.546321587062792e-08,-1.8916193767551032e-08,-3.88361447113346e-09,1.503257683172883e-08,-3.017927394491144e-08,-1.5146685681240616e-08,-1.247035746112489e-09,2.2970176954862025e-08,0.0,0.0,2.6247526412869535e-06,0.0
80,C=O.[Pt] + C[Pt] <=> C=[Pt] + CO[Pt],1.1025604723775694e-07,1.5124090148818072e-07,1.9694926608830873e-07,2.3793413125834057e-07,2.4938212417112345e-08,6.592306609672988e-08,4.0984846969854726e-08,-4.086648285048111e-07,-3.6767997261417276e-07,-5.180029980736763e-08,8.877698568258003e-08,0.0,0.0,5.34760811188372e-07,0.0
81,C=O.[Pt] + C.[Pt] <=> CO[Pt] + C[Pt],1.4139119185269897e-08,2.49125381349228e-08,1.8570219445269988e-08,2.9343647044093565e-08,9.778304177493882e-09,2.0551704439629127e-08,1.0773410467068595e-08,-5.072216876823811e-08,-3.9948759895391364e-08,-7.32309529679801e-09,5.974223121771748e-10,0.0,0.0,-4.960369449299528e-10,0.0
82,C=O.[Pt] + C=[Pt] <=> CO[Pt] + C#[Pt],3.720682648406448e-08,5.011992830078212e-08,4.460515245786679e-08,5.75182536311989e-08,2.9925873487135056e-08,4.2838975937031044e-08,1.2913093617525024e-08,-9.91879285058219e-08,-8.627483471350199e-08,-1.600844625247672e-08,-1.3739490649842948e-08,0.0,0.0,4.735947619227639e-08,0.0
83,C=O.[Pt] + C#[Pt] <=> CO[Pt] + C~[Pt],4.883455359975396e-06,6.063738014486192e-06,5.004238873685513e-06,6.184521532044494e-06,4.764588052797882e-06,5.944870703521544e-06,1.1802825890262843e-06,-1.0689700030867534e-05,-9.509417566666714e-06,-1.8795060414030926e-06,-3.4920465081261316e-06,0.0,0.0,5.991781225574748e-06,0.0
84,C=O.[Pt] + O.[Pt] <=> CO[Pt] + O[Pt],1.546353833235352e-08,1.873228780268058e-08,2.34474660235257e-08,2.6716213246816114e-08,7.606274073364382e-09,1.087501402922559e-08,3.2687419174465872e-09,-4.313620034321429e-08,-3.9867450859522124e-08,-6.1543765115121994e-09,5.954662638058605e-10,0.0,0.0,1.1345840777894829e-09,0.0
85,2 C=O.[Pt] <=> CO[Pt] + O=C[Pt],2.0179968242626116e-09,-3.4096033578231265e-09,4.6637108075209686e-09,-7.638749310812985e-10,-5.857301542999525e-10,-6.0133226493080875e-09,-5.4276052015487135e-09,3.1509332792439095e-09,-2.2766713048195035e-09,3.855909460647935e-10,6.012967926049703e-11,0.0,0.0,-4.558634498162738e-10,0.0
86,[CH]C + 2 [Pt] <=> C[Pt] + C#[Pt],-2.2763552316558104e-06,-1.7605486524433307e-06,-2.7538602563099097e-06,-2.238053677536278e-06,-1.8064257429587788e-06,-1.2906191734899776e-06,5.15806588129267e-07,2.91968550017744e-06,3.4354921127442766e-06,3.6135685897442923e-07,-5.459719580870326e-07,0.0,0.0,2.112280085187651e-09,0.0
87,C.[Pt] + C~[Pt] <=> CC#[Pt] + [Pt],-2.572424041360662e-07,-4.944394107423994e-07,3.00836583721726e-07,6.363959519649352e-08,-8.064675793385331e-07,-1.0436645802874067e-06,-2.3719700620608004e-07,1.3624906351414382e-07,-1.0094794055449408e-07,1.7434794423645682e-07,-1.6756569247940503e-07,0.0,0.0,-0.0001513235896834096,0.0
88,CC#[Pt] + [Pt] <=> C[Pt] + C~[Pt],7.85942289509955e-09,1.1673804869834023e-08,1.1281997664444057e-08,1.509636860178073e-08,4.4911598730212e-09,8.30552770805061e-09,3.814375535330595e-09,-2.5492117723970824e-08,-2.1677742942545866e-08,-3.66567234166921e-09,4.1204911268031557e-10,0.0,0.0,-3.1098514006946915e-09,0.0
89,CO[Pt] + C~[Pt] <=> CC#[Pt] + O=[Pt],4.1979060571882736e-09,4.9872141963230886e-09,6.628890124078152e-09,7.4182048648627595e-09,1.8054890712396482e-09,2.5947907134585376e-09,7.893076061741651e-10,-1.1966054105704592e-08,-1.1176744096691768e-08,-1.719401884773243e-09,4.887299704673179e-10,0.0,0.0,-7.556845870330995e-10,0.0
90,[CH]C + 2 [Pt] <=> CC#[Pt] + [Pt],-2.2689531086060563e-06,-1.75277667865634e-06,-2.74278282345862e-06,-2.2266063841968207e-06,-1.802640621648187e-06,-1.2864641875866763e-06,5.16176443078576e-07,2.9016619513048686e-06,3.417838407607308e-06,3.587577174475592e-07,-5.458165650904576e-07,0.0,0.0,2.202776168917412e-09,0.0
91,CC=O + 2 [Pt] <=> CC=[Pt] + O=[Pt],2.703768026941914e-05,2.5161194100397395e-05,8.942191044667077e-05,8.754542311493553e-05,-3.435683646001552e-05,-3.62333214832197e-05,-1.876485668827458e-06,-0.00013334205530311693,-0.00013521853846538948,-7.004205590544357e-06,-4.902289525892571e-05,0.0,0.0,0.0029702273578468288,0.0
92,C.[Pt] + C#[Pt] <=> CC=[Pt] + [Pt],-1.1031763792042748e-06,-1.796664515808409e-06,8.17522109707897e-07,1.2403395810478765e-07,-2.9934033535686448e-06,-3.6868914886879024e-06,-6.934881495340553e-07,5.040360898273035e-07,-1.8945206662821384e-07,6.079860951541433e-07,-1.6945265848852856e-08,0.0,0.0,0.0001183238459906575,0.0
93,CC=[Pt] + [Pt] <=> C[Pt] + C#[Pt],1.251003866983988e-08,1.383690016886634e-08,1.948497382506354e-08,2.0811853578074682e-08,5.645746203831145e-09,6.972614740465506e-09,1.326861249557122e-09,-3.266544716051456e-08,-3.133858501871258e-08,-4.577845647809706e-09,6.341922599263995e-10,0.0,0.0,1.3155762452490054e-09,0.0
94,CO[Pt] + C#[Pt] <=> CC=[Pt] + O=[Pt],2.4886659641419858e-05,3.408322446420856e-05,2.2350320569016605e-05,3.154688515360536e-05,2.7382760196577308e-05,3.657932524206111e-05,9.196562533414894e-06,-5.765148569812486e-05,-4.845492845517658e-05,-1.1053750395312593e-05,-1.4002267335342908e-05,0.0,0.0,0.00012511002594330916,0.0
95,CC=[Pt] + [Pt] <=> CC#[Pt] + [Pt],1.548505706556537e-08,1.6946498145096e-08,2.431967243308125e-08,2.5781109561939534e-08,6.790601121800775e-09,8.252034363473417e-09,1.4614359704945116e-09,-3.9634000743523347e-08,-3.817255183700809e-08,-5.411869069306621e-09,-6.149703230467536e-10,0.0,0.0,-2.011610803858418e-06,0.0
96,CC#[Pt] + C.[Pt] <=> CC=[Pt] + C[Pt],3.6222933260680334e-09,-1.2901578844241188e-08,3.82746242417639e-08,2.1750758109966826e-08,-3.048029849617244e-08,-4.7004175058904684e-08,-1.6523881251653192e-08,-1.0240243077410206e-08,-2.6764123654314833e-08,9.338785907770744e-09,-5.395377626674833e-08,0.0,0.0,-0.00011988130854150155,0.0
97,CC=[Pt] + C#[Pt] <=> CC#[Pt] + C=[Pt],8.341326360709018e-07,9.286129149486298e-07,5.136453426580964e-07,6.081256450542279e-07,1.1495354752991039e-06,1.244015764658815e-06,9.448027931291519e-08,-1.0266880099977132e-06,-9.322077302312452e-07,-2.64078839818539e-07,-8.50783389568397e-07,0.0,0.0,6.0170186803719474e-05,0.0
98,CC=[Pt] + C=[Pt] <=> CC#[Pt] + C[Pt],1.5288819065678194e-08,1.9661143799761345e-08,2.037941202122411e-08,2.4751747254053107e-08,1.0278987359549553e-08,1.465130176144738e-08,4.372325230852123e-09,-4.111676606080235e-08,-3.6744437222529576e-08,-6.361885130918569e-09,-2.4402831921590387e-09,0.0,0.0,-2.4865701959783594e-08,0.0
99,CC=[Pt] + C~[Pt] <=> CC#[Pt] + C#[Pt],7.579224365255188e-09,2.06504925690033e-08,7.948659630839247e-09,2.101992314369482e-08,7.215663393162809e-09,2.028692293724035e-08,1.3071261079541936e-08,-3.852989359920309e-08,-2.5458622260705983e-08,-5.542334683782424e-09,5.605583236408676e-10,0.0,0.0,-5.095690695998237e-10,0.0
100,CC=[Pt] + C~[Pt] <=> CC#[Pt] + C#[Pt],9.934615655772268e-09,5.734367304299909e-09,1.71109211952712e-08,1.2910667099973764e-08,2.8721607829110296e-09,-1.3281053675683017e-09,-4.200253152521512e-09,-1.8181580384754977e-08,-2.2381835638029373e-08,-2.562844226092246e-09,-8.952682930246038e-12,0.0,0.0,-5.133749796632248e-10,0.0
101,CC#[Pt] + [H][H].[Pt] <=> CC=[Pt] + [Pt],3.7040175136467985e-06,4.786241865347757e-06,5.016971468445611e-07,1.5839214840365975e-06,6.855533688540703e-06,7.9377580795224e-06,1.0822243126553713e-06,-3.507752727987436e-06,-2.4255284398783425e-06,-1.472341216119727e-06,-3.764147920718193e-06,0.0,0.0,-9.15772582029943e-07,0.0
102,CC#[Pt] + O[Pt] <=> CC=[Pt] + O=[Pt],-5.901578290427288e-07,-9.776399428629553e-07,4.799058814723006e-07,9.242377900668148e-08,-1.6432451906388907e-06,-2.0307273039077325e-06,-3.8748211970021136e-07,2.534116623902109e-07,-1.3407045643445667e-07,3.3592828159753646e-07,-1.0846969074236051e-07,0.0,0.0,-0.0002856769249466139,0.0
103,CC#[Pt] + O.[Pt] <=> CC=[Pt] + O[Pt],-6.755853665191191e-06,-8.768173191295653e-06,-4.942238805146691e-07,-2.5065435447604882e-06,-1.291814394627128e-05,-1.4930463370053239e-05,-2.0123196694801075e-06,5.8671731919340175e-06,3.8548534115511675e-06,2.7055640641018155e-06,5.763902029951368e-06,0.0,0.0,-6.729381396623253e-05,0.0
104,CC#[Pt] + O=C[Pt] <=> CC=[Pt] + O=C=[Pt],1.837197177225259e-06,2.236102628675568e-06,6.878687719467037e-07,1.0867742212053548e-06,2.9682917281712867e-06,3.3671971685023397e-06,3.989054386017224e-07,-2.068386506531729e-06,-1.6694810639215023e-06,-6.711199869573672e-07,-1.3986197438756533e-06,0.0,0.0,0.0003502209765038592,0.0
105,CC=[Pt] + C=O.[Pt] <=> CC#[Pt] + CO[Pt],1.1265070218700758e-08,1.991819671280581e-08,1.566551781190055e-08,2.4318653247254366e-08,6.93443485537782e-09,1.558755255008525e-08,8.653123177732403e-09,-4.1241023957559314e-08,-3.258790393649011e-08,-5.821184833371176e-09,-9.543259073123614e-11,0.0,0.0,1.9494717102532673e-09,0.0
106,CC#[Pt] + C=O.[Pt] <=> CC=[Pt] + O=C[Pt],1.3604255547825084e-08,1.5930957116551742e-08,1.7924000225767403e-08,2.0250710345958432e-08,9.35305604012944e-09,1.1679747642769688e-08,2.326699259296265e-09,-3.323460510048741e-08,-3.0907901505287704e-08,-5.420306416553015e-09,1.94519606448495e-09,0.0,0.0,2.131998928105028e-07,0.0
107,CC=[Pt] + C~[Pt] <=> CC#[Pt] + C#[Pt],1.2272877606419218e-08,1.1004164774720252e-08,2.1021584192194225e-08,1.9752882791085806e-08,3.662954242438142e-09,2.394231711782013e-09,-1.2687128893735953e-09,-2.8969183952181663e-08,-3.023788430491753e-08,-3.821094960995115e-09,-3.940308978753246e-11,0.0,0.0,-5.188724053103599e-10,0.0
108,CC=[Pt] + C~[Pt] <=> CC#[Pt] + C#[Pt],1.0456364642379014e-08,3.0957052047567697e-08,9.697888437703982e-09,3.019856358033454e-08,1.1202807772228039e-08,3.17034720678707e-08,2.0500679963725768e-08,-5.6404216963613046e-08,-3.5903530133132394e-08,-8.197634692695925e-09,1.246980836712841e-11,0.0,0.0,-3.31114175515902e-10,0.0
