,Reaction,SYNGAS Selec,SYNGAS Yield,CO Selectivity,CO % Yield,H2 Selectivity,H2 % Yield,CH4 Conversion,H2O+CO2 Selectivity,H2O+CO2 yield,Exit Temp,Peak Temp,Dist to peak temp,O2 Conversion,Max CH4 Conv,Dist to 50 CH4 Conv
0,[H][H] + 2 [Pt] <=> 2 [Pt],0.004032162316671303,0.004812556597824517,5.0575838799542936e-05,0.0008309390491380979,0.9273887697932507,0.9281763696060313,0.0007803628156493086,-0.0033886535978562,-0.002608317225992782,-6.21274902611419e-07,-6.21274902611419e-07,0.0,-0.00157406406999273,0.0008308755966789402,0.0
1,O=C=O + [Pt] <=> O=C=O.[Pt],-6.036681006160085e-07,-4.3579672743025516e-07,-6.073235562591388e-07,-4.394521769390045e-07,2.440571551747551e-07,4.119285241982895e-07,1.678713653082844e-07,5.026338979103297e-07,6.705052757660432e-07,1.0927504149711099e-10,1.0927504149711099e-10,0.0,3.3987974816794396e-07,5.690928744376302e-07,0.0
2,[C-]#[O+] + [Pt] <=> O=C=[Pt],0.015667787995681588,0.011286957455957201,0.015763078420182097,0.011382243706597395,-0.006430700529158665,-0.010810563123216845,-0.004380144268017466,-0.013186204311617971,-0.017565771004849202,-2.9049533983580754e-06,-2.9049533983580754e-06,0.0,-0.008992120248928787,-0.0038442223668261923,0.0
3,[O][O] + 2 [Pt] <=> 2 O=[Pt],0.054821096520967984,-0.8914122790646932,0.06109547070966685,-0.8851972425690982,-1.4002483581056016,-2.3327209247000145,-0.9457149242942021,-0.05852340863596026,-1.00368486832048,-0.00023922277882734396,-0.00023922277882734396,0.0,-0.9655221348180038,-0.9693182511505081,0.0
4,O=C=[Pt] + O=[Pt] <=> O=C=O.[Pt] + [Pt],-0.07653045232001761,-0.05555209649709114,-0.07699615001431338,-0.056017891961931465,0.031467966275727656,0.05246899574342907,0.02099442294976564,0.06440764168682139,0.08541558664931213,1.409348775950574e-05,1.409348775950574e-05,0.0,0.043527016558221325,0.036049188131251686,0.0
5,C=[Pt] + [Pt] <=> C[Pt] + [Pt],-0.01030547122412601,0.34337055861123167,-0.011473551605023025,0.34219834658422715,0.26058020305706314,0.6152143893331401,0.353712481573355,0.010498329378037444,0.364247944852762,8.79305925442219e-05,8.79305925442219e-05,0.0,0.35722030382125475,0.35810965854012095,0.0
6,C[Pt] + [Pt] <=> C + 2 [Pt],5.323812672320474e-09,7.785234462167306e-11,5.324222318670997e-09,7.825907630639423e-11,5.230304145705485e-09,-1.5656466729090524e-11,-5.245967651195558e-09,5.331542092908586e-09,8.558939370903721e-11,4.2216212168274675e-13,4.2216212168274675e-13,0.0,-2.9629316084968343e-09,5.690928744376302e-07,0.0
7,C=[Pt] + [Pt] <=> C#[Pt] + [Pt],2.268387541104786e-08,-3.526950956507831e-07,2.4307556931231853e-08,-3.510714237565264e-07,-3.538575724553143e-07,-7.292365483028796e-07,-3.753789774864237e-07,2.204545865965273e-09,-3.7317441826005106e-07,-8.957955482014285e-11,-8.957955482014285e-11,0.0,-3.66163996585655e-07,-0.0,0.0
8,O=C=[Pt] + [Pt] <=> C~[Pt] + O=[Pt],0.008525272248837971,-0.2808413846588713,0.009481982949584767,-0.2798874421239037,-0.2133423556131536,-0.502067056311873,-0.28934198971536,-0.008562374738793083,-0.29787958990870295,-7.191402057909212e-05,-7.191402057909212e-05,0.0,-0.29217035332944535,-0.29267763620877996,0.0
9,C#[Pt] + [Pt] <=> C~[Pt] + [Pt],-1.0533548292089752e-06,4.957443024716932e-05,-1.2141623882789164e-06,4.941362261834038e-05,3.623899623240062e-05,8.686680019690667e-05,5.062778560300995e-05,1.7929537338404644e-06,5.2420740253062444e-05,1.2652393630888082e-08,1.2652393630888082e-08,0.0,5.138635488594515e-05,5.0080172950511465e-05,0.0
10,C~[Pt] + [H][H] <=> C=[Pt],1.3610926436410878e-05,1.706977631008036e-05,1.473165742442294e-07,3.606165972334926e-06,0.0031359123487856365,0.003139371306647193,3.458849396602665e-06,-1.1426072867498585e-05,-7.967223862870708e-06,-1.894907157182369e-09,-1.894907157182369e-09,0.0,-4.489834128158322e-06,3.4145572466257816e-06,0.0
11,C + O=[Pt] + [Pt] <=> C[Pt] + O[Pt],-1.6388765496921005e-07,5.743085661791287e-06,-1.827950613785888e-07,5.724178231341361e-06,4.220867025051581e-06,1.0127840570713655e-05,5.9069733176913195e-06,1.8349060704101912e-07,6.090463943414023e-06,1.4695138715682812e-09,1.4695138715682812e-09,0.0,5.969496170238801e-06,6.260021618813933e-06,0.0
12,O=C=[Pt] + O[Pt] <=> O=C=O.[Pt] + [Pt],-9.093691897114508e-06,-6.650231270892589e-06,-9.149305312736085e-06,-6.705844683672883e-06,3.803433184078504e-06,6.246894129244783e-06,2.443460848099756e-06,7.659284826421123e-06,1.0102745862503613e-05,1.6620197990556138e-09,1.6620197990556138e-09,0.0,5.125053706928172e-06,4.552742995501042e-06,0.0
13,O[Pt] + [Pt] <=> [Pt] + O=[Pt],2.387007540072497e-08,6.96638809831988e-09,2.3905413769671665e-08,7.001719167660086e-09,1.5674091142734502e-08,-1.2296117130304355e-09,-1.690369227818108e-08,2.4409715020339438e-08,7.506029829646736e-09,2.1757586271341563e-12,2.1757586271341563e-12,0.0,9.94025919555459e-09,-0.0,0.0
14,C + O[Pt] + [Pt] <=> C[Pt] + O.[Pt],-6.079080946172345e-05,0.001761205659612796,-5.7296689952048254e-05,0.0017646998427766863,-0.000871100557486807,0.0009508811477523897,0.001821997576679098,6.292328620232575e-05,0.0018849220093519277,4.5502633873943035e-07,4.5502633873943035e-07,0.0,0.0018463102169418274,0.0018649173495321144,0.0
15,O + [Pt] <=> O.[Pt],5.0093105490014624e-09,1.0759738580586757e-07,5.223446467008272e-09,1.0781151942383411e-07,-4.465067426709051e-08,5.7937398547440404e-08,1.025880694578998e-07,1.2605850504734154e-08,1.1519392154339444e-07,2.8317336162104245e-11,2.8317336162104245e-11,0.0,1.1020287528824295e-07,-1.1381857488752605e-06,0.0
16,O.[Pt] + [Pt] <=> [Pt] + O[Pt],-9.517861400071422e-08,3.072810330783856e-06,-8.893038046016174e-08,3.0790585752321726e-06,-1.5441866903933796e-06,1.6238022110771798e-06,3.167988943739256e-06,1.2031804166039114e-07,3.2883069955099215e-06,7.918137702300319e-10,7.918137702300319e-10,0.0,3.2197774044402164e-06,2.845464372188151e-06,0.0
17,O.[Pt] + O=[Pt] <=> 2 O[Pt],-0.014075533403527,0.4059668950830541,-0.013271738381503731,0.4067740668605052,-0.20048098981426887,0.21877834644198466,0.4201015600219886,0.014563013725846966,0.4347257531956988,0.00010493269126599695,0.00010493269126599695,0.0,0.42574824997002286,0.4233299783221711,0.0
18,[H] + [Pt] <=> [Pt],2.844227667362584e-09,5.126939339907514e-10,2.360669025145252e-09,2.9144432894621477e-11,1.1498499100339155e-07,1.1265346834176309e-07,-2.3315364944491777e-09,2.1428674416845784e-09,-1.8866011985114574e-10,-1.0716423088869726e-12,-1.0716423088869726e-12,0.0,5.734912165869301e-10,-5.690928744376302e-07,0.0
19,C + [Pt] <=> C.[Pt],-1.1929156617444097e-05,0.0004019663622437689,-1.3271670547022024e-05,0.00040062384274722044,0.00029940882721362174,0.0007133056346930021,0.0004138955682302587,1.2353860826042364e-05,0.0004262494802034064,1.0290065325177639e-07,1.0290065325177639e-07,0.0,0.00041802941277808216,0.00041828326271165823,0.0
20,[CH3] + [Pt] <=> C[Pt],-1.1784934111705503e-05,-6.051694948985273e-07,-1.1801801201268984e-05,-6.220365918412067e-07,-7.873341631767837e-06,3.306423429909151e-06,1.1179765926679647e-05,-8.973891686416955e-06,2.2058732417831804e-06,3.234411332277044e-11,3.234411332277044e-11,0.0,9.010540391929504e-06,1.1381857488752604e-05,0.0
21,[H][H] + [Pt] <=> [H][H].[Pt],5.8935969439690375e-08,5.427290267262631e-08,1.3543608527264424e-08,8.880528884328224e-09,1.058572815181913e-05,1.0581065063395316e-05,-4.6630729888983555e-09,-2.568997931704843e-08,-3.0353044909180735e-08,-7.45278514816849e-12,-7.45278514816849e-12,0.0,-1.940256650640582e-08,-5.690928744376302e-07,0.0
22,[OH] + [Pt] <=> O[Pt],4.520831433822743e-09,4.406407344945686e-10,4.520098114851649e-09,4.3991284127941646e-10,4.690644486453787e-09,6.104520719316487e-10,-4.08019940397097e-09,4.859693823487281e-09,7.795094031709522e-10,3.572141029623242e-13,3.572141029623242e-13,0.0,-1.5292461045770977e-09,-1.1381857488752605e-06,0.0
23,[CH]=O + [Pt] <=> O=C[Pt],1.749015744600839e-08,3.57142474191778e-12,1.7490215850083687e-08,3.6341758321075524e-12,1.7476567961084642e-08,-1.0015849263678458e-11,-1.7486586940478284e-08,1.7493241353429802e-08,6.656733367169523e-12,-1.0391682995267613e-12,-1.0391682995267613e-12,0.0,2.8676687706725925e-10,-5.690928744376302e-07,0.0
24,O=C=O + 2 [Pt] <=> O=C=[Pt] + O=[Pt],-0.012299156522949472,-0.008925527476140987,-0.012373997723663589,-0.00900037120204657,0.005057019859039965,0.008431234510877735,0.003374044025754023,0.010350923707380884,0.013725316977865547,2.2647152005587328e-06,2.2647152005587328e-06,0.0,0.006994611342856385,0.005796780019021701,0.0
25,O + 2 [Pt] <=> [Pt] + O[Pt],-0.013172692812611813,0.3825246432411466,-0.012397878965570184,0.38330252340985005,-0.1928572203763121,0.20212901511749393,0.39574946691534235,0.013635217544512124,0.4094386457606127,9.883926262906531e-05,9.883926262906531e-05,0.0,0.4010444505778528,0.4075177328059216,0.0
26,CC + 2 [Pt] <=> 2 C[Pt],-0.00040862759205512265,-2.1078335295674564e-05,-0.00040921439245344813,-2.1665137968312305e-05,-0.0002725446436428212,0.00011500514050606985,0.0003875508403930123,-0.0003111647533581347,7.638488111645976e-05,1.1624591234637394e-08,1.1624591234637394e-08,0.0,4.689546935722308e-05,0.00039039771186421434,0.0
27,C=O + 2 [Pt] <=> O=C[Pt] + [Pt],5.842658229090282e-07,5.230627465407263e-07,5.850262287778048e-07,5.23823143868682e-07,4.079236640568489e-07,3.4672058421007997e-07,-6.120307536904381e-08,3.159139134522657e-07,2.547108554582962e-07,5.4686231762595814e-11,5.4686231762595814e-11,0.0,1.4862572336087756e-07,-0.0,0.0
28,C=O + 2 [Pt] <=> C=[Pt] + O=[Pt],3.09189067021625e-05,-0.001325165550748555,3.539194828794517e-05,-0.0013206925698321568,-0.0010064094367409093,-0.0023624798271503467,-0.0013560840381723477,-4.480369535207517e-05,-0.0014008871259341294,-3.380997711568664e-07,-3.380997711568664e-07,0.0,-0.0013724295613369625,-0.0013908629851255682,0.0
29,CO + 2 [Pt] <=> C[Pt] + O[Pt],-7.738135576104636e-05,2.2510183406748345e-05,-7.75397385482018e-05,2.235180044606433e-05,-4.065132421295015e-05,5.924025161932661e-05,9.989161645510358e-05,-7.452687843961697e-05,2.536466357912488e-05,1.052036125735745e-08,1.052036125735745e-08,0.0,4.9320027578639414e-05,0.00010016034590102293,0.0
30,CC=O + 2 [Pt] <=> C[Pt] + O=C[Pt],2.246867340934059e-08,6.147859980241535e-09,2.2493878427758478e-08,6.1730797271143905e-09,1.662481624098958e-08,3.040142683354222e-10,-1.6320818693253695e-08,1.6804665422441886e-08,4.838477264950073e-10,7.30665210604754e-13,7.30665210604754e-13,0.0,-2.1982979218213884e-09,-1.1381857488752605e-06,0.0
31,C=C + 2 [Pt] <=> 2 C=[Pt],2.799560555450322e-06,-0.00014208799472098461,3.2717656419634012e-06,-0.00014161579031432477,-0.00010670796521600908,-0.0002515953618157059,-0.00014488755122709992,-5.054226845347117e-06,-0.00014994177073985245,-3.627351716637005e-08,-3.627351716637005e-08,0.0,-0.00014727172110529007,-0.0001559314475959107,0.0
32,C.[Pt] + [Pt] <=> C[Pt] + [Pt],-0.00020994850129420228,0.005725798185867868,-0.00018072294783639715,0.005755025474084309,-0.0069875503549572384,-0.0010522059699290714,0.005935759149189012,0.0002313517916763215,0.006167124673358801,1.4884056752245982e-06,1.4884056752245982e-06,0.0,0.0060340328575063966,0.005761496260806569,0.0
33,O=C[Pt] + [Pt] <=> O=C=[Pt] + [Pt],1.8813865194436084e-08,-4.821808832576002e-08,1.8567660724722477e-08,-4.846429166571361e-08,7.590949695648078e-08,8.877538343614787e-09,-6.703195875990639e-08,1.5111442849804963e-08,-5.192050546628592e-08,-1.2015383463278176e-11,-1.2015383463278176e-11,0.0,-5.639172907512069e-08,-0.0,0.0
34,C[Pt] + [H][H].[Pt] <=> C.[Pt] + [Pt],8.338639860856459e-08,8.33864263821592e-08,1.381058160391281e-08,1.3810602099798897e-08,1.6218484827110953e-05,1.6218484834884862e-05,2.107736981729174e-14,-4.632490818201742e-08,-4.632487910134483e-08,-1.1171059219912683e-11,-1.1171059219912683e-11,0.0,-2.9151640694324305e-08,-5.690928744376302e-07,0.0
35,C#[Pt] + [H][H].[Pt] <=> C=[Pt] + [Pt],3.444794107508772e-08,3.4447971077762064e-08,7.280815221359176e-09,7.2808404443547574e-09,6.334686142213153e-06,6.334686157887056e-06,2.107736981729174e-14,-1.60865196395974e-08,-1.6086480128256237e-08,-4.383991263628524e-12,-4.383991263628524e-12,0.0,-1.223411771803334e-08,-0.0,0.0
36,C=[Pt] + [H][H].[Pt] <=> C[Pt] + [Pt],1.7574147194986984e-08,8.75647340188356e-11,1.7573295756503323e-08,8.671119859996033e-11,1.7773070105039426e-08,2.864918939276592e-10,-1.7486586940478284e-08,1.7578891958807448e-08,9.230538583021715e-11,-6.657171918843314e-13,-6.657171918843314e-13,0.0,3.8232747772462006e-10,-0.0,0.0
37,C~[Pt] + [H][H].[Pt] <=> C#[Pt] + [Pt],8.537438778826191e-09,3.7705051507989394e-10,8.233440704921096e-09,7.303864783095634e-11,7.903543345121768e-08,7.087502331655822e-08,-8.16039880794194e-09,7.973767546558019e-09,-1.866255692967883e-10,-2.7602907956179597e-13,-2.7602907956179597e-13,0.0,-3.2496772167902993e-09,-5.690928744376302e-07,0.0
38,[H][H].[Pt] + O=[Pt] <=> [Pt] + O[Pt],0.00027641051506309633,0.000327032611734459,3.5221592266413073e-06,5.414411775228838e-05,0.06356105041102628,0.06361170454361505,5.0621956740696455e-05,-0.000232277299572467,-0.00018165546040353154,-4.3283097034790375e-08,-4.3283097034790375e-08,0.0,-0.00011074296576723817,5.178745157382435e-05,0.0
39,[H][H].[Pt] + O[Pt] <=> O.[Pt] + [Pt],1.3714269390434127e-08,-2.749879182473327e-10,1.422431006013884e-08,2.350494961639334e-10,-1.0456715331005315e-07,-1.1855640669013886e-07,-1.39892611214347e-08,1.4689723907000457e-08,7.004779782390671e-10,-8.443242433654935e-13,-8.443242433654935e-13,0.0,2.485086067662442e-09,-1.1381857488752605e-06,0.0
40,O=C=[Pt] + [H][H].[Pt] <=> O=C[Pt] + [Pt],1.1319083901118977e-08,8.271561144845615e-10,1.0618427625220699e-08,1.2649772945244725e-10,1.7380623319676672e-07,1.6331429878110435e-07,-1.0491935302391116e-08,1.0005430703709524e-08,-4.864946175074723e-10,-6.332431825241201e-13,-6.332431825241201e-13,0.0,-1.3380823657147875e-09,5.690928744376302e-07,0.0
41,C.[Pt] + O=C=[Pt] <=> C[Pt] + O=C[Pt],1.1055541850213944e-08,-1.928333623028874e-11,1.1055613497234081e-08,-1.9212597314366635e-11,1.1039818891986514e-08,-3.500185438613114e-11,-1.107482996468832e-08,1.1056627492158771e-08,-1.8192437481196232e-11,-5.03347145083275e-13,-5.03347145083275e-13,0.0,-1.2425004962836326e-09,5.690928744376302e-07,0.0
42,O=C[Pt] + C#[Pt] <=> C=[Pt] + O=C=[Pt],7.143723016687483e-09,-4.997914254305524e-08,7.303698984235194e-09,-4.981917633953729e-08,-2.9955494340463984e-08,-8.707837257321735e-08,-5.712287596507284e-08,4.159860123425189e-09,-5.296300521975508e-08,-1.320068480492589e-11,-1.320068480492589e-11,0.0,-5.505360417185831e-08,5.690928744376302e-07,0.0
43,C=[Pt] + O=C[Pt] <=> C[Pt] + O=C=[Pt],4.5669736436400774e-09,2.0304928722801933e-08,4.4985237770993276e-09,2.0236476044811192e-08,2.044200739115776e-08,3.617997133667316e-08,1.573794510832631e-08,5.415111779788232e-09,2.1153064090310386e-08,5.40692255847518e-12,5.40692255847518e-12,0.0,1.7491014192877894e-08,-5.690928744376302e-07,0.0
44,O=C[Pt] + C~[Pt] <=> C#[Pt] + O=C=[Pt],8.727309750386164e-09,-1.598300973610729e-11,8.727405744441022e-09,-1.5874364139596834e-11,8.705341808334284e-09,-3.794012279967279e-11,-8.743293470239142e-09,8.729453099106409e-09,-1.3827042602429275e-11,-1.363908393128874e-12,-1.363908393128874e-12,0.0,-2.2938797912525434e-09,-0.0,0.0
45,O=C[Pt] + O=[Pt] <=> O=C=[Pt] + O[Pt],2.5715093266149743e-09,1.0049648582914912e-07,2.755454464581816e-09,1.0068043780179855e-07,-4.008548342342488e-08,5.7839492012346846e-08,9.792497539163163e-08,9.494440357340853e-09,1.0741942980516255e-07,2.5004987207362693e-11,2.5004987207362693e-11,0.0,1.0226979281319503e-07,-1.1381857488752605e-06,0.0
46,O=C[Pt] + O[Pt] <=> O=C=[Pt] + O.[Pt],1.8637603442994463e-08,1.1510242254867887e-09,1.8640090640136053e-08,1.1535134520647828e-09,1.8061686914220136e-08,5.751070621103595e-10,-1.7486586940478284e-08,1.8700507029228988e-08,1.2139353288212764e-09,-5.845321684838032e-13,-5.845321684838032e-13,0.0,1.433706772693531e-09,5.690928744376302e-07,0.0
47,C.[Pt] + O=[Pt] <=> C[Pt] + O[Pt],-1.335210395377178e-07,3.657573741952535e-06,-1.2559886067622048e-07,3.6654959052041516e-06,-1.9707281156245983e-06,1.8203665771951477e-06,3.7910947803228205e-06,1.2739695182525459e-07,3.918491745918888e-06,9.465037138173984e-10,9.465037138173984e-10,0.0,3.8304330808294735e-06,3.4145572466257816e-06,0.0
48,C=[Pt] + C.[Pt] <=> 2 C[Pt],-4.46651251647992e-08,2.0205023007202125e-06,-5.1541467011761024e-08,2.013625944385509e-06,1.5500043616034242e-06,3.6151718062863705e-06,2.065167418379216e-06,7.81734906490042e-08,2.143340915683726e-06,5.163529858320396e-10,5.163529858320396e-10,0.0,2.101691620631662e-06,1.7072786233128908e-06,0.0
49,C.[Pt] + C#[Pt] <=> C=[Pt] + C[Pt],1.5765995912163844e-08,8.629531058037005e-08,1.54897384996785e-08,8.60190360752725e-08,7.983282380894475e-08,1.503621328004217e-07,7.052930565631979e-08,2.0945256240575603e-08,9.147457809899119e-08,2.4290559001438044e-11,2.4290559001438044e-11,0.0,8.946218387857476e-08,5.690928744376302e-07,0.0
50,C.[Pt] + C~[Pt] <=> C[Pt] + C#[Pt],1.6943988151386363e-08,6.231723633834754e-10,1.694700395519733e-08,6.261909875140889e-10,1.6245744022731456e-08,-7.506525144084497e-11,-1.6320818693253695e-08,1.6993633631245188e-08,6.728238930342085e-10,-3.0850308892200724e-13,-3.0850308892200724e-13,0.0,-2.0071341829590785e-09,5.690928744376302e-07,0.0
51,C[Pt] + O.[Pt] <=> C.[Pt] + O[Pt],-6.903883359697336e-07,2.0272546944699616e-05,-6.500567698781072e-07,2.0312878530775632e-05,-1.004354890216629e-05,1.0919384430452996e-05,2.096293542290173e-05,7.339407866116972e-07,2.1696876382081905e-05,5.236466483343431e-09,5.2369373564791534e-09,-0.04997501249376093,2.1249747025662262e-05,2.1056436354192318e-05,0.0
52,C#[Pt] + O[Pt] <=> C=[Pt] + O=[Pt],-3.882486965842142e-06,0.00013051193363051557,-4.3003470234998385e-06,0.00013009407301695888,9.30220626246854e-05,0.0002274166134473435,0.00013439442581209945,4.003307505761208e-06,0.00013839773871658382,3.3413985798147284e-08,3.3413985798147284e-08,0.0,0.00013574524879828966,0.0001388586613627818,0.0
53,C=[Pt] + O[Pt] <=> C[Pt] + O=[Pt],-0.00016435215963024323,0.005424702071487648,-0.00018281729397058615,0.005406235905118929,0.004117836334983747,0.00970712990032118,0.005589063416859168,0.00016759603848203678,0.005756668822407701,1.3895784642849387e-06,1.3895784642849387e-06,0.0,0.005644956590635212,0.005534997296780392,0.0
54,C~[Pt] + O[Pt] <=> C#[Pt] + O=[Pt],7.767735560325892e-09,1.9024024862888768e-10,7.76729783160084e-09,1.897939450038449e-10,7.867926033551982e-09,2.904167342172805e-10,-7.577504145644735e-09,7.772043307361983e-09,1.9454648941617992e-10,1.0424157004627824e-11,1.0424157004627824e-11,0.0,-3.0585134779279893e-09,-0.0,0.0
55,2 C=[Pt] <=> C[Pt] + C#[Pt],-1.411220124829073e-07,5.279140944741133e-06,-1.5908442771374576e-07,5.261178512718719e-06,4.024483349949322e-06,9.444746525235388e-06,5.420262956199387e-06,1.7698403269984536e-07,5.59724701285161e-06,1.3504803902584267e-09,1.3504803902584267e-09,0.0,5.490070763618201e-06,6.829114493251563e-06,0.0
56,C[Pt] + C~[Pt] <=> C=[Pt] + C#[Pt],-7.23329299293278e-06,0.0002424310296420664,-8.05833155748499e-06,0.00024160598900562947,0.0001840986826458886,0.00043376348296150454,0.0002496643406944161,7.413234297214471e-06,0.00025707759350136197,6.206452153329197e-08,6.206452153329197e-08,0.0,0.0002521473649770395,0.0002543845148736207,0.0
57,C=[Pt] + C~[Pt] <=> 2 C#[Pt],1.689472923148718e-08,-8.958029055635356e-12,1.6894776598835063e-08,-8.913792839012987e-12,1.6883179573773472e-08,-2.050353725069937e-11,-1.690369227818108e-08,1.689541427813963e-08,-8.276472643454095e-12,-1.2989603744084517e-13,-1.2989603744084517e-13,0.0,3.8232747772462006e-10,-1.1381857488752605e-06,0.0
58,C#[Pt] + O.[Pt] <=> C=[Pt] + O[Pt],-2.9208419889016713e-07,8.67679264102347e-06,-2.787700866506568e-07,8.690106771439913e-06,-3.3797168664312787e-06,5.589159699368999e-06,8.968876866153633e-06,3.050025132620823e-07,9.273879408553193e-06,2.238108725105762e-09,2.238108725105762e-09,0.0,9.086621454388097e-06,8.536393116564454e-06,0.0
59,C=[Pt] + O.[Pt] <=> C[Pt] + O[Pt],-5.508791278253959e-09,4.053927760614973e-08,-5.6458295997661585e-09,4.0402233632224953e-08,2.627015095841652e-08,7.231820639354521e-08,4.604806707775434e-08,-3.03870285507321e-09,4.300937156738032e-08,9.937046864224655e-12,9.937046864224655e-12,0.0,4.119465847981672e-08,-5.690928744376302e-07,0.0
60,C~[Pt] + O.[Pt] <=> C#[Pt] + O[Pt],8.208669325291863e-09,8.981283391850965e-08,8.391394786985205e-09,8.999554653568207e-08,-3.4167370219861314e-08,4.743677788995697e-08,8.160415669837793e-08,1.44895811658629e-08,9.609373871534873e-08,2.2488251481946318e-11,2.2488251481946318e-11,0.0,9.232955488641423e-08,-5.690928744376302e-07,0.0
61,CO + 2 [Pt] <=> CO[Pt] + [Pt],-7.04956330115606e-05,1.4171507399874194e-05,-7.061881988210125e-05,1.4048320418684409e-05,-4.1927771082829254e-05,4.27393935063885e-05,8.466720008992258e-05,-6.827154639444726e-05,1.6395595892689787e-05,7.97219069088039e-09,7.97219069088039e-09,0.0,3.839599111994494e-05,8.536393116564454e-05,0.0
62,C=O + [Pt] <=> CO[Pt],-9.17277950815253e-08,6.681738474260832e-08,-9.236575080254376e-08,6.617943097165752e-08,5.6217488835117056e-08,2.1476267094413354e-07,1.5854517717574806e-07,-4.1458160044821924e-08,1.1708702145192905e-07,2.8950579344628364e-11,2.8950579344628364e-11,0.0,1.2884080810797333e-07,-5.690928744376302e-07,0.0
63,C.[Pt] + O=[Pt] <=> CO[Pt] + [Pt],-0.002574908004253463,0.0907232330670148,-0.002879595130547155,0.09041826166597577,0.0680840800241179,0.16144814631522603,0.09330054347442089,0.002867890575638041,0.0961711098075529,2.321633239464918e-05,2.321633239464918e-05,0.0,0.09431334969197214,0.09418373253367893,0.0
64,CO[Pt] + [Pt] <=> C[Pt] + O=[Pt],1.4571054233651586e-08,-1.096179871281695e-12,1.4571095715755353e-08,-1.041718153828875e-12,1.4561705384569611e-08,-1.0444793557626144e-11,-1.4572155783731903e-08,1.4572297676158365e-08,1.5802334402776315e-13,-3.247400936021129e-14,-3.247400936021129e-14,0.0,-3.8230620895082584e-10,-1.1381857488752605e-06,0.0
65,C=O + [Pt] <=> C=O.[Pt],-0.013496458863538402,-0.012675931669108739,-0.013512892806445837,-0.012692365746876396,-0.00968531728703033,-0.00886475881692447,0.0008206379514907363,-0.007888295807320618,-0.007067722590165607,-1.5065692492210125e-06,-1.5065692492210125e-06,0.0,-0.004166642546656748,-0.0005434836950879368,0.0
66,O=C[Pt] + [Pt] <=> C=O.[Pt] + [Pt],8.073947702954556e-05,5.66977149594328e-05,8.075003368914977e-05,5.670827160503404e-05,7.829131754492841e-05,5.424955604978694e-05,-2.4041742663642222e-05,4.412382423611135e-05,2.008207096990332e-05,3.801310113678253e-09,3.801310113678253e-09,0.0,4.339105731282602e-06,-2.1625529228629948e-05,0.0
67,C=O.[Pt] + C[Pt] <=> C.[Pt] + O=C[Pt],2.224501531374591e-08,9.534407504083472e-11,2.2245249773557298e-08,9.557764061379927e-11,2.2190744184407203e-08,4.1071416145490895e-11,-2.2149681006746456e-08,2.219345358323043e-08,4.3772466295690395e-11,-6.494801872042258e-13,-6.494801872042258e-13,0.0,1.433706772693531e-09,-5.690928744376302e-07,0.0
68,C=O.[Pt] + [Pt] <=> C=[Pt] + O=[Pt],1.512611422316845e-08,-2.891321746509675e-11,1.512619220247868e-08,-2.883665253099022e-11,1.5108278833050155e-08,-4.675492804029773e-11,-1.515502936865929e-08,1.512449020878742e-08,-3.053801123336523e-11,-4.059251170026411e-13,-4.059251170026411e-13,0.0,-8.601942873328067e-10,-5.690928744376302e-07,0.0
69,C=O.[Pt] + C#[Pt] <=> C=[Pt] + O=C[Pt],6.311884271296457e-09,-9.984666332932514e-11,6.3123394584428054e-09,-9.938938204030948e-11,6.206639636414481e-09,-2.0509971415108585e-10,-6.411735898420147e-09,6.283021266933715e-09,-1.287100137106131e-10,-2.2082326364943678e-12,-2.2082326364943678e-12,0.0,-3.2496772167902993e-09,5.690928744376302e-07,0.0
70,C=O.[Pt] + C=[Pt] <=> C[Pt] + O=C[Pt],3.4631119191133285e-09,-3.41819529754507e-11,3.4632299207280772e-09,-3.4068918712721616e-11,3.435272077521703e-09,-6.202534490483534e-11,-3.4973047416737664e-09,3.4632310378500152e-09,-3.407378355598643e-11,-1.4938044305697194e-12,-1.4938044305697194e-12,0.0,-3.823147164603436e-09,-0.0,0.0
71,C=O.[Pt] + C~[Pt] <=> O=C[Pt] + C#[Pt],4.654154605730364e-09,-8.910881534289906e-12,4.6542206596644944e-09,-8.854604307545437e-12,4.639525374916966e-09,-2.354904173772794e-11,-4.6630729888983555e-09,4.655306008613805e-09,-7.762896775363864e-12,-7.30665210604754e-13,-7.30665210604754e-13,0.0,-4.3966171124165716e-09,-1.1381857488752605e-06,0.0
72,C=O.[Pt] + [Pt] <=> O=C[Pt] + [H][H].[Pt],1.676308237775107e-08,9.185586567409166e-09,9.313878551271193e-09,1.7363784345446254e-09,1.7442820874689423e-06,1.7367045743455061e-06,-7.577504145644735e-09,2.7258575680840186e-09,-4.851632708340384e-09,-1.9809145709728887e-12,-1.9809145709728887e-12,0.0,-5.447996407385482e-09,-5.690928744376302e-07,0.0
73,C=O.[Pt] + O=[Pt] <=> O=C[Pt] + O[Pt],0.023461824186863257,0.021935217049195335,0.023492015692640457,0.021965408094176346,0.016460211513030776,0.01493371123740852,-0.0015262490518009547,0.013159653100065052,0.011633203199199374,2.50005075801415e-06,2.500052365477613e-06,-0.04997501249376093,0.006885740391794361,-0.0003272284028016374,0.0
74,C=O.[Pt] + O[Pt] <=> O=C[Pt] + O.[Pt],1.3058282629820575e-08,2.6464693452183196e-08,1.3110276106329346e-08,2.651668701388185e-08,1.0008839612878934e-09,1.4407295156256073e-08,1.3406408613877132e-08,1.4136220395717664e-08,2.754263924148297e-08,5.374448549114968e-12,5.520581591235919e-12,-0.04997501249376093,2.561526040678813e-08,-5.690928744376302e-07,0.0
75,C=O.[Pt] + O=C=[Pt] <=> 2 O=C[Pt],1.2202391822961255e-08,-3.820127917015025e-11,1.2202507786290608e-08,-3.8093738852514997e-11,1.2175600822525497e-08,-6.500650774777175e-11,-1.2240598211912909e-08,1.220077890991364e-08,-3.9802129776992846e-11,-8.605612480455991e-13,-8.605612480455991e-13,0.0,-3.2496772167902993e-09,-0.0,0.0
76,C=O.[Pt] + [Pt] <=> CO[Pt] + [Pt],-0.016722216396576357,0.6036948435815819,-0.018747273065320733,0.6016572210144933,0.45290200650858276,1.0762331825882299,0.6205208248132592,0.019283207641641254,0.6399236887740187,0.00015447120358012852,0.00015447120358012852,0.0,0.6274907433615602,0.626688487887965,0.0
77,C=O.[Pt] + [H][H].[Pt] <=> CO[Pt] + [Pt],1.1036419405887061e-08,-3.840165613586841e-11,1.103655824400544e-08,-3.827130444691764e-11,1.1005080490223924e-08,-6.974634219589368e-11,-1.107482996468832e-08,1.1036005589843599e-08,-3.881448387681932e-11,-1.948440561612677e-12,-1.948440561612677e-12,0.0,-1.7204098434394076e-09,-0.0,0.0
78,C=O.[Pt] + O=C[Pt] <=> CO[Pt] + O=C=[Pt],-1.0540563869895106e-06,5.6880795644781536e-05,-1.2407241766788102e-06,5.669412773598896e-05,4.223545585157413e-05,0.00010017033295770814,5.7934852634823135e-05,1.2978246060656135e-06,5.923267800557854e-05,1.4349420412034004e-08,1.4349420412034004e-08,0.0,5.8406840175497604e-05,0.00010129853164989818,0.0
79,C=O.[Pt] + O[Pt] <=> CO[Pt] + O=[Pt],-0.00011975318311045452,0.0042700774842673395,-0.00013389607366446374,0.004255933972863806,0.0031600779879089476,0.007550052634497173,0.004389835924337427,0.00013806786403108671,0.004527909849328082,1.0929406314809373e-06,1.0929406314809373e-06,0.0,0.0044395377721515765,0.0043353495174658675,0.0
80,C=O.[Pt] + C[Pt] <=> C=[Pt] + CO[Pt],0.00036998963593323997,-0.012336426734149602,0.00041198103911080293,-0.012294440666552595,-0.009368098385247705,-0.02207327739789962,-0.012706369357842688,-0.00037638514551358417,-0.013082706678465304,-3.1584053288373013e-06,-3.1584053288373013e-06,0.0,-0.012831526287971668,-0.012938895593213961,0.0
81,C=O.[Pt] + C.[Pt] <=> CO[Pt] + C[Pt],1.5146627390719107e-08,-8.392258799489965e-12,1.514666911727019e-08,-8.357420643218019e-12,1.5135719346182296e-08,-1.9323940442343234e-11,-1.515502936865929e-08,1.5147026556120747e-08,-7.99993179140551e-12,1.461330421209508e-13,1.461330421209508e-13,0.0,-7.646124179016517e-10,-5.690928744376302e-07,0.0
82,C=O.[Pt] + C=[Pt] <=> CO[Pt] + C#[Pt],-9.553403070458976e-08,4.0004104676931895e-06,-1.0879502053454722e-07,3.9871494805637955e-06,2.9797786289337486e-06,7.0757232425302275e-06,4.095944494307664e-06,1.4211474732279304e-07,4.238059253338107e-06,1.0227364507904944e-09,1.0227364507904944e-09,0.0,4.155975931420672e-06,5.690928744376302e-06,0.0
83,C=O.[Pt] + C#[Pt] <=> CO[Pt] + C~[Pt],-0.01104585573011581,0.399878619816798,-0.012387525853688467,0.3985314358332504,0.30009644408873376,0.7122996207428622,0.4109698706859189,0.012740444954440582,0.42376267503052967,0.00010229773441285188,0.00010229773441285188,0.0,0.415564799567245,0.4182599299038063,0.0
84,C=O.[Pt] + O.[Pt] <=> CO[Pt] + O[Pt],6.991202897423134e-09,-3.41819529754507e-12,6.9912327375749756e-09,-3.3855839999438435e-12,6.983412893908462e-09,-1.1216893286731979e-11,-6.99463056071735e-09,6.992156672681863e-09,-2.4691147504337994e-12,-2.1108106084137338e-13,-2.1108106084137338e-13,0.0,-1.3380823657147875e-09,-5.690928744376302e-07,0.0
85,2 C=O.[Pt] <=> CO[Pt] + O=C[Pt],1.456755259124887e-08,-4.596883331181301e-12,1.4567628856856426e-08,-4.522003804120798e-12,1.4551165245107986e-08,-2.0975375974041826e-11,-1.4572155783731903e-08,1.4570071093365506e-08,-2.0740563903643912e-12,-8.118502340052822e-13,-8.118502340052822e-13,0.0,-7.646124179016517e-10,-1.1381857488752605e-06,0.0
86,[CH]C + 2 [Pt] <=> C[Pt] + C#[Pt],6.974675641969186e-09,-1.995518840946139e-11,6.974758922447335e-09,-1.9863671160509683e-11,6.95427782459278e-09,-4.034221084577983e-11,-6.99463056071735e-09,6.97528042366309e-09,-1.9338106725397515e-11,-5.195841497633807e-13,-5.195841497633807e-13,0.0,-3.1540953473591443e-09,5.690928744376302e-07,0.0
87,C.[Pt] + C~[Pt] <=> CC#[Pt] + [Pt],4.0896742047764654e-07,-4.003403992300408e-05,5.408028644266397e-07,-3.990220452659806e-05,-3.0164556504178834e-05,-7.060755147748786e-05,-4.0443007185658615e-05,-1.6574945962416717e-06,-4.2100501094321365e-05,-1.0163001021353004e-08,-1.0163001021353004e-08,0.0,-4.125772866766954e-05,-4.268196558282227e-05,0.0
88,CC#[Pt] + [Pt] <=> C[Pt] + C~[Pt],2.0127229438886964e-08,-8.566822497271491e-10,2.0130091723747283e-08,-8.538064041256981e-10,1.9464564790408854e-08,-1.5193421363773998e-09,-2.0983912759521867e-08,2.0085108579427657e-08,-8.987972749939099e-10,-1.1528273322875007e-12,-1.1528273322875007e-12,0.0,3.8232747772462006e-10,-1.1381857488752605e-06,0.0
89,CO[Pt] + C~[Pt] <=> CC#[Pt] + O=[Pt],1.7485525840986362e-08,-1.0608192302726078e-12,1.7485576743931163e-08,-1.006205034948345e-12,1.7474500602540724e-08,-1.2074781874627349e-11,-1.7486586940478284e-08,1.7486790506086005e-08,2.1728209803817433e-13,-4.708731357230637e-13,-4.708731357230637e-13,0.0,9.560313820494922e-11,-1.1381857488752605e-06,0.0
90,[CH]C + 2 [Pt] <=> CC#[Pt] + [Pt],7.568986311042723e-09,-8.510127602853588e-12,7.56905086787329e-09,-8.46395999985961e-12,7.554704268586258e-09,-2.2819836438016873e-11,-7.577504145644735e-09,7.570090167131166e-09,-7.407344251301398e-12,-6.981912012445427e-13,-6.981912012445427e-13,0.0,-2.867243395196708e-10,-1.7072786233128908e-06,0.0
91,CC=O + 2 [Pt] <=> CC=[Pt] + O=[Pt],0.0003832717713226551,-0.042005505902058544,0.0005231836121756329,-0.04186565336788618,-0.032063222466828176,-0.07443824652060724,-0.04238861520978549,-0.0017259348961783571,-0.04411381850606139,-1.0650346776931087e-05,-1.0650346776931087e-05,0.0,-0.04324868535983343,-0.04300521033550284,0.0
92,C.[Pt] + C#[Pt] <=> CC=[Pt] + [Pt],3.6175417112141185e-05,-0.0037066081363926265,4.8392026592840316e-05,-0.0036943919841453173,-0.0027969382540860926,-0.006539615770317878,-0.003742782199540721,-0.0001546853545386685,-0.0038974617645322436,-9.407371903162729e-07,-9.407371903162729e-07,0.0,-0.0038195614022004097,-0.0038294259520908138,0.0
93,CC=[Pt] + [Pt] <=> C[Pt] + C#[Pt],8.461445688384295e-09,-7.314266084567278e-08,8.70272619853822e-09,-7.29013896264831e-08,-4.749189143186885e-08,-1.2909599693672743e-07,-8.160411454363829e-08,4.682253903162894e-09,-7.692185279495041e-08,-2.0215070826731528e-11,-2.0215070826731528e-11,0.0,-7.713242048478889e-08,-0.0,0.0
94,CO[Pt] + C#[Pt] <=> CC=[Pt] + O=[Pt],4.427725013567774e-05,-0.004311642428795863,5.8495434308441405e-05,-0.00429742486396085,-0.0032530150154449346,-0.0076087910670394904,-0.004355917750254083,-0.00018153338039865035,-0.004537443223195752,-1.0950419921526273e-06,-1.0950419921526273e-06,0.0,-0.004445676347884633,-0.004312016709613924,0.0
95,CC=[Pt] + [Pt] <=> CC#[Pt] + [Pt],9.942379664128212e-09,7.027974548077373e-09,9.978418036904563e-09,7.064009178176536e-09,1.5863531227013167e-09,-1.3280758757061266e-09,-2.9144100793765635e-09,1.0485914784897526e-08,7.57151075282824e-09,1.0229312948466556e-12,1.0229312948466556e-12,0.0,5.065711467208451e-09,5.690928744376302e-07,0.0
96,CC#[Pt] + C.[Pt] <=> CC=[Pt] + C[Pt],2.1566516220947527e-08,-2.5931136739997083e-13,2.1566556025872547e-08,-2.249164195766889e-13,2.155597473509396e-08,-1.0809396207481677e-11,-2.1566786344449252e-08,2.1567950291916868e-08,1.1654221622047532e-12,-7.79376224645071e-13,-7.79376224645071e-13,0.0,1.816034250418151e-09,-5.690928744376302e-07,0.0
97,CC=[Pt] + C#[Pt] <=> CC#[Pt] + C=[Pt],9.542708160524727e-09,4.0435729862394785e-08,9.413332507094758e-09,4.0306348211247524e-08,3.9544502010350016e-08,7.043750013673158e-08,3.0893016631725235e-08,1.1962451314337798e-08,4.2855476583215286e-08,9.888335850184338e-12,9.888335850184338e-12,0.0,3.976097297589698e-08,5.690928744376302e-07,0.0
98,CC=[Pt] + C=[Pt] <=> CC#[Pt] + C[Pt],-3.578272494061904e-08,1.654588572378609e-06,-4.141315097498195e-08,1.6489581454999774e-06,1.2699508904228707e-06,2.9603222198123165e-06,1.6903712934003502e-06,6.443272800464629e-08,1.7548040407519179e-06,4.2437035431924114e-10,4.2437035431924114e-10,0.0,1.7210951445998307e-06,1.7072786233128908e-06,0.0
99,CC=[Pt] + C~[Pt] <=> CC#[Pt] + C#[Pt],1.2832687455449924e-08,9.205553542698965e-12,1.283271539225222e-08,9.221573202644244e-12,1.2826649308241958e-08,3.174187775212873e-12,-1.2823492874210112e-08,1.2835875235502979e-08,1.2385079588175936e-11,-2.2731806552147904e-13,-2.2731806552147904e-13,0.0,-1.3380823657147875e-09,-5.690928744376302e-07,0.0
100,CC=[Pt] + C~[Pt] <=> CC#[Pt] + C#[Pt],1.2217280011758613e-08,-2.331444930532465e-11,1.2217397820554349e-08,-2.3201904335279488e-11,1.2191292412785088e-08,-4.9307146589286457e-11,-1.2240598211912909e-08,1.2218799664106313e-08,-2.1787468557827843e-11,-1.3801453978089798e-12,-1.3801453978089798e-12,0.0,-2.2938797912525434e-09,-1.1381857488752605e-06,0.0
101,CC#[Pt] + [H][H].[Pt] <=> CC=[Pt] + [Pt],1.0111642973461342e-06,1.1767041366592966e-06,2.9450330339905e-08,1.9499016536991257e-07,0.00022867721792779847,0.0002288427581277696,1.655398288138352e-07,-8.192609421318598e-07,-6.537211028209863e-07,-1.5602137797113515e-10,-1.5602137797113515e-10,0.0,-3.985653570343172e-07,5.690928744376302e-07,0.0
102,CC#[Pt] + O[Pt] <=> CC=[Pt] + O=[Pt],2.409431710338677e-08,5.441967290657469e-09,2.409700137134156e-08,5.444646470343256e-09,2.3471693094669532e-08,4.819339273005129e-09,-1.8652355187702873e-08,2.508258001666746e-08,6.430226656423728e-09,9.742202808063387e-14,9.742202808063387e-14,0.0,8.697737430497163e-09,-5.690928744376302e-07,0.0
103,CC#[Pt] + O.[Pt] <=> CC=[Pt] + O[Pt],-9.830932941045693e-06,0.0002860090760313431,-9.261585411884853e-06,0.0002865784252494019,-0.00014186644262136622,0.00015397317573906505,0.00029584003805440464,1.0187710923696996e-05,0.00030602777912759935,7.387829010945728e-08,7.387829010945728e-08,0.0,0.0002997791766808749,0.00030617196644744507,0.0
104,CC#[Pt] + O=C[Pt] <=> CC=[Pt] + O=C=[Pt],7.969837445952086e-09,3.9233809887615584e-10,7.970084135757203e-09,3.925738538116702e-10,7.911622989004893e-09,3.341047105558523e-10,-7.577504145644735e-09,8.042125719217292e-09,4.646281372776306e-10,6.657171918843314e-13,6.657171918843314e-13,0.0,-2.4850435301148533e-09,-0.0,0.0
105,CC=[Pt] + C=O.[Pt] <=> CC#[Pt] + CO[Pt],-2.315223870816843e-08,1.3023320193976206e-06,-2.7464343960868713e-08,1.2980199196146656e-06,9.76853765069211e-07,2.302338037121381e-06,1.3254842512163176e-06,5.467078557438765e-08,1.3801550474099898e-06,3.336542091714909e-10,3.336542091714909e-10,0.0,1.3525416438159444e-06,1.1381857488752605e-06,0.0
106,CC#[Pt] + C=O.[Pt] <=> CC=[Pt] + O=C[Pt],1.2613077357810157e-08,1.5382468182969634e-09,1.261541317529603e-08,1.5405827724499708e-09,1.2070131645661904e-08,9.953008924615122e-10,-1.107482996468832e-08,1.1871806504564955e-08,7.969907356040234e-10,-1.5749894539702474e-12,-1.5749894539702474e-12,0.0,-1.6248279740082527e-09,-0.0,0.0
107,CC=[Pt] + C~[Pt] <=> CC#[Pt] + C#[Pt],8.734884225087072e-09,-8.404045679826327e-12,8.73493805658114e-09,-8.333745230631e-12,8.72289741039577e-09,-2.0374853962515064e-11,-8.743293470239142e-09,8.735924755635186e-09,-7.367838415294457e-12,-6.494801872042258e-13,-6.494801872042258e-13,0.0,-2.0071341829590785e-09,5.690928744376302e-07,0.0
108,CC=[Pt] + C~[Pt] <=> CC#[Pt] + C#[Pt],4.069603833566522e-09,-1.0584618542053354e-11,4.06965587230028e-09,-1.053555860122385e-11,4.058450762539526e-09,-2.1747475703147657e-11,-4.08019940397097e-09,4.070047681051545e-09,-1.0133246935780311e-11,-2.4355507020158465e-13,-2.4355507020158465e-13,0.0,-4.301035242985416e-09,-0.0,0.0
109,C=C + 2 [Pt] <=> C=C[Pt] + [Pt],-1.0575481577407709e-08,3.245843643596269e-07,-1.0294787617504942e-08,3.2486505037542264e-07,-7.566886997841796e-08,2.5949096587881665e-07,3.351598359542716e-07,3.8850873212753895e-08,3.7401071730248204e-07,8.790714333809196e-11,8.821564642701396e-11,-0.04997501249376093,3.556503099798349e-07,5.690928744376302e-07,0.0
110,C=C[Pt] + [Pt] <=> CC=[Pt] + [Pt],3.400127057682369e-08,-3.285542092306744e-07,3.3720203548976104e-08,-3.2883527501379037e-07,9.918181986763611e-08,-2.633736623915576e-07,-3.625554846122136e-07,-1.5953340855725457e-08,-3.785088122843963e-07,-8.995300592778527e-11,-8.995300592778527e-11,0.0,-3.6377451365619753e-07,-5.690928744376302e-07,0.0
111,C#C.[Pt] + [Pt] <=> C=C[Pt] + [Pt],2.0375125853524547e-08,-2.5883989218651635e-11,2.0375216106903143e-08,-2.5806199719851675e-11,2.0354059925231982e-08,-4.6947952972574185e-11,-2.0401018097224666e-08,2.0374626770054277e-08,-2.6389898452636448e-11,-8.605612480455991e-13,-8.605612480455991e-13,0.0,3.8232747772462006e-10,-0.0,0.0
112,C#C.[Pt] + [H][H].[Pt] <=> C=C[Pt] + [Pt],1.2242039852010434e-08,1.4497862813725642e-12,1.2242089837172614e-08,1.4915509929822528e-12,1.223176971148927e-08,-8.836252455322323e-12,-1.2240598211912909e-08,1.2244561435111543e-08,3.970336518697549e-12,-5.03347145083275e-13,-5.03347145083275e-13,0.0,-2.5806253995460087e-09,-5.690928744376302e-07,0.0
113,C#C.[Pt] + O=C[Pt] <=> C=C[Pt] + O=C=[Pt],1.3377677118766075e-08,-2.8689266738705862e-11,1.3377760482311747e-08,-2.862357381770704e-11,1.335918053448156e-08,-4.7183872334245415e-11,-1.3406366459137497e-08,1.3376040059213596e-08,-3.032072913532706e-11,-4.5463613104295807e-13,-4.5463613104295807e-13,0.0,-9.557761567639617e-10,-0.0,0.0
114,C#C.[Pt] + O[Pt] <=> C=C[Pt] + O=[Pt],1.7976277298575352e-08,-9.317528905894406e-11,1.7976249514568656e-08,-9.32219370613908e-11,1.7983646953447457e-08,-8.58103060042345e-11,-1.806946052540567e-08,1.7965297714700908e-08,-1.0415713663229939e-10,-9.255092667660218e-13,-9.255092667660218e-13,0.0,1.242543033831221e-09,5.690928744376302e-07,0.0
115,C#C.[Pt] + C[Pt] <=> C=C[Pt] + C=[Pt],1.8335270147883467e-08,2.0144603576466733e-09,1.8337114607943764e-08,2.016304675267255e-09,1.790866849084638e-08,1.5878659873355424e-09,-1.6320818693253695e-08,1.8644821650222528e-08,2.3240098147803056e-09,-4.2216212168274675e-13,-4.2216212168274675e-13,0.0,3.249719754337888e-09,5.690928744376302e-07,0.0
116,C#C.[Pt] + C.[Pt] <=> C=C[Pt] + C[Pt],3.480024106888143e-09,-1.7279566573107146e-11,3.4801277401814854e-09,-1.7164674125589416e-11,3.4552565434462634e-09,-4.205798802157057e-11,-3.4973047416737664e-09,3.4823130604766675e-09,-1.4992464764634028e-11,-1.0391682995267613e-12,-1.0391682995267613e-12,0.0,1.433706772693531e-09,-1.1381857488752605e-06,0.0
117,C#C.[Pt] + C=[Pt] <=> C=C[Pt] + C#[Pt],1.045024198423827e-08,-4.169019574971349e-11,1.0450359792915472e-08,-4.1585862209100426e-11,1.0422955253012688e-08,-6.897424246678784e-11,-1.0491935302391116e-08,1.044858310704342e-08,-4.3337902099614046e-11,-8.443242433654935e-13,-8.443242433654935e-13,0.0,-2.4850435301148533e-09,5.690928744376302e-07,0.0
118,C#C.[Pt] + C#[Pt] <=> C=C[Pt] + C~[Pt],1.1470076708271504e-08,-1.9362897672559186e-09,1.146848147409311e-08,-1.9378917087790452e-09,1.183874564731999e-08,-1.5676198166612116e-09,-1.3406366459137497e-08,1.1178486079401602e-08,-2.2278723628574154e-09,-1.2502493603681347e-12,-1.2502493603681347e-12,0.0,-3.72756529517228e-09,-0.0,0.0
119,C#C.[Pt] + O.[Pt] <=> C=C[Pt] + O[Pt],1.5161987432038816e-08,6.9660462787901255e-12,1.5161995626575165e-08,6.972409006877356e-12,1.5159702964700014e-08,4.675492804029773e-12,-1.515502936865929e-08,1.516396523269446e-08,8.948071855572088e-12,6.494801872042258e-14,6.494801872042258e-14,0.0,-3.8230620895082584e-10,-1.1381857488752605e-06,0.0
120,C#C.[Pt] + C=O.[Pt] <=> C=C[Pt] + O=C[Pt],1.6894083538561857e-08,-9.606307474135283e-12,1.6894153063061876e-08,-9.541191272569014e-12,1.6879056153726855e-08,-2.4642849687294537e-11,-1.690369227818108e-08,1.689585127102421e-08,-7.841908447377746e-12,-5.03347145083275e-13,-5.03347145083275e-13,0.0,9.560313820494922e-11,-0.0,0.0
121,C#C.[Pt] + CC=[Pt] <=> CC#[Pt] + C=C[Pt],1.8044546908256652e-08,-2.4905678150733563e-11,1.8044626447456504e-08,-2.484734551007737e-11,1.802515228290299e-08,-4.430994556479592e-11,-1.806946052540567e-08,1.8044081289035156e-08,-2.5362746716455985e-11,-8.443242433654935e-13,-8.443242433654935e-13,0.0,-3.8230620895082584e-10,-0.0,0.0
122,C#C.[Pt] + C~[Pt] <=> C#CC#[Pt] + [Pt],1.7465745286562516e-08,-2.0839204434688564e-11,1.7465835601352016e-08,-2.0751499132522928e-11,1.7443569303670486e-08,-4.300166546825548e-11,-1.7486586940478284e-08,1.7467000971170033e-08,-1.957514174143916e-11,-9.57983276126233e-13,-9.57983276126233e-13,0.0,-9.556060065736081e-11,5.690928744376302e-07,0.0
123,C#C.[Pt] + O=[Pt] <=> C#CO[Pt] + [Pt],5.825950676304109e-09,-2.887785682408766e-12,5.825981555355779e-09,-2.864724923029406e-12,5.817840665662828e-09,-1.1002421139758135e-11,-5.828841236122944e-09,5.826592603582583e-09,-2.2320797343921546e-12,8.118502340052822e-14,8.118502340052822e-14,0.0,-3.5364015563099703e-09,-1.1381857488752605e-06,0.0
124,C#CO[Pt] + C~[Pt] <=> C#CC#[Pt] + O=[Pt],1.8653075238858943e-08,7.307865808544633e-13,1.865311006708023e-08,7.576132027846364e-13,1.864400420113217e-08,-8.342966517282485e-12,-1.8652355187702873e-08,1.8655038960047706e-08,2.6863968484719734e-12,-5.682951638036976e-13,-5.682951638036976e-13,0.0,8.602368248803951e-10,-0.0,0.0
125,C#C.[Pt] + C#[Pt] <=> C#CC=[Pt] + [Pt],1.571064016098901e-08,-2.7274841098342385e-11,1.571074451912743e-08,-2.7179373649898828e-11,1.5686924581564522e-08,-5.100147655037982e-11,-1.573792403095649e-08,1.5711621362997876e-08,-2.6291133862619093e-11,-1.5100414352498249e-12,-1.5100414352498249e-12,0.0,-8.601942873328067e-10,5.690928744376302e-07,0.0
126,C#CC=[Pt] + [Pt] <=> C#CC#[Pt] + [Pt],1.5669675911745903e-08,5.760613813670689e-09,1.5700069586690443e-08,5.791017756491357e-09,8.62254579320647e-09,-1.286511173622596e-09,-9.909061717463731e-09,1.6003511800712215e-08,6.094466556200738e-09,3.572141029623242e-13,3.572141029623242e-13,0.0,5.448038944933071e-09,5.690928744376302e-07,0.0
127,C#CC#[Pt] + C.[Pt] <=> C#CC=[Pt] + C[Pt],1.0459902543774837e-08,-3.20249538738964e-11,1.0459999655968966e-08,-3.1938131579889826e-11,1.0436658564016923e-08,-5.5290919489856673e-11,-1.0491935302391116e-08,1.0459549547527877e-08,-3.2375032607687976e-11,-6.981912012445427e-13,-6.981912012445427e-13,0.0,-9.556060065736081e-11,5.690928744376302e-07,0.0
128,C#CC=[Pt] + C#[Pt] <=> C#CC#[Pt] + C=[Pt],4.065878682074272e-09,-1.4321059608680207e-11,4.065977011238468e-09,-1.421708525850544e-11,4.0435725592480355e-09,-3.6610395488434964e-11,-4.08019940397097e-09,4.067862716628646e-09,-1.2325820834165526e-11,-8.930352574058104e-13,-8.930352574058104e-13,0.0,-3.72756529517228e-09,-0.0,0.0
129,C#CC=[Pt] + C=[Pt] <=> C#CC#[Pt] + C[Pt],1.987365837680952e-08,5.5539780144939206e-11,1.987348181164929e-08,5.5364952334746e-11,1.9914469457138993e-08,9.634088842065019e-11,-1.9818123434927462e-08,1.987689187451786e-08,5.878468397832789e-11,-5.845321684838032e-13,-5.845321684838032e-13,0.0,5.734912165869301e-10,-5.690928744376302e-07,0.0
130,C#CC=[Pt] + C~[Pt] <=> C#CC#[Pt] + C#[Pt],1.9219993627292802e-08,-1.525222315525283e-11,1.9220053733494136e-08,-1.5187777174573257e-11,1.9205116941667498e-08,-3.011188943512753e-11,-1.9235249850000077e-08,1.9220320470029172e-08,-1.4913453092620146e-11,-1.2989603744084517e-13,-1.2989603744084517e-13,0.0,-1.5292461045770977e-09,-5.690928744376302e-07,0.0
131,C#CC=[Pt] + C~[Pt] <=> C#CC#[Pt] + C#[Pt],1.4550801826705388e-08,-2.1346040289152145e-11,1.4550880685988584e-08,-2.1260520503143858e-11,1.4532525127089034e-08,-3.9634452760766146e-11,-1.4572155783731903e-08,1.4550822597259013e-08,-2.1333151443748024e-11,-8.280872386853879e-13,-8.280872386853879e-13,0.0,-7.646124179016517e-10,-0.0,0.0
132,C#CC#[Pt] + [H][H].[Pt] <=> C#CC=[Pt] + [Pt],1.71520626965718e-08,3.1628089612971078e-09,1.4521125558892027e-08,5.318681437674017e-10,6.272836908872449e-07,6.132944284010637e-07,-1.39892611214347e-08,1.2211724541213116e-08,-1.7775255852962939e-09,-7.469022152848597e-13,-7.469022152848597e-13,0.0,-4.874526459572346e-09,-0.0,0.0
133,C#CC#[Pt] + O[Pt] <=> C#CC=[Pt] + O=[Pt],1.511584522222148e-08,-3.917959023806832e-11,1.511596621579839e-08,-3.906443076858281e-11,1.5087142068920788e-08,-6.790188173191863e-11,-1.515502936865929e-08,1.5113253248898222e-08,-4.175766865933641e-11,-7.631392199649653e-13,-7.631392199649653e-13,0.0,-6.690305484704967e-10,5.690928744376302e-07,0.0
134,C#CC#[Pt] + O.[Pt] <=> C#CC=[Pt] + O[Pt],7.583626156407264e-09,4.3722619312992784e-08,7.674490767119465e-09,4.381348177941313e-08,-1.3489119102635486e-08,2.2649867261540102e-08,3.613898428292079e-08,9.802312249119827e-09,4.594129718663544e-08,1.0716423088869725e-11,1.0716423088869725e-11,0.0,4.234161964421678e-08,-5.690928744376302e-07,0.0
135,C#CC=[Pt] + O=C=[Pt] <=> C#CC#[Pt] + O=C[Pt],1.1634902244631918e-08,-2.281940033119743e-11,1.1634990466965368e-08,-2.272839608353909e-11,1.1615007745886456e-08,-4.27014044624921e-11,-1.1657724626985523e-08,1.1634914742752733e-08,-2.2794867376004836e-11,-5.682951638036976e-13,-5.682951638036976e-13,0.0,-1.5292461045770977e-09,-0.0,0.0
136,C#CC=[Pt] + C=O.[Pt] <=> C#CC#[Pt] + CO[Pt],1.577415399393187e-08,3.623287015397774e-11,1.577405834153699e-08,3.6140517314085854e-11,1.5795726385589078e-08,5.780024360945063e-11,-1.573792403095649e-08,1.5776629256875368e-08,3.8715719286801975e-11,-4.059251170026411e-13,-4.059251170026411e-13,0.0,-8.601942873328067e-10,-0.0,0.0
137,C#CC#[Pt] + C=O.[Pt] <=> C#CC=[Pt] + O=C[Pt],8.736684714974993e-09,-6.6006529883628934e-12,8.736721368892458e-09,-6.558089286604508e-12,8.72803756415251e-09,-1.5248969649840222e-11,-8.743293470239142e-09,8.733302798327707e-09,-9.975223591752548e-12,6.494801872042258e-14,6.494801872042258e-14,0.0,-2.1982979218213884e-09,1.1381857488752605e-06,0.0
138,CC#[Pt] + C#CC=[Pt] <=> CC=[Pt] + C#CC#[Pt],1.162958769516964e-08,-2.8135283362896833e-11,1.1629690412893265e-08,-2.8019850796738034e-11,1.1607009440700142e-08,-5.070121554461643e-11,-1.1657724626985523e-08,1.1629171407698255e-08,-2.854296651501472e-11,-4.383991263628524e-13,-4.383991263628524e-13,0.0,-2.3894616606836984e-09,-5.690928744376302e-07,0.0
139,C#C.[Pt] + C#CC=[Pt] <=> C=C[Pt] + C#CC#[Pt],1.5146304544256444e-08,-8.72229144890811e-12,1.5146319937237206e-08,-8.712551832023318e-12,1.5144226018223675e-08,-1.0809396207481677e-11,-1.515502936865929e-08,1.514434217125833e-08,-1.0686328639877483e-11,9.742202808063387e-14,9.742202808063387e-14,0.0,-1.911424700885158e-10,-1.7072786233128908e-06,0.0
140,C#CO[Pt] + C#[Pt] <=> C#CC=[Pt] + O=[Pt],1.1067834850138367e-08,-6.98962003946285e-12,1.1067884681250431e-08,-6.936895887996826e-12,1.1056493324832559e-08,-1.833736856626356e-11,-1.107482996468832e-08,1.1069154621516726e-08,-5.669087466996003e-12,-1.0716423088869726e-12,-1.0716423088869726e-12,0.0,-1.0513580261951167e-09,-5.690928744376302e-07,0.0
141,C#CC=[Pt] + C~[Pt] <=> C#CC#[Pt] + C#[Pt],1.8637516522792976e-08,-1.4827895463143787e-11,1.8637584026327836e-08,-1.4773457454300407e-11,1.8622302584941624e-08,-3.0047547791035374e-11,-1.8652355187702873e-08,1.8637871382439214e-08,-1.4478888896543798e-11,-6.170061778440145e-13,-6.170061778440145e-13,0.0,3.8232747772462006e-10,-5.690928744376302e-07,0.0
142,C#CC=[Pt] + C~[Pt] <=> C#CC#[Pt] + C#[Pt],1.3978842066585351e-08,-1.0419602217344282e-11,1.397892379195824e-08,-1.0334317594234179e-11,1.3960104048288877e-08,-2.916821198844262e-11,-1.39892611214347e-08,1.3980380409402508e-08,-8.869060183558206e-12,-1.6237004680105646e-14,-1.6237004680105646e-14,0.0,-6.690305484704967e-10,-0.0,0.0
143,[Pt] + C#CO.[Pt] <=> C#C.[Pt] + O[Pt],8.750033174488888e-09,6.742095552399242e-12,8.750052563723227e-09,6.771167999887687e-12,8.745943374491927e-09,2.6594546224756505e-12,-8.743293470239142e-09,8.7514067892603e-09,8.118449299426332e-12,3.7345110764242984e-13,3.7345110764242984e-13,0.0,-2.0071341829590785e-09,-5.690928744376302e-07,0.0
144,C~[Pt] + C#CO.[Pt] <=> C#CC#[Pt] + O[Pt],1.2242226109585047e-08,1.6383763667543612e-12,1.2242251956473643e-08,1.6572788810913919e-12,1.2236412795432173e-08,-4.182206865989935e-12,-1.2240598211912909e-08,1.2243916350377162e-08,3.3184902245830263e-12,-2.2731806552147904e-13,-2.2731806552147904e-13,0.0,-1.0513580261951167e-09,-0.0,0.0
145,C#CO.[Pt] + [Pt] <=> C#CO[Pt] + [Pt],1.1046154468453474e-08,-2.8665692978033138e-11,1.1046247989920789e-08,-2.8576222992533e-11,1.1023370399964944e-08,-5.147331527372227e-11,-1.107482996468832e-08,1.1045765097599215e-08,-2.905654238310495e-11,-1.234012355688029e-12,-1.234012355688029e-12,0.0,-1.0513580261951167e-09,-5.690928744376302e-07,0.0
146,C[Pt] + C#CO.[Pt] <=> C#CO[Pt] + C.[Pt],1.688294533560003e-08,-2.0744909391997665e-11,1.6883029184868192e-08,-2.0668635188468358e-11,1.6864268326765152e-08,-3.9419980613792306e-11,-1.690369227818108e-08,1.6883594661070993e-08,-2.008871760952939e-11,-2.2731806552147904e-13,-2.2731806552147904e-13,0.0,-9.556060065736081e-11,1.7072786233128908e-06,0.0
147,C#[Pt] + C#CO.[Pt] <=> C#CO[Pt] + C=[Pt],1.1039014594759995e-08,-3.58085424618687e-11,1.1039089799244585e-08,-3.5738035300106516e-11,1.1021427308874482e-08,-5.3403564596486855e-11,-1.107482996468832e-08,1.103656743783806e-08,-3.8261402172722156e-11,-5.195841497633807e-13,-5.195841497633807e-13,0.0,-1.2425004962836326e-09,-5.690928744376302e-07,0.0
148,C=[Pt] + C#CO.[Pt] <=> C#CO[Pt] + C[Pt],1.7452359575533697e-08,-3.421731361645979e-11,1.7452466994374854e-08,-3.4116269537895654e-11,1.742767436666887e-08,-5.889405155901724e-11,-1.7486586940478284e-08,1.745208078553938e-08,-3.448859483405931e-11,-1.5749894539702474e-12,-1.5749894539702474e-12,0.0,-1.911424700885158e-10,5.690928744376302e-07,0.0
149,C~[Pt] + C#CO.[Pt] <=> C#CO[Pt] + C#[Pt],1.1060893651191142e-08,-1.3932092557580251e-11,1.1060950963452575e-08,-1.3873791775993653e-11,1.1046438958143549e-08,-2.8374665044639402e-11,-1.107482996468832e-08,1.106158007818401e-08,-1.3234455062325165e-11,-5.682951638036976e-13,-5.682951638036976e-13,0.0,-1.0513580261951167e-09,-5.690928744376302e-07,0.0
150,[Pt] + C#CO.[Pt] <=> C#CO[Pt] + [H][H].[Pt],1.5731749352778427e-08,-6.164538415917488e-12,1.5731795086830273e-08,-6.12009415374464e-12,1.5722295617635635e-08,-1.5613572299695755e-11,-1.573792403095649e-08,1.5732721876567586e-08,-5.1950174349127135e-12,-6.657171918843314e-13,-6.657171918843314e-13,0.0,-9.556060065736081e-11,-0.0,0.0
151,O=[Pt] + C#CO.[Pt] <=> C#CO[Pt] + O[Pt],1.981033080144127e-08,-7.791127902335488e-12,1.981040493283354e-08,-7.718184503368482e-12,1.97942124533137e-08,-2.391364438758347e-11,-1.9818123434927462e-08,1.981207126330519e-08,-6.044392909061941e-12,-5.682951638036976e-13,-5.682951638036976e-13,0.0,-9.556060065736081e-11,5.690928744376302e-07,0.0
152,O=[Pt] + C#CO.[Pt] <=> C#CO[Pt] + O[Pt],1.1655564418242263e-08,-2.1569991015543027e-12,1.1655604559626979e-08,-2.1071117202447698e-12,1.1646176282622387e-08,-1.1538601507192743e-11,-1.1657724626985523e-08,1.1656910051276585e-08,-8.098696381422861e-13,-3.247400936021129e-14,-3.247400936021129e-14,0.0,-2.1982979218213884e-09,-5.690928744376302e-07,0.0
153,O[Pt] + C#CO.[Pt] <=> C#CO[Pt] + O.[Pt],1.3984280787764035e-08,-4.9740635019448946e-12,1.3984323611754051e-08,-4.936323524393646e-12,1.3973965517870243e-08,-1.529186407923499e-11,-1.39892611214347e-08,1.3985437041352646e-08,-3.812313174669786e-12,-2.1108106084137338e-13,-2.1108106084137338e-13,0.0,-9.557761567639617e-10,-0.0,0.0
154,O=C=[Pt] + C#CO.[Pt] <=> C#CO[Pt] + O=C[Pt],6.976401628827262e-09,-1.8222517000016132e-11,6.976454939750408e-09,-1.8170879160537763e-11,6.963541398396137e-09,-3.107701409650982e-11,-6.99463056071735e-09,6.97536366040301e-09,-1.9259095053383633e-11,-1.1365903276073952e-13,-1.1365903276073952e-13,0.0,-2.4850435301148533e-09,5.690928744376302e-07,0.0
155,C=O.[Pt] + C#CO.[Pt] <=> C#CO[Pt] + CO[Pt],1.1068555046093536e-08,-6.270620338944749e-12,1.1068620453462793e-08,-6.2029580977992094e-12,1.1054945630184924e-08,-1.9881568024475228e-11,-1.107482996468832e-08,1.1069841324621066e-08,-4.9777353368745395e-12,-4.059251170026411e-13,-4.059251170026411e-13,0.0,-1.3380823657147875e-09,-1.1381857488752605e-06,0.0
156,O=C[Pt] + C#CO.[Pt] <=> C#CO[Pt] + C=O.[Pt],4.654874801685533e-09,-8.191881833771806e-12,4.654919019730465e-09,-8.15617963622835e-12,4.645275568899782e-09,-1.780118819882895e-11,-4.6630729888983555e-09,4.655451672908665e-09,-7.604873431336101e-12,1.2989603744084517e-13,1.2989603744084517e-13,0.0,-3.4408409556526096e-09,-1.1381857488752605e-06,0.0
157,CC#[Pt] + C#CO.[Pt] <=> CC=[Pt] + C#CO[Pt],1.338566136013113e-08,-2.0697761870652217e-11,1.338574174020856e-08,-2.062128436329432e-11,1.3368105197048209e-08,-3.826183102013355e-11,-1.3406366459137497e-08,1.3385404192454593e-08,-2.095784600168209e-11,-9.255092667660218e-13,-9.255092667660218e-13,0.0,-6.690305484704967e-10,-0.0,0.0
158,C#C.[Pt] + C#CO.[Pt] <=> C=C[Pt] + C#CO[Pt],5.238519120319594e-09,-7.437521492244618e-12,5.2385609741503615e-09,-7.398566433443715e-12,5.229671511396963e-09,-1.6299883170012052e-11,-5.245967651195558e-09,5.239086884042484e-09,-6.874015465207697e-12,-2.4355507020158465e-13,-2.4355507020158465e-13,0.0,-3.4408409556526096e-09,-5.690928744376302e-07,0.0
159,C#[Pt] + C#CO.[Pt] <=> C#CC=[Pt] + O[Pt],8.144050364072968e-09,-1.6348403026534525e-11,8.144125440769575e-09,-1.627684615357617e-11,8.125317820790639e-09,-3.508764324492068e-11,-8.16039880794194e-09,8.14431962665403e-09,-1.6078875254824902e-11,-2.2731806552147904e-13,-2.2731806552147904e-13,0.0,-1.8159917128705626e-09,-0.0,0.0
160,C#CC#[Pt] + C#CO.[Pt] <=> C#CO[Pt] + C#CC=[Pt],2.737703235290208e-08,-1.861148405111609e-11,2.7377098835484178e-08,-1.8549685761930078e-11,2.736207777492546e-08,-3.358633821610378e-11,-2.7395648657942016e-08,2.7376667805601638e-08,-1.8962801283331577e-11,-6.981912012445427e-13,-6.981912012445427e-13,0.0,-1.6248279740082527e-09,1.1381857488752605e-06,0.0
161,O=[Pt] + C#CO.[Pt] <=> C#CO[Pt] + O[Pt],5.814290952133367e-09,-1.454501033507109e-11,5.814358848543545e-09,-1.448935250325617e-11,5.798341972510883e-09,-3.0497939299680444e-11,-5.828841236122944e-09,5.814481657924228e-09,-1.4360371388522976e-11,2.5979207488169034e-13,2.5979207488169034e-13,0.0,-4.301035242985416e-09,-5.690928744376302e-07,0.0
162,O=[Pt] + C#CO.[Pt] <=> C#CO[Pt] + O[Pt],8.147378166072712e-09,-1.301271589134399e-11,8.14748006322933e-09,-1.2914937566219347e-11,8.123013224381023e-09,-3.73824952175408e-11,-8.16039880794194e-09,8.150416717853167e-09,-9.975223591752548e-12,-1.1365903276073952e-12,-1.1365903276073952e-12,0.0,-2.5806253995460087e-09,-0.0,0.0
163,2 C#C.[Pt] <=> C#CC=C[Pt] + [Pt],9.880157217035998e-09,-2.8901430584760383e-11,9.880298447635621e-09,-2.875378858693565e-11,9.846907823979753e-09,-6.213258097832225e-11,-9.909061717463731e-09,9.882198710258015e-09,-2.6863968484719736e-11,-1.2015383463278177e-12,-1.2015383463278177e-12,0.0,2.6762285377509576e-09,5.690928744376302e-07,0.0
164,C#C.[Pt] + C#CC#[Pt] <=> C#CC=C[Pt] + C~[Pt],1.1060310044124023e-08,-1.4509649694062005e-11,1.1060389781256704e-08,-1.4430163971788619e-11,1.1041739388994528e-08,-3.3093052278063946e-11,-1.107482996468832e-08,1.106141360470417e-08,-1.3412231324356397e-11,-1.2177753510079234e-12,-1.2177753510079234e-12,0.0,-1.8159917128705626e-09,-5.690928744376302e-07,0.0
165,C#C.[Pt] + C#CO[Pt] <=> C#CC=C[Pt] + O=[Pt],7.002812952907313e-09,8.191881833771806e-12,7.002842973671745e-09,8.22720587398941e-12,6.995274787193249e-09,6.434164409215284e-13,-6.99463056071735e-09,7.004850275519658e-09,1.0232011525797664e-11,2.4355507020158465e-13,2.4355507020158465e-13,0.0,-3.72756529517228e-09,-5.690928744376302e-07,0.0
166,C#C.[Pt] + C#CC=[Pt] <=> C#CC=C[Pt] + C#[Pt],1.3392726730794763e-08,-1.3637420549171192e-11,1.3392800165161054e-08,-1.3577849118655904e-11,1.337487212474115e-08,-3.1505958390457505e-11,-1.3406366459137497e-08,1.339416485933117e-08,-1.2187550408141233e-11,-7.469022152848597e-13,-7.469022152848597e-13,0.0,-1.1469398956262717e-09,-0.0,0.0
167,C#C.[Pt] + C#CO.[Pt] <=> C#CC=C[Pt] + O[Pt],5.238519120319594e-09,-7.437521492244618e-12,5.2385609741503615e-09,-7.398566433443715e-12,5.229671511396963e-09,-1.6299883170012052e-11,-5.245967651195558e-09,5.239086884042484e-09,-6.874015465207697e-12,-2.4355507020158465e-13,-2.4355507020158465e-13,0.0,-3.4408409556526096e-09,-5.690928744376302e-07,0.0
