,Reaction,SYNGAS Selec,SYNGAS Yield,CO Selectivity,CO % Yield,H2 Selectivity,H2 % Yield,CH4 Conversion,H2O+CO2 Selectivity,H2O+CO2 yield,Exit Temp,Peak Temp,Dist to peak temp,O2 Conversion,Max CH4 Conv,Dist to 50 CH4 Conv
0,[H][H] + 2 [Pt] <=> 2 [Pt],0.10570038851226053,0.09569757265087052,0.0005794040203444976,-0.009412907885248782,0.9427137595029752,0.9326273071394826,-0.009992254010072055,-0.004349303391330346,-0.014341122807960285,-0.0004524017174713069,-0.0004524017174713069,0.0,-0.014241448844892196,-0.023238790641138363,0.0
1,O=C=O + [Pt] <=> O=C=O.[Pt],-5.782069368907705e-06,-5.12892945959047e-06,-6.557230942734784e-06,-5.904091008874317e-06,3.900628228554702e-07,1.0432028101895518e-06,6.53139952183006e-07,2.379105789219312e-07,8.910505310283481e-07,2.426006265249488e-08,2.426006265249488e-08,0.0,7.691623017127613e-07,1.459692051331825e-06,0.0
2,[C-]#[O+] + [Pt] <=> O=C=[Pt],0.010799030207993039,0.007828418921919825,0.012322813188206234,0.00935215664136048,-0.0013339110414135379,-0.004304161943837802,-0.0029702905234947207,-0.0004479496089012948,-0.003418226826995566,-9.725289978512893e-05,-9.725289978512893e-05,0.0,-0.003187970693582336,-0.00471777766925326,0.0
3,[O][O] + 2 [Pt] <=> 2 O=[Pt],0.34881493758621296,-1.9102110838376034,0.6084121217469366,-1.6564578829313907,-1.7181968513944497,-3.9306908492881054,-2.2511735916650766,-0.018428121978138496,-2.269186864627807,-0.06697821836496418,-0.06697821836496418,0.0,-2.2566636291574027,-4.0168770076243066,0.0
4,O=C=[Pt] + O=[Pt] <=> O=C=O.[Pt] + [Pt],-0.364395503800546,-0.32260670555120036,-0.4133206866736812,-0.3715524084443018,0.025165461984809085,0.06711764845956947,0.04194163166938325,0.014988449645341014,0.05693636771506397,0.0015530148430913742,0.0015530148430913742,0.0,0.049250194733659255,0.07612122757301688,0.0
5,C=[Pt] + [Pt] <=> C[Pt] + [Pt],0.004043724820963698,0.09633968661582534,-0.002135923551094445,0.09015433490849788,0.0532484420373951,0.14558981596293463,0.09229222975107454,7.517129486024519e-05,0.09236747042320055,0.0027334941681448717,0.0027334941681448717,0.0,0.09225856525847903,0.17420565036215102,0.0
6,C[Pt] + [Pt] <=> C + 2 [Pt],-8.826777423791589e-11,3.950742843373141e-10,-1.1498087350454298e-10,3.683771642082504e-10,1.2445197496773513e-10,6.078004274080808e-10,4.83349053523653e-10,-1.6564496628008e-10,3.177083001419862e-10,1.0084716817926674e-11,1.0084716817926674e-11,0.0,2.8035741675150047e-10,-4.964938950108249e-09,0.0
7,C=[Pt] + [Pt] <=> C#[Pt] + [Pt],4.770999091733136e-09,-1.3793484793143623e-08,-6.596082083755669e-10,-1.9224062263677714e-08,4.801166493702996e-08,2.9447195049912947e-08,-1.8564471330095732e-08,-2.2445218089325477e-10,-1.8788924050817728e-08,-5.436922954464718e-10,-5.436922954464718e-10,0.0,-1.8799019394750167e-08,-4.6339430201010315e-08,0.0
8,O=C=[Pt] + [Pt] <=> C~[Pt] + O=[Pt],-8.00770907804721e-06,-0.00012282108140589974,-2.619303417078181e-07,-0.00011507531154903438,-6.9682553527145e-05,-0.00018449585501755054,-0.00011481338150499708,2.2600604308885713e-07,-0.00011458737572288636,-3.3925648712325403e-06,-3.3925648712325403e-06,0.0,-0.00011456140356817424,-0.0002218913965785878,0.0
9,C#[Pt] + [Pt] <=> C~[Pt] + [Pt],-1.4562835149649435e-08,1.0691119202908995e-07,-2.0987971175278738e-08,1.0048606869668486e-07,3.659662785044827e-08,1.5807067184725252e-07,1.2147403265200399e-07,4.093697485501169e-09,1.2556772904775725e-07,3.696064471140154e-09,3.696064471140154e-09,0.0,1.2443650897518382e-07,2.3831706960519592e-07,0.0
10,C~[Pt] + [H][H] <=> C=[Pt],4.894523653459853e-06,4.419826411989398e-06,2.6343193882619817e-08,-4.4835400337410314e-07,4.365683326459158e-05,4.31821358568051e-05,-4.7469720227999923e-07,-2.0157161057868575e-07,-6.762688115278297e-07,-2.1318650146736204e-08,-2.1318650146736204e-08,0.0,-6.716921589986804e-07,-1.097251507973923e-06,0.0
11,C + O=[Pt] + [Pt] <=> C[Pt] + O[Pt],6.643408616241094e-06,5.7281871394574156e-05,3.6912619177792372e-06,5.432972323387862e-05,3.014952655912026e-05,8.078800126536947e-05,5.0638459428576724e-05,-2.3485968756949358e-07,5.040359962151725e-05,1.4934410336278628e-06,1.4934410336278628e-06,0.0,5.0457767110766844e-05,0.0001080701711473562,0.0
12,O=C=[Pt] + O[Pt] <=> O=C=O.[Pt] + [Pt],-0.00045960460477389563,-0.0004092251826479245,-0.0005215041907093563,-0.0004711247997630834,3.326350662686798e-05,8.364317706959243e-05,5.0379653676054325e-05,1.8897116881803473e-05,6.927678008017407e-05,1.8836333186380917e-06,1.8836333186380917e-06,0.0,5.958450752467456e-05,9.234951945166345e-05,0.0
13,O[Pt] + [Pt] <=> [Pt] + O=[Pt],-1.7367867241817407e-05,5.587450896794188e-05,-8.383325980610643e-06,6.485905683919814e-05,-8.890621129049453e-05,-1.5663887436968186e-05,7.324238894681813e-05,9.873214099480388e-07,7.422971107772296e-05,2.1987088183188624e-06,2.1987088183188624e-06,0.0,7.402139179045974e-05,0.00012325460943643727,0.0
14,C + O[Pt] + [Pt] <=> C[Pt] + O.[Pt],-0.00024083958091393153,0.0012133810926932037,-8.63015313252379e-05,0.0013679213896420914,-0.0014713304715354477,-1.7127692002113683e-05,0.001454224175970788,1.0373595816445384e-05,0.0014645979226423859,4.339788471958099e-05,4.339788471958099e-05,0.0,0.0014620975441060613,0.0026357437603625657,0.0
15,O + [Pt] <=> O.[Pt],-1.7492197526256332e-10,1.5597458369502382e-10,-1.7036568933080696e-10,1.6056053900781825e-10,-2.1118099694844247e-10,1.1974451221456508e-10,3.30909235142255e-10,-1.4515998867786033e-10,1.857539228306444e-10,1.7648254431371677e-11,1.7648254431371677e-11,0.0,1.52563597062833e-10,-6.619918600144331e-09,0.0
16,O.[Pt] + [Pt] <=> [Pt] + O[Pt],-3.745263012160023e-10,1.3855491002347519e-10,-3.833826764708846e-10,1.2973943663790364e-10,-3.039687343904681e-10,2.0914176112479797e-10,5.130919138188257e-10,-3.794946616003038e-10,1.3359515449182085e-10,1.3819213514565144e-11,1.3819213514565144e-11,0.0,3.6211654232282606e-11,-6.619918600144331e-09,0.0
17,O.[Pt] + O=[Pt] <=> 2 O[Pt],-2.0139521490442921e-10,9.232427045920785e-11,-2.0878578679587296e-10,8.495080109963599e-11,-1.4250893350654936e-10,1.5123199061414674e-10,2.9372759602583395e-10,-1.9358536090079453e-10,1.0013868229611442e-10,1.6119789538654667e-11,1.6119789538654667e-11,0.0,4.3850050046904713e-11,-6.619918600144331e-09,0.0
18,[H] + [Pt] <=> [Pt],3.343642866220128e-10,3.455162913751105e-10,2.7602594698278588e-11,3.875219375888478e-11,2.7769377392920343e-09,2.788110961658779e-09,1.1152040736962152e-11,2.6244925952957148e-11,3.7391773714511746e-11,4.884784708683232e-13,4.884784708683232e-13,0.0,7.055300167044992e-11,-6.619918600144331e-09,0.0
19,C + [Pt] <=> C.[Pt],0.0011951886997855204,0.0139065093510064,0.00041183816735523236,0.013123059245599243,0.007432524403860152,0.020144637893386504,0.012711168728785159,-3.798636882525446e-05,0.012673177531443099,0.00037533484083877047,0.00037533484083877047,0.0,0.012676707145820403,0.02581126783943935,0.0
20,[CH3] + [Pt] <=> C[Pt],-4.803721469919531e-07,1.246370017859158e-07,-5.039369389608937e-07,1.0107222041194858e-07,-2.9274026601081335e-07,3.122689101044774e-07,6.050091536861067e-07,-4.1425455636111334e-07,1.9075458866387783e-07,4.4555381917502005e-09,4.4555381917502005e-09,0.0,4.278468714818987e-07,2.4659196785537636e-07,0.0
21,[H][H] + [Pt] <=> [H][H].[Pt],2.9272592346417785e-07,2.686177487047374e-07,2.0627700432763463e-09,-2.2045371778828543e-08,2.6070968875135127e-06,2.5829887437985094e-06,-2.4108163035429438e-08,-1.194011744949876e-08,-3.604828484942071e-08,-1.1148181721117098e-09,-1.1148181721117098e-09,0.0,-3.5744061816889965e-08,-6.78541656514794e-08,0.0
22,[OH] + [Pt] <=> O[Pt],-1.823054025812994e-09,1.1886089244110186e-09,-1.8251043182820574e-09,1.1865573642181783e-09,-1.806629492001693e-09,1.205053865185104e-09,3.011663748470823e-09,-1.4423560986995972e-09,1.5693136431261915e-09,5.538715564845665e-11,5.538715564845665e-11,0.0,2.485276241511451e-09,-0.0,0.0
23,[CH]=O + [Pt] <=> O=C[Pt],-3.4221937380308893e-12,1.2671344646023143e-10,-1.2254514204441832e-11,1.17886861173276e-10,6.690411040563957e-11,1.9705986655782755e-10,1.3013573690747374e-10,-4.854150021387649e-12,1.2527590144392298e-10,1.1203490089915414e-11,1.1203490089915414e-11,0.0,1.354007817756574e-10,-4.964938950108249e-09,0.0
24,O=C=O + 2 [Pt] <=> O=C=[Pt] + O=[Pt],-0.4779725642201298,-0.4239389757354746,-0.5421146112919603,-0.4881158475095894,0.03275087792927723,0.08706175397544669,0.054293094581022515,0.019658648609370298,0.07396241647907022,0.0020157299811097837,0.0020157299811097837,0.0,0.06388040159926983,0.09916187577555469,0.0
25,O + 2 [Pt] <=> [Pt] + O[Pt],-0.09129955237950349,0.4818076836841829,-0.021646471588144072,0.5518603161105791,-0.6459039468764063,-0.07597809331707638,0.5736309585611661,0.0038892143982424995,0.5775424826972381,0.017118875285255145,0.017118875285255145,0.0,0.5767861912596848,1.0723891971909159,0.0
26,CC + 2 [Pt] <=> 2 C[Pt],-0.0010231396849798412,0.00030693260760659025,-0.001081546766679854,0.0002485247490718151,-0.0005580802243997812,0.0007719982539044365,0.0013300859012400149,-0.0009099179193128501,0.00042015587924105064,1.1888428298818966e-05,1.1888428298818966e-05,0.0,0.00041673427840183965,0.0015670869907819665,0.0
27,C=O + 2 [Pt] <=> O=C[Pt] + [Pt],2.9701847859344575e-06,8.189136229622554e-06,2.682748489933725e-06,7.901699931915542e-06,5.2588623400957045e-06,1.0477813921443955e-05,5.218951301182536e-06,2.246870102714186e-06,7.465821525404971e-06,2.123064208365576e-07,2.123064208365576e-07,0.0,6.696419051156756e-06,1.0816946992635836e-05,0.0
28,C=O + 2 [Pt] <=> C=[Pt] + O=[Pt],-1.0605463505711832e-07,-4.0797549038513347e-07,-8.89359592876974e-08,-3.9085678527143444e-07,-2.42360040621225e-07,-5.442808644104423e-07,-3.0192084104041234e-07,-6.386552925543807e-08,-3.6578636590295617e-07,-1.0559659707940936e-08,-1.0559659707940936e-08,0.0,-3.4381793215511654e-07,-6.255823077136393e-07,0.0
29,CO + 2 [Pt] <=> C[Pt] + O[Pt],-0.0005146055745916506,0.0003857220301550981,-0.0005525284587905022,0.0003477988045530517,-0.00021264910705675292,0.0006876812163136429,0.0009003322379152264,-0.0004986116669298783,0.0004017160818224853,1.4329055118635794e-05,1.4329055118635794e-05,0.0,0.0005287266360074106,0.0012241503825997397,0.0
30,CC=O + 2 [Pt] <=> C[Pt] + O=C[Pt],1.0074441880697317e-08,8.82513941734634e-09,1.0674440294772041e-08,9.425176821795662e-09,5.29712499551017e-09,4.047851296989118e-09,-1.2492859173259986e-09,4.9868610894364964e-09,3.737575049985863e-09,1.0495984175657745e-10,1.0495984175657745e-10,0.0,2.893443194815435e-09,-9.929877900216497e-09,0.0
31,C=C + 2 [Pt] <=> 2 C=[Pt],-2.882976579618872e-10,-2.8028059210851314e-11,-2.933299597112078e-10,-3.304621412070902e-11,-2.4814909358291255e-10,1.2125748993710764e-11,2.602714738149475e-10,-2.501048540924062e-10,1.016512737593686e-11,8.256861894677463e-12,8.256861894677463e-12,0.0,-4.9618139067411534e-11,-3.3099593000721655e-09,0.0
32,C.[Pt] + [Pt] <=> C[Pt] + [Pt],-2.572704756784111e-05,9.897897488678766e-05,-6.895601790608144e-06,0.00011781044418244927,-0.00017567020099850208,-5.09643655173927e-05,0.0001247060545489223,1.520791219890641e-06,0.00012622684766144327,3.7420412466210325e-06,3.7420412466210325e-06,0.0,0.00012601471409894654,0.00022747033297885943,0.0
33,O=C[Pt] + [Pt] <=> O=C=[Pt] + [Pt],3.379157435328429e-08,-1.9905441531811598e-07,-1.2471602723988597e-08,-2.453175571078504e-07,4.021566744494098e-07,1.6931069298408817e-07,-2.3284598307493588e-07,-2.1996499532324472e-09,-2.3504563814372832e-07,-6.98295731476296e-09,-6.98295731476296e-09,0.0,-2.3514386590109426e-07,-4.931839357107527e-07,0.0
34,C[Pt] + [H][H].[Pt] <=> C.[Pt] + [Pt],2.8191333035260367e-06,2.5474852160465655e-06,1.5226692944339337e-08,-2.5642137145293103e-07,2.5144907188483103e-05,2.4873259076892566e-05,-2.7164807498538665e-07,-1.1602374284481937e-07,-3.8767182105048964e-07,-1.2197921955013123e-08,-1.2197921955013123e-08,0.0,-3.85038000795355e-07,-6.305472466637475e-07,0.0
35,C#[Pt] + [H][H].[Pt] <=> C=[Pt] + [Pt],5.105907737669955e-08,4.710301290720507e-08,3.041873794623745e-10,-3.651848999241899e-09,4.5518898831050526e-07,4.5123293181899435e-07,-3.956057774044205e-09,-2.128115110811998e-09,-6.084168426648856e-09,-1.8807996865433245e-10,-1.8807996865433245e-10,0.0,-6.050191009141908e-09,-1.654979650036083e-08,0.0
36,C=[Pt] + [H][H].[Pt] <=> C[Pt] + [Pt],2.4735545412192177e-11,2.2921550378371491e-10,-5.432701574021281e-11,1.5016199696450181e-10,6.54380999104091e-10,8.588889477100373e-10,2.0449901514031586e-10,-5.389500059631598e-11,1.5060539916756893e-10,8.052016084313329e-12,8.052016084313329e-12,0.0,1.5066185654108553e-10,-6.619918600144331e-09,0.0
37,C~[Pt] + [H][H].[Pt] <=> C#[Pt] + [Pt],1.2117934831646063e-09,1.15230162703942e-09,3.7162712457118385e-11,-2.2317209936185493e-11,1.0564711270066307e-08,1.0505240216800818e-08,-5.948572059034537e-11,-2.7661687442453064e-11,-8.715346914122913e-11,2.300576024089522e-12,2.300576024089522e-12,0.0,-7.441935016920925e-11,-1.6549796500360828e-09,0.0
38,[H][H].[Pt] + O=[Pt] <=> [Pt] + O[Pt],0.0010864186369810398,0.000982983520348353,6.212091531488165e-06,-9.72219077693656e-05,0.009687435135744937,0.009583991122761431,-0.00010343399290035819,-4.470598265844589e-05,-0.00014813992931784158,-4.671650175022223e-06,-4.671650175022223e-06,0.0,-0.00014711015629251554,-0.0002405728068681951,0.0
39,[H][H].[Pt] + O[Pt] <=> O.[Pt] + [Pt],-8.88870423592798e-07,-7.965277118911504e-07,4.269281147302513e-09,9.661201695369532e-08,-8.000389311002518e-06,-7.908046585636837e-06,9.234272085887072e-08,3.654315618971927e-08,1.2888588043098314e-07,4.067812344840976e-09,4.067812344840976e-09,0.0,1.2821118100730386e-07,2.5486686610555674e-07,0.0
40,O=C=[Pt] + [H][H].[Pt] <=> O=C[Pt] + [Pt],8.287824820460252e-07,7.60209571262008e-07,4.934417858014612e-09,-6.363848247324243e-08,7.388574999318049e-06,7.320002095076596e-06,-6.857290583740479e-08,-3.3877391706442665e-08,-1.0245029379054673e-07,-3.237225613294518e-09,-3.237225613294518e-09,0.0,-1.0162255385115694e-07,-1.8535772080404126e-07,0.0
41,C.[Pt] + O=C=[Pt] <=> C[Pt] + O=C[Pt],-3.17412902095808e-10,-3.855815408196724e-11,-3.2943487208227504e-10,-5.056070760468481e-11,-2.2160993339825268e-10,5.727388132291594e-11,2.78862293373158e-10,-3.128023564021477e-10,-3.394357792116116e-11,1.4544052535853624e-11,1.4544052535853624e-11,0.0,-1.2782525341629966e-10,-1.6549796500360828e-09,0.0
42,O=C[Pt] + C#[Pt] <=> C=[Pt] + O=C=[Pt],2.663282380581552e-11,1.0676889873966057e-09,1.8202144876955943e-11,1.0592853782346209e-09,9.390015733000541e-11,1.1349744912540017e-09,1.0410613852801483e-09,-1.5305669206193594e-10,8.880065560756947e-10,2.585784421596511e-11,2.585784421596511e-11,0.0,8.506595371823193e-10,-1.6549796500360828e-09,0.0
43,C=[Pt] + O=C[Pt] <=> C[Pt] + O=C=[Pt],8.193050977173847e-09,8.719893272102912e-08,3.247785558544309e-09,8.22536792571508e-08,4.756923965586772e-08,1.2657514616036402e-07,7.900589730161912e-08,-2.5768801190093767e-11,7.898012989524838e-08,2.3491402385158505e-09,2.3491402385158505e-09,0.0,7.900114602574105e-08,1.6053302605350002e-07,0.0
44,O=C[Pt] + C~[Pt] <=> C#[Pt] + O=C=[Pt],-1.8341539909943793e-10,1.0285436533032378e-10,-1.915616080362096e-10,9.473248047936586e-11,-1.1843298878813036e-10,1.6787474556211503e-10,2.8628881720458553e-10,-1.7558552230473985e-10,1.1070118539544856e-10,8.288376634733485e-12,8.288376634733485e-12,0.0,5.909540794851675e-11,-4.964938950108249e-09,0.0
45,O=C[Pt] + O=[Pt] <=> O=C=[Pt] + O[Pt],-8.130458521758049e-08,1.6053546528824324e-07,1.269220393816074e-08,2.54532273607316e-07,-8.297428305159379e-07,-5.87902753053016e-07,2.418400671643264e-07,3.853219641857879e-09,2.4569328219644326e-07,7.316493566145858e-09,7.316493566145858e-09,0.0,2.456686637555422e-07,4.964938950108248e-07,0.0
46,O=C[Pt] + O[Pt] <=> O=C=[Pt] + O.[Pt],-2.8242850704329535e-09,2.197914603274071e-08,9.243775657633932e-10,2.572784360315563e-08,-3.267254683095883e-08,-7.869106771010772e-09,2.4803437627924838e-08,2.6941693898610878e-11,2.4830380996487236e-08,7.41951525138899e-10,7.41951525138899e-10,0.0,2.480334859527671e-08,4.6339430201010315e-08,0.0
47,C.[Pt] + O=[Pt] <=> C[Pt] + O[Pt],-7.760240992968687e-09,1.3731255455535398e-07,1.5991362655601192e-08,1.6106418534182727e-07,-1.9687950835752532e-07,-5.180668150447493e-08,1.4507280478054049e-07,-2.70392414110024e-10,1.4480240611165294e-07,4.327304714462251e-09,4.327304714462251e-09,0.0,1.450436749676566e-07,3.1941107245696395e-07,0.0
48,C=[Pt] + C.[Pt] <=> 2 C[Pt],2.03113759034429e-08,3.437265471276947e-07,-7.833508599513639e-10,3.226318187403788e-07,1.8827569538035447e-07,5.116908857226078e-07,3.234151740619248e-07,-2.206431827903477e-11,3.2339310596662074e-07,9.598349834642104e-09,9.598349834642104e-09,0.0,3.2311341590816685e-07,6.156524298134228e-07,0.0
49,C.[Pt] + C#[Pt] <=> C=[Pt] + C[Pt],1.023750143310629e-09,7.3556627208154085e-09,9.516009491100684e-10,7.283539807870165e-09,1.5982494094140567e-09,7.9301959874601e-09,6.331920395620156e-09,-1.0084554733428313e-10,6.231069258588624e-09,1.9194052431119502e-10,1.9194052431119502e-10,0.0,6.223705185671595e-09,4.964938950108249e-09,0.0
50,C.[Pt] + C~[Pt] <=> C[Pt] + C#[Pt],-2.6260460756599723e-10,3.4839347343097306e-11,-2.6678516509898037e-10,3.0666886704017977e-11,-2.2917836156468636e-10,6.828134243474741e-11,2.9745311293136854e-10,-2.4749197429620475e-10,4.996679257427727e-11,1.520586207703006e-11,1.520586207703006e-11,0.0,-7.654112678438206e-12,-4.964938950108249e-09,0.0
51,C.[Pt] + O[Pt] <=> C[Pt] + O.[Pt],-0.002097891068075114,0.009518899371412608,-0.0008101220038634311,0.010806818036199468,-0.012351599504170538,-0.0007360002414991869,0.011617034152209275,9.003043413884467e-05,0.011707075045220077,0.0003468719198070314,0.0003468719198070314,0.0,0.011684663990708923,0.020766241114106555,0.0
52,C#[Pt] + O[Pt] <=> C=[Pt] + O=[Pt],1.4746307467100683e-06,1.6781001926827053e-05,1.2011192641930842e-06,1.6507490410947487e-05,3.652433545621023e-06,1.8958805085280218e-05,1.5306370961898544e-05,-6.036565225162029e-09,1.5300334399892365e-05,4.533978852470737e-07,4.533978852470737e-07,0.0,1.5306297714963097e-05,3.271894768121336e-05,0.0
53,C=[Pt] + O[Pt] <=> C[Pt] + O=[Pt],-1.2798440166510782e-05,0.0014170199475014686,-0.00011401097197527247,0.0013158059685661218,0.0007930943400214115,0.002222924250516764,0.001429818570680348,4.189318782906931e-06,0.0014340079493640192,4.241306338476495e-05,4.241306338476495e-05,0.0,0.0014308357443316194,0.0025075722063858715,0.0
54,C~[Pt] + O[Pt] <=> C#[Pt] + O=[Pt],1.5635701752309007e-10,6.711467530307902e-11,1.499681103129901e-10,6.073894155386319e-11,2.07227933417943e-10,1.179903351449505e-10,-8.924083587533889e-11,1.6822300767899878e-10,7.898803895400116e-11,-1.1818027521007821e-12,-1.1818027521007821e-12,0.0,1.2395890491754032e-10,-6.619918600144331e-09,0.0
55,2 C=[Pt] <=> C[Pt] + C#[Pt],2.213308232964921e-09,2.5689379943444197e-08,8.022914690393367e-10,2.4278392590202506e-08,1.3448401589322683e-08,3.69245063724253e-08,2.347607517045028e-08,-4.4703470113233866e-10,2.30290383866122e-08,6.980199775008059e-10,6.980199775008059e-10,0.0,2.2926503585813923e-08,3.80645319508299e-08,0.0
56,C[Pt] + C~[Pt] <=> C=[Pt] + C#[Pt],2.6438191413147804e-07,2.6171469608030978e-06,1.1992189762347237e-07,2.4726869591585564e-06,1.4146277411461148e-06,3.767392831209951e-06,2.3527650417661175e-06,-4.331039873389018e-09,2.3484339953766256e-06,6.955623004975371e-08,6.955623004975371e-08,0.0,2.3488996782457717e-06,4.865640171106083e-06,0.0
57,C=[Pt] + C~[Pt] <=> 2 C#[Pt],-1.1046770460068622e-11,9.304845913993517e-11,-1.780297503316305e-11,8.631671128329198e-11,4.2848030328077356e-11,1.469781112203314e-10,1.0410613852801482e-10,-6.7354234746527194e-12,9.736987080405596e-11,8.650796145377724e-12,8.650796145377724e-12,0.0,8.771581695762553e-11,-1.6549796500360828e-09,0.0
58,C#[Pt] + O.[Pt] <=> C=[Pt] + O[Pt],-5.96429286934975e-07,4.572480062121277e-06,1.6078220017761307e-07,5.329691628892389e-06,-6.625635942906783e-06,-1.4567268553594427e-06,5.168909398298026e-06,2.4363234438924684e-08,5.19327262859977e-06,1.540903287896022e-07,1.540903287896022e-07,0.0,5.193340599302429e-06,1.0533945472479666e-05,0.0
59,C=[Pt] + O.[Pt] <=> C[Pt] + O[Pt],1.7319137366239847e-09,1.143456934527694e-07,-4.497227086600445e-09,1.0811657172201306e-07,5.13306888606627e-08,1.639444899104302e-07,1.1261379756143665e-07,2.953715449617102e-10,1.1290917155607624e-07,3.326349298172945e-09,3.326349298172945e-09,0.0,1.1275770039503911e-07,2.0521747660447427e-07,0.0
60,C~[Pt] + O.[Pt] <=> C#[Pt] + O[Pt],-1.1695746060130438e-08,1.0539836187505061e-07,6.482977308516953e-09,1.2357708878272088e-07,-1.5644169463388295e-07,-3.934757308589729e-08,1.1709411154502647e-07,4.1698077707647447e-10,1.1751109007873807e-07,3.5037300125782584e-09,3.5037300125782584e-09,0.0,1.1753946190990308e-07,2.3831706960519592e-07,0.0
61,CO + 2 [Pt] <=> CO[Pt] + [Pt],-0.0001431872971391106,-0.0002885111283456095,-0.00012605668793881931,-0.0002713805440246898,-0.0002795877409964585,-0.0004249113739620366,-0.00014532403929005665,-0.00013970028078197358,-0.000285024117050925,-7.750211158037487e-06,-7.750211158037487e-06,0.0,-0.0002489192169485793,-0.0003489541141897581,0.0
62,C=O + [Pt] <=> CO[Pt],-1.4057237055109472e-09,2.2449594657874802e-08,-2.9785654573981923e-09,2.087679155509203e-08,1.111798124720938e-08,3.497333521789301e-08,2.385533034043574e-08,-3.1885610856996916e-09,2.06667678967326e-08,6.31681449682882e-10,6.31681449682882e-10,0.0,2.1686725934272728e-08,3.971951160086599e-08,0.0
63,C.[Pt] + O=[Pt] <=> CO[Pt] + [Pt],0.022582009186561065,2.8130339354139173,-0.1696768937093306,2.6154113514858057,1.5534207203502142,4.38658032062982,2.7898219283832164,0.003949055791747388,2.7938811557994114,0.08264492493467473,0.08264492493467473,0.0,2.7893488372828847,5.062496930490624,0.0
64,CO[Pt] + [Pt] <=> C[Pt] + O=[Pt],-1.1491832961750359e-10,5.239602968397274e-11,-1.1983078710662664e-10,4.749842509616577e-11,-7.58034695094776e-11,9.152418860714056e-11,1.673173760238948e-10,-1.0737194042523973e-10,5.993964137437673e-11,1.0226533148178767e-11,1.0226533148178767e-11,0.0,2.667151789591301e-11,-3.3099593000721655e-09,0.0
65,C=O + [Pt] <=> C=O.[Pt],0.00018437526158452655,-0.002031019917199912,0.00032710737659029366,-0.0018882909642460983,-0.0009521122752002259,-0.0031674822763236863,-0.0022153910941420008,-0.00020414786695103015,-0.002419534438417505,-7.075568214354439e-05,-7.075568214354439e-05,0.0,-0.0023455629418343183,-0.0033088190190932905,0.0
66,O=C[Pt] + [Pt] <=> C=O.[Pt] + [Pt],8.745400311117808e-05,0.00032452455662484845,5.5249025370587344e-05,0.0002923195025584019,0.00034388231869245806,0.0005809534801651005,0.00023707034620392198,9.68474918634213e-05,0.00033391806766105265,9.493157997126604e-06,9.493157997126604e-06,0.0,0.0003001737039800199,0.00043274407889143493,0.0
67,C=O.[Pt] + C[Pt] <=> C.[Pt] + O=C[Pt],-3.35658691507382e-11,9.071148269456111e-10,-9.007267525186642e-11,8.506095514670503e-10,4.16362872358137e-10,1.357053308267207e-09,9.40680763657668e-10,4.698538513524983e-11,9.876709512180769e-10,4.438851136890537e-11,4.438851136890537e-11,0.0,8.563804756113778e-10,-6.619918600144331e-09,0.0
68,C=O.[Pt] + [Pt] <=> C=[Pt] + O=[Pt],-3.166859075711486e-11,1.0588812872255978e-10,-4.1094535418478386e-11,9.647291442305654e-11,4.340424027206724e-11,1.8098721915748399e-10,1.375745157287221e-10,-1.9439825683739056e-11,1.1813595699449445e-10,1.9696712535013033e-11,1.9696712535013033e-11,0.0,9.508702608737403e-12,-3.3099593000721655e-09,0.0
69,C=O.[Pt] + C#[Pt] <=> C=[Pt] + O=C[Pt],-1.9096904952638693e-10,1.0275650199509036e-10,-1.9760903116967193e-10,9.612042147243564e-11,-1.3811884787720069e-10,1.5561743328818317e-10,2.9372759602583395e-10,-1.9158795945658718e-10,1.0213837948482331e-10,1.7632497061343668e-11,1.7632497061343668e-11,0.0,4.957098847596325e-11,-1.6549796500360828e-09,0.0
70,C=O.[Pt] + C=[Pt] <=> C[Pt] + O=C[Pt],-2.6987455281259137e-11,1.477540635354166e-10,-3.696312753522194e-11,1.3780271288335664e-10,5.258170434790022e-11,2.273413482220492e-10,1.747561548451432e-10,-2.8161037803504904e-11,1.4659318621842865e-10,2.3541510821847578e-11,2.3541510821847578e-11,0.0,1.3158158386834633e-10,-1.1584857550252579e-08,0.0
71,C=O.[Pt] + C~[Pt] <=> O=C[Pt] + C#[Pt],-1.5027508771923205e-10,6.163432853000754e-11,-1.568537901184175e-10,5.5099054343928844e-11,-9.779362693793456e-11,1.141530728051686e-10,2.119255389717434e-10,-1.3554459102783887e-10,7.63858688943351e-11,2.037427944621748e-11,2.037427944621748e-11,0.0,2.8588975281476587e-11,-8.274898250180414e-09,0.0
72,C=O.[Pt] + [Pt] <=> O=C[Pt] + [H][H].[Pt],9.191021894640054e-07,8.325002187929155e-07,5.434318211888642e-09,-8.116764847628781e-08,8.19407428714066e-06,8.107472310808454e-06,-8.660196891721795e-08,-3.7171559587105275e-08,-1.2377352638233165e-07,-3.882489915941545e-09,-3.882489915941545e-09,0.0,-1.2311857135988517e-07,-2.0852743590454642e-07,0.0
73,C=O.[Pt] + O=[Pt] <=> O=C[Pt] + O[Pt],0.0013028864810760812,0.01289342621353938,0.0004097505251786987,0.01200018673972154,0.008414375598228859,0.020005739579943643,0.01159038872285835,0.0032505832775436287,0.01484134875563849,0.0004262059356238479,0.0004262059356238479,0.0,0.013706469240784712,0.02024019921242399,0.0
74,C=O.[Pt] + O[Pt] <=> O=C[Pt] + O.[Pt],-2.89118097880326e-08,1.5997877949210147e-07,-7.556325059983853e-09,1.813342924672819e-07,-1.9895220484916272e-07,-1.0061564981468552e-08,1.8889060666987383e-07,3.141773118149044e-09,1.920323823488911e-07,5.701237079314565e-09,5.701237079314565e-09,0.0,1.909673294421378e-07,3.39270828257397e-07,0.0
75,C=O.[Pt] + O=C=[Pt] <=> 2 O=C[Pt],-1.1245364086317046e-10,3.2255755292935035e-10,-1.2625742159169223e-10,3.087838247439051e-10,-2.5228093888112306e-12,4.325142837268442e-10,4.350153736702698e-10,-1.302027034444936e-10,3.048128169891583e-10,1.0447136328570913e-11,1.0447136328570913e-11,0.0,2.2885325402615754e-10,-4.964938950108249e-09,0.0
76,C=O.[Pt] + [Pt] <=> CO[Pt] + [Pt],0.03154552207464631,1.054538965413051,-0.037445088617120474,0.9848428078658512,0.580875076976885,1.6094863534695016,1.0226708364839456,0.0005870418186596917,1.023263881808079,0.03027944274819561,0.03027944274819561,0.0,1.0220795360984545,1.906461240372674,0.0
77,C=O.[Pt] + [H][H].[Pt] <=> CO[Pt] + [Pt],-1.6029342690051418e-10,1.0739522408515444e-10,-1.6785091931491173e-10,9.986565907278267e-11,-9.997873743218051e-11,1.6774318228189395e-10,2.6769799764637503e-10,-1.6102307224057692e-10,1.066761538745858e-10,2.8835987151259083e-12,2.8835987151259083e-12,0.0,5.909540794851675e-11,-4.964938950108249e-09,0.0
78,C=O.[Pt] + O=C[Pt] <=> CO[Pt] + O=C=[Pt],8.136125270308347e-05,0.001336292139667457,-5.544748549173946e-09,0.0012549243211664937,0.0007292347268646258,0.0019841737442161337,0.0012549298659510876,-1.1213139039257377e-06,0.0012538085379729174,3.7118511010285694e-05,3.7118511010285694e-05,0.0,0.0012532662112379738,0.0024370700732943345,0.0
79,C=O.[Pt] + O[Pt] <=> CO[Pt] + O=[Pt],-0.00016432296647526235,0.00695143632213302,-0.0006699114934243986,0.006445811818670345,0.00386136571327984,0.010977411460695792,0.0071157709814548085,2.0957045178237883e-05,0.007136729517889237,0.00021106590984247176,0.00021106590984247176,0.0,0.007120541651005347,0.012255715136252256,0.0
80,C=O.[Pt] + C[Pt] <=> C=[Pt] + CO[Pt],-3.3756944589707224e-07,-5.370076637359846e-06,-9.54387154619743e-09,-5.042051058343436e-06,-2.9494340565310087e-06,-7.981941075422217e-06,-5.0325071948955655e-06,-1.1186260983497801e-09,-5.033625816509173e-06,-1.4897523436058957e-07,-1.4897523436058957e-07,0.0,-5.0293892228267335e-06,-9.799134507863646e-06,0.0
81,C=O.[Pt] + C.[Pt] <=> CO[Pt] + C[Pt],-2.6308336005784615e-10,1.3473823994937183e-10,-2.722338334667534e-10,1.255976444681081e-10,-1.9010461299939747e-10,2.077384194691063e-10,3.9783373455384876e-10,-2.639937618091039e-10,1.3383870735454823e-10,2.7102676448177936e-12,2.7102676448177936e-12,0.0,6.101286533408032e-11,-6.619918600144331e-09,0.0
82,C=O.[Pt] + C=[Pt] <=> CO[Pt] + C#[Pt],1.0675187600098802e-08,1.2308447826310578e-07,3.7034778522182766e-09,1.1611280821441985e-07,6.618659957789262e-08,1.7859590304897204e-07,1.1240929854629633e-07,-9.926620665746801e-11,1.1231003151376692e-07,3.3353309990889112e-09,3.3353309990889112e-09,0.0,1.1237241719545136e-07,2.184573138047629e-07,0.0
83,C=O.[Pt] + C#[Pt] <=> CO[Pt] + C~[Pt],0.00039933171273475577,0.007942617312830915,-9.820608971513943e-05,0.007445041979846919,0.004360917453592053,0.011904501886228408,0.0075432554774940335,-2.8714679626114138e-06,0.007540383792931838,0.000223198123091747,0.000223198123091747,0.0,0.007535201238331363,0.014440948611180249,0.0
84,C=O.[Pt] + O.[Pt] <=> CO[Pt] + O[Pt],-7.610391463019988e-11,1.432523501146793e-10,-8.655998062648896e-11,1.3282374995583646e-10,7.151270708441284e-12,2.2653004132735245e-10,2.193643177929918e-10,-7.536706612154509e-11,1.439910161587626e-10,1.8672483483192356e-11,1.8672483483192356e-11,0.0,1.2776238596103527e-10,-9.929877900216497e-09,0.0
85,2 C=O.[Pt] <=> CO[Pt] + O=C[Pt],-1.008926547637086e-10,1.1845378096653084e-10,-1.0881369941794277e-10,1.105726324478924e-10,-3.776268226874134e-11,1.8162310834521928e-10,2.193643177929918e-10,-1.0314488155494044e-10,1.162131712361205e-10,1.6702812229691053e-11,1.6702812229691053e-11,0.0,8.771581695762553e-11,-6.619918600144331e-09,0.0
86,[CH]C + 2 [Pt] <=> C[Pt] + C#[Pt],-1.9235211228061703e-10,6.791715465199306e-11,-1.9752919720091337e-10,6.276577601993334e-11,-1.5103086443410855e-10,1.0926330422361798e-10,2.602714738149475e-10,-1.9000861877977206e-10,7.025859161098351e-11,4.821755228571191e-12,4.821755228571191e-12,0.0,3.2392456324971546e-11,-3.3099593000721655e-09,0.0
87,C.[Pt] + C~[Pt] <=> CC#[Pt] + [Pt],2.3115120718818156e-07,-2.771985233740059e-07,2.7014044709645814e-07,-2.3820925035805765e-07,-7.92958918831492e-08,-5.876455906946104e-07,-5.083497229577545e-07,-6.005568341819713e-08,-5.684054015403066e-07,-1.6605478955028032e-08,-1.6605478955028032e-08,0.0,-5.538074290244654e-07,-1.2428897171770981e-06,0.0
88,CC#[Pt] + [Pt] <=> C[Pt] + C~[Pt],-1.5578960716238028e-10,7.470887011719236e-11,-1.6138436784546685e-10,6.913267994052328e-11,-1.1120225951626196e-10,1.193278951605316e-10,2.3051635852995394e-10,-1.5510054470252022e-10,7.541165744342565e-11,3.576922996358367e-12,3.576922996358367e-12,0.0,3.2392456324971546e-11,-1.1584857550252579e-08,0.0
89,CO[Pt] + C~[Pt] <=> CC#[Pt] + O=[Pt],1.812876102467762e-10,9.946829393124748e-11,1.7292037633108146e-10,9.114145854491549e-11,2.478908532517744e-10,1.6612056849250045e-10,-8.180205705409051e-11,1.90867965912745e-10,1.0906040821496947e-10,6.539308561624327e-12,6.539308561624327e-12,0.0,1.621037333992026e-10,-3.3099593000721655e-09,0.0
90,[CH]C + 2 [Pt] <=> CC#[Pt] + [Pt],-1.2078748053609542e-10,1.0972437146370982e-10,-1.2895181803729425e-10,1.0158406220705953e-10,-5.576004688498523e-11,1.7478181777372244e-10,2.3051635852995394e-10,-1.173473348471823e-10,1.1317516973788968e-10,1.1282276940055466e-11,1.1282276940055466e-11,0.0,8.771581695762553e-11,-3.3099593000721655e-09,0.0
91,OC#[Pt] + [Pt] <=> O=C=[Pt] + [Pt],-1.7254730261564205e-06,2.6835311058813262e-06,-2.040338933406311e-06,2.3686652099206687e-06,7.816093953304559e-07,5.190613654688593e-06,4.40900421989568e-06,8.455573985605002e-08,4.493559969704388e-06,1.3241409664482036e-07,1.3241409664482036e-07,0.0,4.4513277024467726e-06,8.844211249792826e-06,0.0
92,OC#[Pt] + [Pt] <=> C~[Pt] + O[Pt],-0.0004090078151830241,-0.007558288426792918,6.528657902279069e-05,-0.0070840279413489915,-0.004185520674555922,-0.011334531291549084,-0.007149309852837383,9.960664317897876e-06,-0.007139349900639699,-0.00021135122423980693,-0.00021135122423980693,0.0,-0.007136100693823415,-0.01362640734694409,0.0
93,C~[Pt] + O.[Pt] <=> OC#[Pt] + [Pt],1.8717449273914023e-10,2.5037355686118016e-10,1.8082393923818077e-10,2.4403527587672926e-10,2.378592096190998e-10,3.01082566785972e-10,6.321123749587998e-11,1.8431834722359995e-10,2.4752661996133764e-10,1.1628939080671695e-11,1.1628939080671695e-11,0.0,2.956184915169286e-10,-6.619918600144331e-09,0.0
94,CC=O + 2 [Pt] <=> CC=[Pt] + O=[Pt],-9.619766844631647e-06,-7.016112139210793e-06,-1.002085001087848e-05,-7.4171952869738015e-06,-6.426189724304153e-06,-3.822534926921805e-06,2.603654965478509e-06,-5.195207943777929e-06,-2.5915531160926163e-06,-6.480476844887747e-08,-6.480476844887747e-08,0.0,-1.759664929360902e-06,2.6264527046072635e-06,0.0
95,C.[Pt] + C#[Pt] <=> CC=[Pt] + [Pt],8.160091829282873e-06,-1.0527193184080923e-05,9.569097842898625e-06,-9.118187406478512e-06,-3.058951337615876e-06,-2.1746234242166464e-05,-1.8687283472831284e-05,-2.200335131604605e-06,-2.0887618197276554e-05,-6.105722149838181e-07,-6.105722149838181e-07,0.0,-2.0359103697508662e-05,-4.422767616756428e-05,0.0
96,CC=[Pt] + [Pt] <=> C[Pt] + C#[Pt],-1.2312804827402328e-10,1.3712610532906725e-10,-1.27674474537157e-10,1.326034418616984e-10,-8.680848054413447e-11,1.7348811218488167e-10,2.602714738149475e-10,-1.8622284627505346e-10,7.40528888408414e-11,1.6702812229691053e-12,1.6702812229691053e-12,0.0,2.8588975281476587e-11,-8.274898250180414e-09,0.0
97,CO[Pt] + C#[Pt] <=> CC=[Pt] + O=[Pt],-4.277847196650064e-06,5.884041803378712e-05,-8.58655598181116e-06,5.453170654136247e-05,3.0029735504295316e-05,9.314802240475875e-05,6.311826793229178e-05,1.8368757946031834e-06,6.495514488383894e-05,1.9162457170902637e-06,1.9162457170902637e-06,0.0,6.44788475991198e-05,0.00012839994116839944,0.0
98,CC=[Pt] + [Pt] <=> CC#[Pt] + [Pt],-8.339159145056617e-11,9.134563710687367e-11,-9.107059986134866e-11,8.369504496304905e-11,-2.2208668477881543e-11,1.5256955062972785e-10,1.747561548451432e-10,-7.216193357153793e-11,1.0259984806683306e-10,1.2984072903080592e-11,1.2984072903080592e-11,0.0,8.961755747937301e-11,-1.3239837200288662e-08,0.0
99,CC#[Pt] + C.[Pt] <=> CC=[Pt] + C[Pt],-2.9044317838832106e-11,6.016637850150624e-11,-3.2811761159775845e-11,5.6420902908757205e-11,9.535027611255046e-13,9.020855580492963e-11,8.922858088551806e-11,-3.3595827779603995e-11,5.563260127561912e-11,8.540494555181652e-12,8.540494555181652e-12,0.0,5.337446951945821e-11,-6.619918600144331e-09,0.0
100,CC=[Pt] + C#[Pt] <=> CC#[Pt] + C=[Pt],3.789237315115031e-11,1.1224924551273205e-10,3.249242528474153e-11,1.0684942565695918e-10,8.096827613224076e-11,1.5533237951437082e-10,7.436327823284213e-11,3.10990759743448e-11,1.0545838956094898e-10,1.6781599079831105e-11,1.6781599079831105e-11,0.0,1.0869783015211219e-10,-3.3099593000721655e-09,0.0
101,CC=[Pt] + C=[Pt] <=> CC#[Pt] + C[Pt],1.861992561816703e-10,2.1791033129755028e-09,5.927672180324468e-11,2.0521919277054442e-09,1.1968644762619328e-09,3.189773656173777e-09,1.992906444664599e-09,9.081208891686942e-12,2.0019917130472163e-09,6.250948690111736e-11,6.250948690111736e-11,0.0,2.006524852809385e-09,-4.964938950108249e-09,0.0
102,CC=[Pt] + C~[Pt] <=> CC#[Pt] + C#[Pt],6.062425072708606e-11,1.3125430521506208e-10,5.181224572431758e-11,1.2244723872193384e-10,1.3078879540104837e-10,2.01445309231864e-10,7.063776132730753e-11,5.7553032310998064e-11,1.2818571722492887e-10,1.5221619447058074e-11,1.5221619447058074e-11,0.0,1.4494091811202698e-10,-1.6549796500360828e-09,0.0
103,CC=[Pt] + C~[Pt] <=> CC#[Pt] + C#[Pt],6.062425072708606e-11,1.3125430521506208e-10,5.181224572431758e-11,1.2244723872193384e-10,1.3078879540104837e-10,2.01445309231864e-10,7.063776132730753e-11,5.7553032310998064e-11,1.2818571722492887e-10,1.5221619447058074e-11,1.5221619447058074e-11,0.0,1.4494091811202698e-10,-1.6549796500360828e-09,0.0
104,CC#[Pt] + [H][H].[Pt] <=> CC=[Pt] + [Pt],3.720542538585537e-07,3.406660474722729e-07,2.3162428940848335e-09,-2.9071944225696074e-08,3.316049392310846e-06,3.284661216185343e-06,-3.138819071853869e-08,-1.5226353788380012e-08,-4.6614543790269545e-08,-1.447629584473318e-09,-1.447629584473318e-09,0.0,-4.625172828977836e-08,-8.60589418018763e-08,0.0
105,CC#[Pt] + O[Pt] <=> CC=[Pt] + O=[Pt],-4.790716601767801e-10,1.5324223937530676e-09,-6.109294459250236e-10,1.4005646468638899e-09,5.708303196604687e-10,2.582324064179619e-09,2.0114972642228097e-09,-8.054637451757115e-11,1.9309511885611606e-09,6.112283833865245e-11,6.112283833865245e-11,0.0,1.893992107886146e-09,-8.274898250180414e-09,0.0
106,CC#[Pt] + O.[Pt] <=> CC=[Pt] + O[Pt],-6.500625809971985e-07,4.276229622080031e-06,3.746614141387756e-08,4.96375840846484e-06,-6.124428348805691e-06,-1.198136399474359e-06,4.926292242229161e-06,2.697931936767618e-08,4.953271561362417e-06,1.4692734352226922e-07,1.4692734352226922e-07,0.0,4.9511166163063244e-06,9.73459030151224e-06,0.0
107,CC#[Pt] + O=C[Pt] <=> CC=[Pt] + O=C=[Pt],-2.1738909444693626e-11,7.144414925380549e-10,-8.186973496192247e-11,6.543370703994525e-10,4.570655214736819e-10,1.1932570243919459e-09,7.361817485173521e-10,1.4690190854199466e-10,8.830842245342574e-10,2.473907094397637e-11,2.473907094397637e-11,0.0,9.097863788584682e-10,-6.619918600144331e-09,0.0
108,CC=[Pt] + C=O.[Pt] <=> CC#[Pt] + CO[Pt],6.753069871135047e-10,1.0007739532974027e-08,8.4703840852852e-11,9.417135576359623e-09,5.37797408379727e-09,1.4710419269720993e-08,9.332432103354016e-09,-4.3617673397923474e-11,9.288811357272077e-09,2.914955881481649e-10,2.914955881481649e-10,0.0,9.277397523955933e-09,1.3239837200288662e-08,0.0
109,CC#[Pt] + C=O.[Pt] <=> CC=[Pt] + O=C[Pt],-2.2155601428339877e-10,1.8742785963904482e-10,-2.3099958860294748e-10,1.7800894006355262e-10,-1.463030799101946e-10,2.6268801617478294e-10,4.089857752908109e-10,-2.2445218089325477e-10,1.845361585170076e-10,1.3062859753220643e-11,1.3062859753220643e-11,0.0,1.1632050910291821e-10,-3.3099593000721655e-09,0.0
110,CC=[Pt] + C~[Pt] <=> CC#[Pt] + C#[Pt],-1.4415769476782968e-10,1.1610506092092877e-10,-1.5272238223516107e-10,1.0755441155820097e-10,-7.582333415033439e-11,1.8445171886997278e-10,2.602714738149475e-10,-1.4121163698582254e-10,1.1905889415851393e-10,1.9854286235293138e-11,1.9854286235293138e-11,0.0,9.153501486493658e-11,-1.6549796500360828e-09,0.0
111,CC=[Pt] + C~[Pt] <=> CC#[Pt] + C#[Pt],-1.78911579361304e-10,1.8173221352845982e-10,-1.9038405699702057e-10,1.702761259593067e-10,-8.754347225583539e-11,2.7312536973898964e-10,3.6065209543742765e-10,-1.8525898395023247e-10,1.7539651687887016e-10,2.4108776142855955e-12,2.4108776142855955e-12,0.0,1.3348332439009382e-10,-3.3099593000721655e-09,0.0
